fecha,sintomas_nuevos,ingreso_nuevos,muertes_nuevas,sintomas_acumulados,ingreso_acumulados,muertes_acumuladas,estado
2020-03-10,1,0,0,1,0,0,Aguascalientes
2020-03-11,0,0,0,1,0,0,Aguascalientes
2020-03-12,1,0,0,2,0,0,Aguascalientes
2020-03-13,0,0,0,2,0,0,Aguascalientes
2020-03-14,1,1,0,3,1,0,Aguascalientes
2020-03-15,1,0,0,4,1,0,Aguascalientes
2020-03-16,2,0,0,6,1,0,Aguascalientes
2020-03-17,2,1,0,8,2,0,Aguascalientes
2020-03-18,4,2,0,12,4,0,Aguascalientes
2020-03-19,2,1,0,14,5,0,Aguascalientes
2020-03-20,3,2,0,17,7,0,Aguascalientes
2020-03-21,0,1,0,17,8,0,Aguascalientes
2020-03-22,5,1,0,22,9,0,Aguascalientes
2020-03-23,9,4,0,31,13,0,Aguascalientes
2020-03-24,5,0,0,36,13,0,Aguascalientes
2020-03-25,5,17,0,41,30,0,Aguascalientes
2020-03-26,4,4,0,45,34,0,Aguascalientes
2020-03-27,5,6,0,50,40,0,Aguascalientes
2020-03-28,2,5,0,52,45,0,Aguascalientes
2020-03-29,2,3,0,54,48,0,Aguascalientes
2020-03-30,3,4,0,57,52,0,Aguascalientes
2020-03-31,1,1,0,58,53,0,Aguascalientes
2020-04-01,1,0,0,59,53,0,Aguascalientes
2020-04-02,2,0,0,61,53,0,Aguascalientes
2020-04-03,1,1,0,62,54,0,Aguascalientes
2020-04-04,0,0,0,62,54,0,Aguascalientes
2020-04-05,2,3,0,64,57,0,Aguascalientes
2020-04-06,4,4,0,68,61,0,Aguascalientes
2020-04-07,5,1,0,73,62,0,Aguascalientes
2020-04-08,2,1,0,75,63,0,Aguascalientes
2020-04-09,3,0,0,78,63,0,Aguascalientes
2020-04-10,2,2,1,80,65,1,Aguascalientes
2020-04-11,6,1,0,86,66,1,Aguascalientes
2020-04-12,6,2,0,92,68,1,Aguascalientes
2020-04-13,5,5,1,97,73,2,Aguascalientes
2020-04-14,8,0,0,105,73,2,Aguascalientes
2020-04-15,11,11,0,116,84,2,Aguascalientes
2020-04-16,5,5,0,121,89,2,Aguascalientes
2020-04-17,9,18,0,130,107,2,Aguascalientes
2020-04-18,8,11,0,138,118,2,Aguascalientes
2020-04-19,3,3,0,141,121,2,Aguascalientes
2020-04-20,5,15,0,146,136,2,Aguascalientes
2020-04-21,0,8,0,146,144,2,Aguascalientes
2020-04-22,0,2,0,146,146,2,Aguascalientes
2020-04-23,0,0,0,146,146,2,Aguascalientes
2020-04-24,0,0,0,146,146,2,Aguascalientes
2020-04-25,0,0,0,146,146,2,Aguascalientes
2020-01-17,1,0,0,1,0,0,Baja California
2020-01-18,0,0,0,1,0,0,Baja California
2020-01-19,0,0,0,1,0,0,Baja California
2020-01-20,0,0,0,1,0,0,Baja California
2020-01-21,0,0,0,1,0,0,Baja California
2020-01-22,0,0,0,1,0,0,Baja California
2020-01-23,0,0,1,1,0,1,Baja California
2020-01-24,0,0,0,1,0,1,Baja California
2020-01-25,0,0,0,1,0,1,Baja California
2020-01-26,0,0,0,1,0,1,Baja California
2020-01-27,0,0,0,1,0,1,Baja California
2020-01-28,0,0,0,1,0,1,Baja California
2020-01-29,0,0,0,1,0,1,Baja California
2020-01-30,0,0,0,1,0,1,Baja California
2020-01-31,0,0,0,1,0,1,Baja California
2020-02-01,0,0,0,1,0,1,Baja California
2020-02-02,0,0,0,1,0,1,Baja California
2020-02-03,0,0,0,1,0,1,Baja California
2020-02-04,0,0,0,1,0,1,Baja California
2020-02-05,0,0,0,1,0,1,Baja California
2020-02-06,1,0,0,2,0,1,Baja California
2020-02-07,1,0,0,3,0,1,Baja California
2020-02-08,0,0,0,3,0,1,Baja California
2020-02-09,0,0,0,3,0,1,Baja California
2020-02-10,0,0,0,3,0,1,Baja California
2020-02-11,0,0,0,3,0,1,Baja California
2020-02-12,0,1,0,3,1,1,Baja California
2020-02-13,0,0,0,3,1,1,Baja California
2020-02-14,0,0,0,3,1,1,Baja California
2020-02-15,0,0,0,3,1,1,Baja California
2020-02-16,0,0,0,3,1,1,Baja California
2020-02-17,0,0,0,3,1,1,Baja California
2020-02-18,0,0,0,3,1,1,Baja California
2020-02-19,0,0,0,3,1,1,Baja California
2020-02-20,0,0,0,3,1,1,Baja California
2020-02-21,0,0,0,3,1,1,Baja California
2020-02-22,0,0,0,3,1,1,Baja California
2020-02-23,0,0,0,3,1,1,Baja California
2020-02-24,0,0,0,3,1,1,Baja California
2020-02-25,0,0,0,3,1,1,Baja California
2020-02-26,0,0,0,3,1,1,Baja California
2020-02-27,0,0,0,3,1,1,Baja California
2020-02-28,0,0,0,3,1,1,Baja California
2020-02-29,0,0,0,3,1,1,Baja California
2020-03-01,0,0,0,3,1,1,Baja California
2020-03-02,0,0,0,3,1,1,Baja California
2020-03-03,0,0,0,3,1,1,Baja California
2020-03-04,0,0,0,3,1,1,Baja California
2020-03-05,0,0,0,3,1,1,Baja California
2020-03-06,0,0,0,3,1,1,Baja California
2020-03-07,0,0,0,3,1,1,Baja California
2020-03-08,0,0,0,3,1,1,Baja California
2020-03-09,1,0,0,4,1,1,Baja California
2020-03-10,0,0,0,4,1,1,Baja California
2020-03-11,2,1,0,6,2,1,Baja California
2020-03-12,2,0,0,8,2,1,Baja California
2020-03-13,4,0,0,12,2,1,Baja California
2020-03-14,4,0,0,16,2,1,Baja California
2020-03-15,2,0,0,18,2,1,Baja California
2020-03-16,5,1,0,23,3,1,Baja California
2020-03-17,5,3,0,28,6,1,Baja California
2020-03-18,11,4,0,39,10,1,Baja California
2020-03-19,10,5,0,49,15,1,Baja California
2020-03-20,16,6,0,65,21,1,Baja California
2020-03-21,6,3,0,71,24,1,Baja California
2020-03-22,6,2,0,77,26,1,Baja California
2020-03-23,15,10,0,92,36,1,Baja California
2020-03-24,20,9,0,112,45,1,Baja California
2020-03-25,17,8,0,129,53,1,Baja California
2020-03-26,24,11,0,153,64,1,Baja California
2020-03-27,25,17,0,178,81,1,Baja California
2020-03-28,24,7,0,202,88,1,Baja California
2020-03-29,36,20,1,238,108,2,Baja California
2020-03-30,40,29,2,278,137,4,Baja California
2020-03-31,32,43,2,310,180,6,Baja California
2020-04-01,55,63,2,365,243,8,Baja California
2020-04-02,62,26,5,427,269,13,Baja California
2020-04-03,50,37,2,477,306,15,Baja California
2020-04-04,53,25,5,530,331,20,Baja California
2020-04-05,48,18,2,578,349,22,Baja California
2020-04-06,51,65,9,629,414,31,Baja California
2020-04-07,50,37,5,679,451,36,Baja California
2020-04-08,73,72,5,752,523,41,Baja California
2020-04-09,76,60,4,828,583,45,Baja California
2020-04-10,88,49,6,916,632,51,Baja California
2020-04-11,58,39,9,974,671,60,Baja California
2020-04-12,64,38,11,1038,709,71,Baja California
2020-04-13,36,81,5,1074,790,76,Baja California
2020-04-14,40,111,10,1114,901,86,Baja California
2020-04-15,23,80,14,1137,981,100,Baja California
2020-04-16,34,65,9,1171,1046,109,Baja California
2020-04-17,19,61,11,1190,1107,120,Baja California
2020-04-18,4,19,6,1194,1126,126,Baja California
2020-04-19,5,11,12,1199,1137,138,Baja California
2020-04-20,5,41,6,1204,1178,144,Baja California
2020-04-21,1,17,5,1205,1195,149,Baja California
2020-04-22,0,5,7,1205,1200,156,Baja California
2020-04-23,1,6,6,1206,1206,162,Baja California
2020-04-24,0,0,0,1206,1206,162,Baja California
2020-04-25,0,0,0,1206,1206,162,Baja California
2020-03-13,1,0,0,1,0,0,Baja California Sur
2020-03-14,0,0,0,1,0,0,Baja California Sur
2020-03-15,0,0,0,1,0,0,Baja California Sur
2020-03-16,3,0,0,4,0,0,Baja California Sur
2020-03-17,1,0,0,5,0,0,Baja California Sur
2020-03-18,1,1,0,6,1,0,Baja California Sur
2020-03-19,0,0,0,6,1,0,Baja California Sur
2020-03-20,1,1,0,7,2,0,Baja California Sur
2020-03-21,4,1,0,11,3,0,Baja California Sur
2020-03-22,5,0,0,16,3,0,Baja California Sur
2020-03-23,5,4,0,21,7,0,Baja California Sur
2020-03-24,2,2,0,23,9,0,Baja California Sur
2020-03-25,5,0,0,28,9,0,Baja California Sur
2020-03-26,6,2,0,34,11,0,Baja California Sur
2020-03-27,8,4,0,42,15,0,Baja California Sur
2020-03-28,10,4,0,52,19,0,Baja California Sur
2020-03-29,4,1,1,56,20,1,Baja California Sur
2020-03-30,13,14,0,69,34,1,Baja California Sur
2020-03-31,13,7,1,82,41,2,Baja California Sur
2020-04-01,17,5,0,99,46,2,Baja California Sur
2020-04-02,17,11,0,116,57,2,Baja California Sur
2020-04-03,21,16,0,137,73,2,Baja California Sur
2020-04-04,19,6,1,156,79,3,Baja California Sur
2020-04-05,18,5,1,174,84,4,Baja California Sur
2020-04-06,13,18,0,187,102,4,Baja California Sur
2020-04-07,5,24,0,192,126,4,Baja California Sur
2020-04-08,7,23,1,199,149,5,Baja California Sur
2020-04-09,6,25,0,205,174,5,Baja California Sur
2020-04-10,12,9,0,217,183,5,Baja California Sur
2020-04-11,12,7,1,229,190,6,Baja California Sur
2020-04-12,10,5,1,239,195,7,Baja California Sur
2020-04-13,5,12,0,244,207,7,Baja California Sur
2020-04-14,5,15,0,249,222,7,Baja California Sur
2020-04-15,4,5,0,253,227,7,Baja California Sur
2020-04-16,3,9,1,256,236,8,Baja California Sur
2020-04-17,5,6,1,261,242,9,Baja California Sur
2020-04-18,1,4,0,262,246,9,Baja California Sur
2020-04-19,1,8,0,263,254,9,Baja California Sur
2020-04-20,2,2,1,265,256,10,Baja California Sur
2020-04-21,0,3,1,265,259,11,Baja California Sur
2020-04-22,1,0,1,266,259,12,Baja California Sur
2020-04-23,0,1,0,266,260,12,Baja California Sur
2020-04-24,0,6,0,266,266,12,Baja California Sur
2020-04-25,0,0,0,266,266,12,Baja California Sur
2020-02-23,1,0,0,1,0,0,Campeche
2020-02-24,0,0,0,1,0,0,Campeche
2020-02-25,0,0,0,1,0,0,Campeche
2020-02-26,0,0,0,1,0,0,Campeche
2020-02-27,0,0,0,1,0,0,Campeche
2020-02-28,0,0,0,1,0,0,Campeche
2020-02-29,0,0,0,1,0,0,Campeche
2020-03-01,0,0,0,1,0,0,Campeche
2020-03-02,0,0,0,1,0,0,Campeche
2020-03-03,0,0,0,1,0,0,Campeche
2020-03-04,0,0,0,1,0,0,Campeche
2020-03-05,0,0,0,1,0,0,Campeche
2020-03-06,0,0,0,1,0,0,Campeche
2020-03-07,0,0,0,1,0,0,Campeche
2020-03-08,0,0,0,1,0,0,Campeche
2020-03-09,0,0,0,1,0,0,Campeche
2020-03-10,0,0,0,1,0,0,Campeche
2020-03-11,0,0,0,1,0,0,Campeche
2020-03-12,1,1,0,2,1,0,Campeche
2020-03-13,0,0,0,2,1,0,Campeche
2020-03-14,0,0,0,2,1,0,Campeche
2020-03-15,0,0,0,2,1,0,Campeche
2020-03-16,0,0,0,2,1,0,Campeche
2020-03-17,0,0,0,2,1,0,Campeche
2020-03-18,1,0,0,3,1,0,Campeche
2020-03-19,0,0,0,3,1,0,Campeche
2020-03-20,1,0,0,4,1,0,Campeche
2020-03-21,0,0,0,4,1,0,Campeche
2020-03-22,0,0,0,4,1,0,Campeche
2020-03-23,1,1,0,5,2,0,Campeche
2020-03-24,0,0,0,5,2,0,Campeche
2020-03-25,2,0,0,7,2,0,Campeche
2020-03-26,0,1,0,7,3,0,Campeche
2020-03-27,3,3,0,10,6,0,Campeche
2020-03-28,2,0,0,12,6,0,Campeche
2020-03-29,0,1,0,12,7,0,Campeche
2020-03-30,2,0,0,14,7,0,Campeche
2020-03-31,3,0,0,17,7,0,Campeche
2020-04-01,1,1,0,18,8,0,Campeche
2020-04-02,2,2,0,20,10,0,Campeche
2020-04-03,4,1,0,24,11,0,Campeche
2020-04-04,6,0,0,30,11,0,Campeche
2020-04-05,1,3,0,31,14,0,Campeche
2020-04-06,7,2,2,38,16,2,Campeche
2020-04-07,4,0,0,42,16,2,Campeche
2020-04-08,6,0,0,48,16,2,Campeche
2020-04-09,2,2,0,50,18,2,Campeche
2020-04-10,4,2,1,54,20,3,Campeche
2020-04-11,7,17,0,61,37,3,Campeche
2020-04-12,4,5,0,65,42,3,Campeche
2020-04-13,3,4,0,68,46,3,Campeche
2020-04-14,3,6,1,71,52,4,Campeche
2020-04-15,5,4,0,76,56,4,Campeche
2020-04-16,3,4,0,79,60,4,Campeche
2020-04-17,1,2,1,80,62,5,Campeche
2020-04-18,2,8,1,82,70,6,Campeche
2020-04-19,3,3,2,85,73,8,Campeche
2020-04-20,0,3,0,85,76,8,Campeche
2020-04-21,0,5,1,85,81,9,Campeche
2020-04-22,2,3,0,87,84,9,Campeche
2020-04-23,0,2,1,87,86,10,Campeche
2020-04-24,0,1,1,87,87,11,Campeche
2020-04-25,0,0,0,87,87,11,Campeche
2020-02-18,1,1,0,1,1,0,Coahuila
2020-02-19,0,0,0,1,1,0,Coahuila
2020-02-20,0,0,0,1,1,0,Coahuila
2020-02-21,0,0,0,1,1,0,Coahuila
2020-02-22,0,0,0,1,1,0,Coahuila
2020-02-23,0,0,0,1,1,0,Coahuila
2020-02-24,0,0,0,1,1,0,Coahuila
2020-02-25,0,0,0,1,1,0,Coahuila
2020-02-26,0,0,0,1,1,0,Coahuila
2020-02-27,1,0,0,2,1,0,Coahuila
2020-02-28,0,1,0,2,2,0,Coahuila
2020-02-29,0,0,0,2,2,0,Coahuila
2020-03-01,0,0,0,2,2,0,Coahuila
2020-03-02,1,1,0,3,3,0,Coahuila
2020-03-03,0,0,0,3,3,0,Coahuila
2020-03-04,0,0,0,3,3,0,Coahuila
2020-03-05,0,0,0,3,3,0,Coahuila
2020-03-06,0,0,0,3,3,0,Coahuila
2020-03-07,0,0,0,3,3,0,Coahuila
2020-03-08,0,0,0,3,3,0,Coahuila
2020-03-09,0,0,0,3,3,0,Coahuila
2020-03-10,0,0,0,3,3,0,Coahuila
2020-03-11,0,0,0,3,3,0,Coahuila
2020-03-12,0,0,0,3,3,0,Coahuila
2020-03-13,1,0,0,4,3,0,Coahuila
2020-03-14,0,0,0,4,3,0,Coahuila
2020-03-15,0,0,0,4,3,0,Coahuila
2020-03-16,2,1,0,6,4,0,Coahuila
2020-03-17,3,2,0,9,6,0,Coahuila
2020-03-18,4,2,0,13,8,0,Coahuila
2020-03-19,2,3,0,15,11,0,Coahuila
2020-03-20,6,4,0,21,15,0,Coahuila
2020-03-21,8,0,0,29,15,0,Coahuila
2020-03-22,2,0,0,31,15,0,Coahuila
2020-03-23,10,1,0,41,16,0,Coahuila
2020-03-24,8,5,0,49,21,0,Coahuila
2020-03-25,7,0,0,56,21,0,Coahuila
2020-03-26,11,4,0,67,25,0,Coahuila
2020-03-27,18,3,0,85,28,0,Coahuila
2020-03-28,15,5,1,100,33,1,Coahuila
2020-03-29,13,11,0,113,44,1,Coahuila
2020-03-30,22,17,1,135,61,2,Coahuila
2020-03-31,11,13,1,146,74,3,Coahuila
2020-04-01,13,18,0,159,92,3,Coahuila
2020-04-02,11,16,2,170,108,5,Coahuila
2020-04-03,11,21,1,181,129,6,Coahuila
2020-04-04,16,10,1,197,139,7,Coahuila
2020-04-05,7,4,2,204,143,9,Coahuila
2020-04-06,13,26,1,217,169,10,Coahuila
2020-04-07,14,7,4,231,176,14,Coahuila
2020-04-08,10,19,0,241,195,14,Coahuila
2020-04-09,8,7,1,249,202,15,Coahuila
2020-04-10,9,11,1,258,213,16,Coahuila
2020-04-11,8,7,0,266,220,16,Coahuila
2020-04-12,8,5,0,274,225,16,Coahuila
2020-04-13,13,13,0,287,238,16,Coahuila
2020-04-14,9,14,4,296,252,20,Coahuila
2020-04-15,6,14,1,302,266,21,Coahuila
2020-04-16,9,4,3,311,270,24,Coahuila
2020-04-17,5,8,0,316,278,24,Coahuila
2020-04-18,6,6,0,322,284,24,Coahuila
2020-04-19,2,7,1,324,291,25,Coahuila
2020-04-20,2,7,3,326,298,28,Coahuila
2020-04-21,7,17,2,333,315,30,Coahuila
2020-04-22,1,9,1,334,324,31,Coahuila
2020-04-23,2,4,2,336,328,33,Coahuila
2020-04-24,0,8,0,336,336,33,Coahuila
2020-04-25,0,0,0,336,336,33,Coahuila
2020-03-12,1,0,0,1,0,0,Colima
2020-03-13,0,0,0,1,0,0,Colima
2020-03-14,0,1,0,1,1,0,Colima
2020-03-15,1,0,0,2,1,0,Colima
2020-03-16,0,1,0,2,2,0,Colima
2020-03-17,0,0,0,2,2,0,Colima
2020-03-18,0,0,0,2,2,0,Colima
2020-03-19,0,0,0,2,2,0,Colima
2020-03-20,0,0,0,2,2,0,Colima
2020-03-21,0,0,0,2,2,0,Colima
2020-03-22,0,0,0,2,2,0,Colima
2020-03-23,0,0,0,2,2,0,Colima
2020-03-24,1,1,0,3,3,0,Colima
2020-03-25,1,0,0,4,3,0,Colima
2020-03-26,0,0,0,4,3,0,Colima
2020-03-27,0,0,0,4,3,0,Colima
2020-03-28,2,0,0,6,3,0,Colima
2020-03-29,1,0,0,7,3,0,Colima
2020-03-30,0,1,0,7,4,0,Colima
2020-03-31,0,1,0,7,5,0,Colima
2020-04-01,0,2,0,7,7,0,Colima
2020-04-02,0,0,0,7,7,0,Colima
2020-04-03,0,0,0,7,7,0,Colima
2020-04-04,0,0,0,7,7,0,Colima
2020-04-05,0,0,0,7,7,0,Colima
2020-04-06,1,0,0,8,7,0,Colima
2020-04-07,0,0,0,8,7,0,Colima
2020-04-08,0,0,0,8,7,0,Colima
2020-04-09,0,0,0,8,7,0,Colima
2020-04-10,0,0,0,8,7,0,Colima
2020-04-11,2,0,0,10,7,0,Colima
2020-04-12,2,2,0,12,9,0,Colima
2020-04-13,0,0,1,12,9,1,Colima
2020-04-14,0,0,0,12,9,1,Colima
2020-04-15,2,1,0,14,10,1,Colima
2020-04-16,0,1,1,14,11,2,Colima
2020-04-17,0,2,0,14,13,2,Colima
2020-04-18,1,1,0,15,14,2,Colima
2020-04-19,0,1,0,15,15,2,Colima
2020-04-20,1,0,0,16,15,2,Colima
2020-04-21,0,0,0,16,15,2,Colima
2020-04-22,0,0,0,16,15,2,Colima
2020-04-23,0,1,0,16,16,2,Colima
2020-04-24,0,0,0,16,16,2,Colima
2020-04-25,0,0,0,16,16,2,Colima
2020-02-25,1,0,0,1,0,0,Chiapas
2020-02-26,0,0,0,1,0,0,Chiapas
2020-02-27,0,0,0,1,0,0,Chiapas
2020-02-28,0,0,0,1,0,0,Chiapas
2020-02-29,0,1,0,1,1,0,Chiapas
2020-03-01,0,0,0,1,1,0,Chiapas
2020-03-02,0,0,0,1,1,0,Chiapas
2020-03-03,0,0,0,1,1,0,Chiapas
2020-03-04,0,0,0,1,1,0,Chiapas
2020-03-05,0,0,0,1,1,0,Chiapas
2020-03-06,0,0,0,1,1,0,Chiapas
2020-03-07,0,0,0,1,1,0,Chiapas
2020-03-08,0,0,0,1,1,0,Chiapas
2020-03-09,0,0,0,1,1,0,Chiapas
2020-03-10,0,0,0,1,1,0,Chiapas
2020-03-11,0,0,0,1,1,0,Chiapas
2020-03-12,0,0,0,1,1,0,Chiapas
2020-03-13,1,0,0,2,1,0,Chiapas
2020-03-14,1,0,0,3,1,0,Chiapas
2020-03-15,0,0,0,3,1,0,Chiapas
2020-03-16,0,0,0,3,1,0,Chiapas
2020-03-17,0,0,0,3,1,0,Chiapas
2020-03-18,0,1,0,3,2,0,Chiapas
2020-03-19,0,0,0,3,2,0,Chiapas
2020-03-20,2,0,0,5,2,0,Chiapas
2020-03-21,2,0,0,7,2,0,Chiapas
2020-03-22,3,0,0,10,2,0,Chiapas
2020-03-23,4,3,0,14,5,0,Chiapas
2020-03-24,1,0,0,15,5,0,Chiapas
2020-03-25,4,2,0,19,7,0,Chiapas
2020-03-26,0,0,0,19,7,0,Chiapas
2020-03-27,3,5,0,22,12,0,Chiapas
2020-03-28,4,1,0,26,13,0,Chiapas
2020-03-29,1,0,0,27,13,0,Chiapas
2020-03-30,1,1,0,28,14,0,Chiapas
2020-03-31,2,2,0,30,16,0,Chiapas
2020-04-01,2,4,0,32,20,0,Chiapas
2020-04-02,2,3,0,34,23,0,Chiapas
2020-04-03,4,5,0,38,28,0,Chiapas
2020-04-04,3,1,0,41,29,0,Chiapas
2020-04-05,1,1,0,42,30,0,Chiapas
2020-04-06,2,5,1,44,35,1,Chiapas
2020-04-07,5,2,0,49,37,1,Chiapas
2020-04-08,4,4,0,53,41,1,Chiapas
2020-04-09,1,3,1,54,44,2,Chiapas
2020-04-10,2,3,0,56,47,2,Chiapas
2020-04-11,5,0,1,61,47,3,Chiapas
2020-04-12,2,0,0,63,47,3,Chiapas
2020-04-13,7,5,0,70,52,3,Chiapas
2020-04-14,4,4,0,74,56,3,Chiapas
2020-04-15,7,4,0,81,60,3,Chiapas
2020-04-16,12,3,0,93,63,3,Chiapas
2020-04-17,6,9,0,99,72,3,Chiapas
2020-04-18,4,3,0,103,75,3,Chiapas
2020-04-19,4,7,1,107,82,4,Chiapas
2020-04-20,6,8,0,113,90,4,Chiapas
2020-04-21,0,7,0,113,97,4,Chiapas
2020-04-22,1,6,1,114,103,5,Chiapas
2020-04-23,0,9,1,114,112,6,Chiapas
2020-04-24,0,2,0,114,114,6,Chiapas
2020-04-25,0,0,0,114,114,6,Chiapas
2020-03-12,1,0,0,1,0,0,Chihuahua
2020-03-13,1,0,0,2,0,0,Chihuahua
2020-03-14,0,1,0,2,1,0,Chihuahua
2020-03-15,1,0,0,3,1,0,Chihuahua
2020-03-16,2,1,0,5,2,0,Chihuahua
2020-03-17,1,0,0,6,2,0,Chihuahua
2020-03-18,2,1,0,8,3,0,Chihuahua
2020-03-19,1,1,0,9,4,0,Chihuahua
2020-03-20,3,3,0,12,7,0,Chihuahua
2020-03-21,1,1,0,13,8,0,Chihuahua
2020-03-22,1,1,0,14,9,0,Chihuahua
2020-03-23,1,0,0,15,9,0,Chihuahua
2020-03-24,4,1,0,19,10,0,Chihuahua
2020-03-25,4,1,0,23,11,0,Chihuahua
2020-03-26,5,2,0,28,13,0,Chihuahua
2020-03-27,0,2,0,28,15,0,Chihuahua
2020-03-28,5,2,0,33,17,0,Chihuahua
2020-03-29,6,5,0,39,22,0,Chihuahua
2020-03-30,1,3,0,40,25,0,Chihuahua
2020-03-31,10,5,0,50,30,0,Chihuahua
2020-04-01,7,7,0,57,37,0,Chihuahua
2020-04-02,10,6,0,67,43,0,Chihuahua
2020-04-03,13,6,2,80,49,2,Chihuahua
2020-04-04,3,6,1,83,55,3,Chihuahua
2020-04-05,8,11,1,91,66,4,Chihuahua
2020-04-06,7,8,2,98,74,6,Chihuahua
2020-04-07,9,6,5,107,80,11,Chihuahua
2020-04-08,12,10,5,119,90,16,Chihuahua
2020-04-09,8,5,4,127,95,20,Chihuahua
2020-04-10,17,7,1,144,102,21,Chihuahua
2020-04-11,9,9,0,153,111,21,Chihuahua
2020-04-12,7,6,4,160,117,25,Chihuahua
2020-04-13,9,15,3,169,132,28,Chihuahua
2020-04-14,8,9,1,177,141,29,Chihuahua
2020-04-15,22,14,3,199,155,32,Chihuahua
2020-04-16,9,18,3,208,173,35,Chihuahua
2020-04-17,11,12,6,219,185,41,Chihuahua
2020-04-18,12,6,4,231,191,45,Chihuahua
2020-04-19,2,6,2,233,197,47,Chihuahua
2020-04-20,6,19,5,239,216,52,Chihuahua
2020-04-21,2,10,3,241,226,55,Chihuahua
2020-04-22,0,11,1,241,237,56,Chihuahua
2020-04-23,0,3,0,241,240,56,Chihuahua
2020-04-24,0,1,1,241,241,57,Chihuahua
2020-04-25,0,0,0,241,241,57,Chihuahua
2020-02-14,1,1,0,1,1,0,Ciudad de México
2020-02-15,0,0,0,1,1,0,Ciudad de México
2020-02-16,0,0,0,1,1,0,Ciudad de México
2020-02-17,2,0,0,3,1,0,Ciudad de México
2020-02-18,0,0,0,3,1,0,Ciudad de México
2020-02-19,0,0,0,3,1,0,Ciudad de México
2020-02-20,0,0,0,3,1,0,Ciudad de México
2020-02-21,0,0,0,3,1,0,Ciudad de México
2020-02-22,1,0,0,4,1,0,Ciudad de México
2020-02-23,1,0,0,5,1,0,Ciudad de México
2020-02-24,0,0,0,5,1,0,Ciudad de México
2020-02-25,1,0,0,6,1,0,Ciudad de México
2020-02-26,1,0,0,7,1,0,Ciudad de México
2020-02-27,0,2,0,7,3,0,Ciudad de México
2020-02-28,2,0,0,9,3,0,Ciudad de México
2020-02-29,2,0,0,11,3,0,Ciudad de México
2020-03-01,2,0,0,13,3,0,Ciudad de México
2020-03-02,3,0,0,16,3,0,Ciudad de México
2020-03-03,4,0,0,20,3,0,Ciudad de México
2020-03-04,5,1,0,25,4,0,Ciudad de México
2020-03-05,0,1,0,25,5,0,Ciudad de México
2020-03-06,4,0,0,29,5,0,Ciudad de México
2020-03-07,8,0,0,37,5,0,Ciudad de México
2020-03-08,7,2,0,44,7,0,Ciudad de México
2020-03-09,22,0,0,66,7,0,Ciudad de México
2020-03-10,25,3,0,91,10,0,Ciudad de México
2020-03-11,23,17,0,114,27,0,Ciudad de México
2020-03-12,21,18,0,135,45,0,Ciudad de México
2020-03-13,36,27,0,171,72,0,Ciudad de México
2020-03-14,38,25,0,209,97,0,Ciudad de México
2020-03-15,36,17,0,245,114,0,Ciudad de México
2020-03-16,42,25,0,287,139,0,Ciudad de México
2020-03-17,27,36,0,314,175,0,Ciudad de México
2020-03-18,28,36,1,342,211,1,Ciudad de México
2020-03-19,33,46,0,375,257,1,Ciudad de México
2020-03-20,49,23,0,424,280,1,Ciudad de México
2020-03-21,24,12,0,448,292,1,Ciudad de México
2020-03-22,28,13,1,476,305,2,Ciudad de México
2020-03-23,44,27,1,520,332,3,Ciudad de México
2020-03-24,38,30,0,558,362,3,Ciudad de México
2020-03-25,48,21,1,606,383,4,Ciudad de México
2020-03-26,80,38,3,686,421,7,Ciudad de México
2020-03-27,63,41,3,749,462,10,Ciudad de México
2020-03-28,60,49,2,809,511,12,Ciudad de México
2020-03-29,53,44,2,862,555,14,Ciudad de México
2020-03-30,95,69,4,957,624,18,Ciudad de México
2020-03-31,73,46,7,1030,670,25,Ciudad de México
2020-04-01,119,61,6,1149,731,31,Ciudad de México
2020-04-02,110,63,5,1259,794,36,Ciudad de México
2020-04-03,107,81,7,1366,875,43,Ciudad de México
2020-04-04,122,50,6,1488,925,49,Ciudad de México
2020-04-05,122,56,3,1610,981,52,Ciudad de México
2020-04-06,155,118,15,1765,1099,67,Ciudad de México
2020-04-07,143,138,10,1908,1237,77,Ciudad de México
2020-04-08,154,134,6,2062,1371,83,Ciudad de México
2020-04-09,172,130,13,2234,1501,96,Ciudad de México
2020-04-10,292,138,20,2526,1639,116,Ciudad de México
2020-04-11,174,113,20,2700,1752,136,Ciudad de México
2020-04-12,184,122,7,2884,1874,143,Ciudad de México
2020-04-13,247,244,14,3131,2118,157,Ciudad de México
2020-04-14,193,250,18,3324,2368,175,Ciudad de México
2020-04-15,232,223,22,3556,2591,197,Ciudad de México
2020-04-16,181,257,20,3737,2848,217,Ciudad de México
2020-04-17,195,279,8,3932,3127,225,Ciudad de México
2020-04-18,183,163,15,4115,3290,240,Ciudad de México
2020-04-19,128,151,16,4243,3441,256,Ciudad de México
2020-04-20,105,343,11,4348,3784,267,Ciudad de México
2020-04-21,41,293,14,4389,4077,281,Ciudad de México
2020-04-22,32,251,11,4421,4328,292,Ciudad de México
2020-04-23,10,100,13,4431,4428,305,Ciudad de México
2020-04-24,0,3,2,4431,4431,307,Ciudad de México
2020-04-25,0,0,0,4431,4431,307,Ciudad de México
2020-03-06,1,0,0,1,0,0,Durango
2020-03-07,0,0,0,1,0,0,Durango
2020-03-08,0,0,0,1,0,0,Durango
2020-03-09,1,0,0,2,0,0,Durango
2020-03-10,0,0,0,2,0,0,Durango
2020-03-11,1,1,0,3,1,0,Durango
2020-03-12,0,0,0,3,1,0,Durango
2020-03-13,0,1,0,3,2,0,Durango
2020-03-14,0,1,0,3,3,0,Durango
2020-03-15,1,0,0,4,3,0,Durango
2020-03-16,0,0,0,4,3,0,Durango
2020-03-17,0,1,0,4,4,0,Durango
2020-03-18,2,1,1,6,5,1,Durango
2020-03-19,1,0,0,7,5,1,Durango
2020-03-20,0,0,0,7,5,1,Durango
2020-03-21,0,1,0,7,6,1,Durango
2020-03-22,0,0,0,7,6,1,Durango
2020-03-23,2,1,0,9,7,1,Durango
2020-03-24,1,1,1,10,8,2,Durango
2020-03-25,1,1,0,11,9,2,Durango
2020-03-26,0,0,0,11,9,2,Durango
2020-03-27,0,0,0,11,9,2,Durango
2020-03-28,1,0,0,12,9,2,Durango
2020-03-29,1,0,0,13,9,2,Durango
2020-03-30,1,2,0,14,11,2,Durango
2020-03-31,0,2,1,14,13,3,Durango
2020-04-01,0,1,1,14,14,4,Durango
2020-04-02,1,0,0,15,14,4,Durango
2020-04-03,1,1,0,16,15,4,Durango
2020-04-04,0,0,0,16,15,4,Durango
2020-04-05,0,0,0,16,15,4,Durango
2020-04-06,1,1,0,17,16,4,Durango
2020-04-07,0,0,0,17,16,4,Durango
2020-04-08,1,0,0,18,16,4,Durango
2020-04-09,0,0,0,18,16,4,Durango
2020-04-10,4,0,0,22,16,4,Durango
2020-04-11,4,0,0,26,16,4,Durango
2020-04-12,1,0,0,27,16,4,Durango
2020-04-13,3,0,0,30,16,4,Durango
2020-04-14,6,0,0,36,16,4,Durango
2020-04-15,0,2,0,36,18,4,Durango
2020-04-16,2,2,0,38,20,4,Durango
2020-04-17,0,0,0,38,20,4,Durango
2020-04-18,1,2,0,39,22,4,Durango
2020-04-19,1,10,0,40,32,4,Durango
2020-04-20,1,4,0,41,36,4,Durango
2020-04-21,1,4,1,42,40,5,Durango
2020-04-22,1,2,0,43,42,5,Durango
2020-04-23,0,1,0,43,43,5,Durango
2020-04-24,0,0,1,43,43,6,Durango
2020-04-25,0,0,0,43,43,6,Durango
2020-02-07,1,1,0,1,1,0,Guanajuato
2020-02-08,0,0,0,1,1,0,Guanajuato
2020-02-09,0,0,0,1,1,0,Guanajuato
2020-02-10,0,0,0,1,1,0,Guanajuato
2020-02-11,0,0,0,1,1,0,Guanajuato
2020-02-12,0,0,0,1,1,0,Guanajuato
2020-02-13,0,0,0,1,1,0,Guanajuato
2020-02-14,0,0,0,1,1,0,Guanajuato
2020-02-15,0,0,0,1,1,0,Guanajuato
2020-02-16,0,0,0,1,1,0,Guanajuato
2020-02-17,0,0,0,1,1,0,Guanajuato
2020-02-18,0,0,0,1,1,0,Guanajuato
2020-02-19,0,0,0,1,1,0,Guanajuato
2020-02-20,0,0,0,1,1,0,Guanajuato
2020-02-21,0,0,0,1,1,0,Guanajuato
2020-02-22,0,0,0,1,1,0,Guanajuato
2020-02-23,0,0,0,1,1,0,Guanajuato
2020-02-24,0,0,0,1,1,0,Guanajuato
2020-02-25,0,0,0,1,1,0,Guanajuato
2020-02-26,0,0,0,1,1,0,Guanajuato
2020-02-27,0,0,0,1,1,0,Guanajuato
2020-02-28,0,0,0,1,1,0,Guanajuato
2020-02-29,0,0,0,1,1,0,Guanajuato
2020-03-01,0,0,0,1,1,0,Guanajuato
2020-03-02,0,0,0,1,1,0,Guanajuato
2020-03-03,0,0,0,1,1,0,Guanajuato
2020-03-04,0,0,0,1,1,0,Guanajuato
2020-03-05,0,0,0,1,1,0,Guanajuato
2020-03-06,0,0,0,1,1,0,Guanajuato
2020-03-07,0,0,0,1,1,0,Guanajuato
2020-03-08,0,0,0,1,1,0,Guanajuato
2020-03-09,0,0,0,1,1,0,Guanajuato
2020-03-10,1,0,0,2,1,0,Guanajuato
2020-03-11,0,0,0,2,1,0,Guanajuato
2020-03-12,2,0,0,4,1,0,Guanajuato
2020-03-13,0,1,0,4,2,0,Guanajuato
2020-03-14,3,0,0,7,2,0,Guanajuato
2020-03-15,3,2,0,10,4,0,Guanajuato
2020-03-16,10,2,0,20,6,0,Guanajuato
2020-03-17,3,0,0,23,6,0,Guanajuato
2020-03-18,2,1,0,25,7,0,Guanajuato
2020-03-19,1,0,0,26,7,0,Guanajuato
2020-03-20,7,4,0,33,11,0,Guanajuato
2020-03-21,4,11,0,37,22,0,Guanajuato
2020-03-22,5,1,0,42,23,0,Guanajuato
2020-03-23,1,6,0,43,29,0,Guanajuato
2020-03-24,3,1,0,46,30,0,Guanajuato
2020-03-25,3,3,0,49,33,0,Guanajuato
2020-03-26,5,6,0,54,39,0,Guanajuato
2020-03-27,5,5,0,59,44,0,Guanajuato
2020-03-28,1,4,0,60,48,0,Guanajuato
2020-03-29,0,1,0,60,49,0,Guanajuato
2020-03-30,1,4,0,61,53,0,Guanajuato
2020-03-31,1,2,0,62,55,0,Guanajuato
2020-04-01,7,1,0,69,56,0,Guanajuato
2020-04-02,7,2,0,76,58,0,Guanajuato
2020-04-03,5,4,0,81,62,0,Guanajuato
2020-04-04,3,3,0,84,65,0,Guanajuato
2020-04-05,5,3,2,89,68,2,Guanajuato
2020-04-06,2,7,0,91,75,2,Guanajuato
2020-04-07,1,6,1,92,81,3,Guanajuato
2020-04-08,3,8,0,95,89,3,Guanajuato
2020-04-09,4,2,1,99,91,4,Guanajuato
2020-04-10,6,3,1,105,94,5,Guanajuato
2020-04-11,4,3,0,109,97,5,Guanajuato
2020-04-12,7,1,0,116,98,5,Guanajuato
2020-04-13,10,2,0,126,100,5,Guanajuato
2020-04-14,22,3,2,148,103,7,Guanajuato
2020-04-15,14,14,1,162,117,8,Guanajuato
2020-04-16,13,12,0,175,129,8,Guanajuato
2020-04-17,4,28,3,179,157,11,Guanajuato
2020-04-18,11,10,0,190,167,11,Guanajuato
2020-04-19,4,9,0,194,176,11,Guanajuato
2020-04-20,1,7,0,195,183,11,Guanajuato
2020-04-21,3,8,2,198,191,13,Guanajuato
2020-04-22,0,7,3,198,198,16,Guanajuato
2020-04-23,0,0,3,198,198,19,Guanajuato
2020-04-24,0,0,0,198,198,19,Guanajuato
2020-04-25,0,0,0,198,198,19,Guanajuato
2020-03-08,1,0,0,1,0,0,Guerrero
2020-03-09,1,0,0,2,0,0,Guerrero
2020-03-10,0,0,0,2,0,0,Guerrero
2020-03-11,0,0,0,2,0,0,Guerrero
2020-03-12,1,0,0,3,0,0,Guerrero
2020-03-13,1,2,0,4,2,0,Guerrero
2020-03-14,0,0,0,4,2,0,Guerrero
2020-03-15,2,0,0,6,2,0,Guerrero
2020-03-16,1,1,0,7,3,0,Guerrero
2020-03-17,1,2,0,8,5,0,Guerrero
2020-03-18,2,1,0,10,6,0,Guerrero
2020-03-19,2,0,0,12,6,0,Guerrero
2020-03-20,3,0,0,15,6,0,Guerrero
2020-03-21,3,1,0,18,7,0,Guerrero
2020-03-22,1,0,0,19,7,0,Guerrero
2020-03-23,3,1,0,22,8,0,Guerrero
2020-03-24,1,0,0,23,8,0,Guerrero
2020-03-25,1,3,0,24,11,0,Guerrero
2020-03-26,3,4,0,27,15,0,Guerrero
2020-03-27,1,3,0,28,18,0,Guerrero
2020-03-28,1,3,1,29,21,1,Guerrero
2020-03-29,2,1,0,31,22,1,Guerrero
2020-03-30,4,3,0,35,25,1,Guerrero
2020-03-31,5,5,0,40,30,1,Guerrero
2020-04-01,4,3,0,44,33,1,Guerrero
2020-04-02,5,1,0,49,34,1,Guerrero
2020-04-03,8,1,0,57,35,1,Guerrero
2020-04-04,10,2,2,67,37,3,Guerrero
2020-04-05,6,3,0,73,40,3,Guerrero
2020-04-06,8,8,2,81,48,5,Guerrero
2020-04-07,5,11,0,86,59,5,Guerrero
2020-04-08,12,6,0,98,65,5,Guerrero
2020-04-09,7,7,1,105,72,6,Guerrero
2020-04-10,10,4,0,115,76,6,Guerrero
2020-04-11,7,5,0,122,81,6,Guerrero
2020-04-12,5,11,1,127,92,7,Guerrero
2020-04-13,14,16,1,141,108,8,Guerrero
2020-04-14,2,6,1,143,114,9,Guerrero
2020-04-15,8,5,3,151,119,12,Guerrero
2020-04-16,4,10,0,155,129,12,Guerrero
2020-04-17,3,9,1,158,138,13,Guerrero
2020-04-18,4,6,2,162,144,15,Guerrero
2020-04-19,3,4,3,165,148,18,Guerrero
2020-04-20,4,14,1,169,162,19,Guerrero
2020-04-21,2,5,6,171,167,25,Guerrero
2020-04-22,0,2,3,171,169,28,Guerrero
2020-04-23,0,2,1,171,171,29,Guerrero
2020-04-24,0,0,0,171,171,29,Guerrero
2020-04-25,0,0,0,171,171,29,Guerrero
2020-03-07,1,0,0,1,0,0,Hidalgo
2020-03-08,1,0,0,2,0,0,Hidalgo
2020-03-09,0,0,0,2,0,0,Hidalgo
2020-03-10,0,0,0,2,0,0,Hidalgo
2020-03-11,0,0,0,2,0,0,Hidalgo
2020-03-12,1,0,0,3,0,0,Hidalgo
2020-03-13,2,0,0,5,0,0,Hidalgo
2020-03-14,1,0,0,6,0,0,Hidalgo
2020-03-15,0,1,0,6,1,0,Hidalgo
2020-03-16,1,0,0,7,1,0,Hidalgo
2020-03-17,0,2,0,7,3,0,Hidalgo
2020-03-18,2,0,0,9,3,0,Hidalgo
2020-03-19,1,0,0,10,3,0,Hidalgo
2020-03-20,3,3,0,13,6,0,Hidalgo
2020-03-21,1,3,0,14,9,0,Hidalgo
2020-03-22,0,0,0,14,9,0,Hidalgo
2020-03-23,5,1,0,19,10,0,Hidalgo
2020-03-24,3,0,0,22,10,0,Hidalgo
2020-03-25,3,4,0,25,14,0,Hidalgo
2020-03-26,2,4,0,27,18,0,Hidalgo
2020-03-27,4,4,1,31,22,1,Hidalgo
2020-03-28,1,0,1,32,22,2,Hidalgo
2020-03-29,4,2,0,36,24,2,Hidalgo
2020-03-30,6,7,1,42,31,3,Hidalgo
2020-03-31,4,6,0,46,37,3,Hidalgo
2020-04-01,1,3,0,47,40,3,Hidalgo
2020-04-02,0,1,0,47,41,3,Hidalgo
2020-04-03,4,2,2,51,43,5,Hidalgo
2020-04-04,1,2,0,52,45,5,Hidalgo
2020-04-05,4,2,0,56,47,5,Hidalgo
2020-04-06,6,1,0,62,48,5,Hidalgo
2020-04-07,1,2,0,63,50,5,Hidalgo
2020-04-08,3,2,2,66,52,7,Hidalgo
2020-04-09,1,0,0,67,52,7,Hidalgo
2020-04-10,6,8,0,73,60,7,Hidalgo
2020-04-11,7,3,1,80,63,8,Hidalgo
2020-04-12,5,5,0,85,68,8,Hidalgo
2020-04-13,10,4,0,95,72,8,Hidalgo
2020-04-14,3,2,2,98,74,10,Hidalgo
2020-04-15,5,3,2,103,77,12,Hidalgo
2020-04-16,12,3,0,115,80,12,Hidalgo
2020-04-17,8,8,0,123,88,12,Hidalgo
2020-04-18,11,4,2,134,92,14,Hidalgo
2020-04-19,6,11,1,140,103,15,Hidalgo
2020-04-20,7,8,0,147,111,15,Hidalgo
2020-04-21,6,7,0,153,118,15,Hidalgo
2020-04-22,1,14,1,154,132,16,Hidalgo
2020-04-23,1,19,1,155,151,17,Hidalgo
2020-04-24,0,4,0,155,155,17,Hidalgo
2020-04-25,0,0,0,155,155,17,Hidalgo
2020-03-01,2,0,0,2,0,0,Jalisco
2020-03-02,0,0,0,2,0,0,Jalisco
2020-03-03,0,0,0,2,0,0,Jalisco
2020-03-04,1,0,0,3,0,0,Jalisco
2020-03-05,0,0,0,3,0,0,Jalisco
2020-03-06,2,0,0,5,0,0,Jalisco
2020-03-07,1,0,0,6,0,0,Jalisco
2020-03-08,3,0,0,9,0,0,Jalisco
2020-03-09,3,0,0,12,0,0,Jalisco
2020-03-10,4,0,0,16,0,0,Jalisco
2020-03-11,5,1,0,21,1,0,Jalisco
2020-03-12,8,3,0,29,4,0,Jalisco
2020-03-13,7,2,0,36,6,0,Jalisco
2020-03-14,8,5,0,44,11,0,Jalisco
2020-03-15,3,1,0,47,12,0,Jalisco
2020-03-16,6,12,0,53,24,0,Jalisco
2020-03-17,12,6,0,65,30,0,Jalisco
2020-03-18,6,17,0,71,47,0,Jalisco
2020-03-19,0,8,0,71,55,0,Jalisco
2020-03-20,8,5,1,79,60,1,Jalisco
2020-03-21,10,1,0,89,61,1,Jalisco
2020-03-22,6,3,0,95,64,1,Jalisco
2020-03-23,5,8,0,100,72,1,Jalisco
2020-03-24,4,7,0,104,79,1,Jalisco
2020-03-25,4,7,0,108,86,1,Jalisco
2020-03-26,1,6,2,109,92,3,Jalisco
2020-03-27,8,7,0,117,99,3,Jalisco
2020-03-28,2,2,0,119,101,3,Jalisco
2020-03-29,4,2,0,123,103,3,Jalisco
2020-03-30,8,7,0,131,110,3,Jalisco
2020-03-31,5,7,1,136,117,4,Jalisco
2020-04-01,3,2,0,139,119,4,Jalisco
2020-04-02,8,8,2,147,127,6,Jalisco
2020-04-03,8,11,0,155,138,6,Jalisco
2020-04-04,4,1,0,159,139,6,Jalisco
2020-04-05,3,2,1,162,141,7,Jalisco
2020-04-06,6,3,0,168,144,7,Jalisco
2020-04-07,10,5,1,178,149,8,Jalisco
2020-04-08,9,10,1,187,159,9,Jalisco
2020-04-09,7,5,0,194,164,9,Jalisco
2020-04-10,8,8,1,202,172,10,Jalisco
2020-04-11,4,5,1,206,177,11,Jalisco
2020-04-12,6,5,0,212,182,11,Jalisco
2020-04-13,8,11,0,220,193,11,Jalisco
2020-04-14,9,4,0,229,197,11,Jalisco
2020-04-15,5,11,0,234,208,11,Jalisco
2020-04-16,10,8,1,244,216,12,Jalisco
2020-04-17,8,12,1,252,228,13,Jalisco
2020-04-18,4,6,0,256,234,13,Jalisco
2020-04-19,3,3,2,259,237,15,Jalisco
2020-04-20,6,9,1,265,246,16,Jalisco
2020-04-21,3,12,1,268,258,17,Jalisco
2020-04-22,2,7,3,270,265,20,Jalisco
2020-04-23,0,5,0,270,270,20,Jalisco
2020-04-24,1,1,3,271,271,23,Jalisco
2020-04-25,0,0,0,271,271,23,Jalisco
2020-02-19,1,0,0,1,0,0,México
2020-02-20,0,0,0,1,0,0,México
2020-02-21,1,0,0,2,0,0,México
2020-02-22,0,0,0,2,0,0,México
2020-02-23,0,0,0,2,0,0,México
2020-02-24,0,0,0,2,0,0,México
2020-02-25,0,0,0,2,0,0,México
2020-02-26,0,0,0,2,0,0,México
2020-02-27,0,0,0,2,0,0,México
2020-02-28,0,1,0,2,1,0,México
2020-02-29,0,0,0,2,1,0,México
2020-03-01,0,0,0,2,1,0,México
2020-03-02,3,1,0,5,2,0,México
2020-03-03,1,0,0,6,2,0,México
2020-03-04,0,1,0,6,3,0,México
2020-03-05,3,0,0,9,3,0,México
2020-03-06,1,0,0,10,3,0,México
2020-03-07,5,0,0,15,3,0,México
2020-03-08,1,1,0,16,4,0,México
2020-03-09,8,1,0,24,5,0,México
2020-03-10,2,2,0,26,7,0,México
2020-03-11,2,1,0,28,8,0,México
2020-03-12,3,1,0,31,9,0,México
2020-03-13,8,11,0,39,20,0,México
2020-03-14,5,2,0,44,22,0,México
2020-03-15,11,4,0,55,26,0,México
2020-03-16,15,6,0,70,32,0,México
2020-03-17,6,2,0,76,34,0,México
2020-03-18,10,2,0,86,36,0,México
2020-03-19,9,6,0,95,42,0,México
2020-03-20,17,10,0,112,52,0,México
2020-03-21,13,6,0,125,58,0,México
2020-03-22,18,3,0,143,61,0,México
2020-03-23,21,9,0,164,70,0,México
2020-03-24,25,25,0,189,95,0,México
2020-03-25,22,24,0,211,119,0,México
2020-03-26,31,28,0,242,147,0,México
2020-03-27,34,37,0,276,184,0,México
2020-03-28,22,15,2,298,199,2,México
2020-03-29,23,7,1,321,206,3,México
2020-03-30,47,45,0,368,251,3,México
2020-03-31,34,27,1,402,278,4,México
2020-04-01,51,35,0,453,313,4,México
2020-04-02,29,34,4,482,347,8,México
2020-04-03,41,37,3,523,384,11,México
2020-04-04,51,26,3,574,410,14,México
2020-04-05,36,27,3,610,437,17,México
2020-04-06,67,51,4,677,488,21,México
2020-04-07,44,45,8,721,533,29,México
2020-04-08,65,59,4,786,592,33,México
2020-04-09,53,30,1,839,622,34,México
2020-04-10,85,54,3,924,676,37,México
2020-04-11,75,44,7,999,720,44,México
2020-04-12,73,41,8,1072,761,52,México
2020-04-13,91,96,6,1163,857,58,México
2020-04-14,70,78,6,1233,935,64,México
2020-04-15,96,109,8,1329,1044,72,México
2020-04-16,84,85,3,1413,1129,75,México
2020-04-17,67,77,5,1480,1206,80,México
2020-04-18,64,75,9,1544,1281,89,México
2020-04-19,37,90,4,1581,1371,93,México
2020-04-20,15,114,5,1596,1485,98,México
2020-04-21,12,98,6,1608,1583,104,México
2020-04-22,0,19,3,1608,1602,107,México
2020-04-23,0,5,2,1608,1607,109,México
2020-04-24,0,1,1,1608,1608,110,México
2020-04-25,0,0,0,1608,1608,110,México
2020-03-09,1,0,0,1,0,0,Michoacán
2020-03-10,0,0,0,1,0,0,Michoacán
2020-03-11,0,0,0,1,0,0,Michoacán
2020-03-12,0,0,0,1,0,0,Michoacán
2020-03-13,0,0,0,1,0,0,Michoacán
2020-03-14,0,0,0,1,0,0,Michoacán
2020-03-15,8,0,0,9,0,0,Michoacán
2020-03-16,1,0,0,10,0,0,Michoacán
2020-03-17,2,0,0,12,0,0,Michoacán
2020-03-18,4,1,0,16,1,0,Michoacán
2020-03-19,0,1,0,16,2,0,Michoacán
2020-03-20,1,2,0,17,4,0,Michoacán
2020-03-21,0,5,0,17,9,0,Michoacán
2020-03-22,4,0,0,21,9,0,Michoacán
2020-03-23,4,3,0,25,12,0,Michoacán
2020-03-24,2,3,0,27,15,0,Michoacán
2020-03-25,4,2,0,31,17,0,Michoacán
2020-03-26,2,3,1,33,20,1,Michoacán
2020-03-27,3,1,0,36,21,1,Michoacán
2020-03-28,1,2,0,37,23,1,Michoacán
2020-03-29,1,3,0,38,26,1,Michoacán
2020-03-30,2,0,0,40,26,1,Michoacán
2020-03-31,1,4,0,41,30,1,Michoacán
2020-04-01,10,3,0,51,33,1,Michoacán
2020-04-02,3,0,0,54,33,1,Michoacán
2020-04-03,2,6,1,56,39,2,Michoacán
2020-04-04,3,2,2,59,41,4,Michoacán
2020-04-05,6,2,0,65,43,4,Michoacán
2020-04-06,5,6,1,70,49,5,Michoacán
2020-04-07,15,6,0,85,55,5,Michoacán
2020-04-08,8,4,1,93,59,6,Michoacán
2020-04-09,7,9,1,100,68,7,Michoacán
2020-04-10,10,2,1,110,70,8,Michoacán
2020-04-11,8,2,1,118,72,9,Michoacán
2020-04-12,9,4,0,127,76,9,Michoacán
2020-04-13,16,13,4,143,89,13,Michoacán
2020-04-14,7,15,1,150,104,14,Michoacán
2020-04-15,5,9,0,155,113,14,Michoacán
2020-04-16,9,8,2,164,121,16,Michoacán
2020-04-17,13,13,0,177,134,16,Michoacán
2020-04-18,7,8,1,184,142,17,Michoacán
2020-04-19,4,11,3,188,153,20,Michoacán
2020-04-20,5,22,4,193,175,24,Michoacán
2020-04-21,2,11,0,195,186,24,Michoacán
2020-04-22,0,7,1,195,193,25,Michoacán
2020-04-23,0,2,2,195,195,27,Michoacán
2020-04-24,0,0,1,195,195,28,Michoacán
2020-04-25,0,0,0,195,195,28,Michoacán
2020-03-14,1,0,0,1,0,0,Morelos
2020-03-15,0,0,0,1,0,0,Morelos
2020-03-16,1,0,0,2,0,0,Morelos
2020-03-17,1,1,0,3,1,0,Morelos
2020-03-18,0,1,0,3,2,0,Morelos
2020-03-19,1,0,0,4,2,0,Morelos
2020-03-20,1,0,0,5,2,0,Morelos
2020-03-21,2,1,0,7,3,0,Morelos
2020-03-22,2,0,0,9,3,0,Morelos
2020-03-23,3,2,0,12,5,0,Morelos
2020-03-24,0,3,0,12,8,0,Morelos
2020-03-25,0,0,0,12,8,0,Morelos
2020-03-26,2,0,0,14,8,0,Morelos
2020-03-27,1,0,0,15,8,0,Morelos
2020-03-28,2,1,1,17,9,1,Morelos
2020-03-29,1,0,1,18,9,2,Morelos
2020-03-30,5,2,0,23,11,2,Morelos
2020-03-31,3,1,1,26,12,3,Morelos
2020-04-01,8,3,1,34,15,4,Morelos
2020-04-02,4,7,0,38,22,4,Morelos
2020-04-03,3,1,0,41,23,4,Morelos
2020-04-04,5,2,0,46,25,4,Morelos
2020-04-05,6,3,0,52,28,4,Morelos
2020-04-06,2,7,1,54,35,5,Morelos
2020-04-07,2,7,1,56,42,6,Morelos
2020-04-08,6,6,1,62,48,7,Morelos
2020-04-09,1,5,0,63,53,7,Morelos
2020-04-10,10,1,0,73,54,7,Morelos
2020-04-11,4,1,0,77,55,7,Morelos
2020-04-12,5,3,0,82,58,7,Morelos
2020-04-13,12,7,3,94,65,10,Morelos
2020-04-14,6,9,0,100,74,10,Morelos
2020-04-15,9,6,1,109,80,11,Morelos
2020-04-16,9,8,0,118,88,11,Morelos
2020-04-17,9,5,2,127,93,13,Morelos
2020-04-18,20,2,0,147,95,13,Morelos
2020-04-19,5,7,3,152,102,16,Morelos
2020-04-20,5,19,2,157,121,18,Morelos
2020-04-21,1,13,0,158,134,18,Morelos
2020-04-22,0,16,5,158,150,23,Morelos
2020-04-23,0,8,2,158,158,25,Morelos
2020-04-24,0,0,0,158,158,25,Morelos
2020-04-25,0,0,0,158,158,25,Morelos
2020-01-06,1,1,0,1,1,0,Nayarit
2020-01-07,0,0,0,1,1,0,Nayarit
2020-01-08,0,0,0,1,1,0,Nayarit
2020-01-09,0,0,0,1,1,0,Nayarit
2020-01-10,0,0,0,1,1,0,Nayarit
2020-01-11,0,0,0,1,1,0,Nayarit
2020-01-12,0,0,0,1,1,0,Nayarit
2020-01-13,0,0,0,1,1,0,Nayarit
2020-01-14,0,0,0,1,1,0,Nayarit
2020-01-15,0,0,0,1,1,0,Nayarit
2020-01-16,0,0,0,1,1,0,Nayarit
2020-01-17,0,0,0,1,1,0,Nayarit
2020-01-18,0,0,0,1,1,0,Nayarit
2020-01-19,0,0,0,1,1,0,Nayarit
2020-01-20,0,0,0,1,1,0,Nayarit
2020-01-21,0,0,0,1,1,0,Nayarit
2020-01-22,0,0,0,1,1,0,Nayarit
2020-01-23,0,0,0,1,1,0,Nayarit
2020-01-24,0,0,0,1,1,0,Nayarit
2020-01-25,0,0,0,1,1,0,Nayarit
2020-01-26,0,0,0,1,1,0,Nayarit
2020-01-27,0,0,0,1,1,0,Nayarit
2020-01-28,0,0,0,1,1,0,Nayarit
2020-01-29,0,0,0,1,1,0,Nayarit
2020-01-30,0,0,0,1,1,0,Nayarit
2020-01-31,0,0,0,1,1,0,Nayarit
2020-02-01,0,0,0,1,1,0,Nayarit
2020-02-02,0,0,0,1,1,0,Nayarit
2020-02-03,0,0,0,1,1,0,Nayarit
2020-02-04,0,0,0,1,1,0,Nayarit
2020-02-05,0,0,0,1,1,0,Nayarit
2020-02-06,0,0,0,1,1,0,Nayarit
2020-02-07,0,0,0,1,1,0,Nayarit
2020-02-08,0,0,0,1,1,0,Nayarit
2020-02-09,0,0,0,1,1,0,Nayarit
2020-02-10,0,0,0,1,1,0,Nayarit
2020-02-11,0,0,0,1,1,0,Nayarit
2020-02-12,0,0,0,1,1,0,Nayarit
2020-02-13,0,0,0,1,1,0,Nayarit
2020-02-14,0,0,0,1,1,0,Nayarit
2020-02-15,0,0,0,1,1,0,Nayarit
2020-02-16,0,0,0,1,1,0,Nayarit
2020-02-17,0,0,0,1,1,0,Nayarit
2020-02-18,0,0,0,1,1,0,Nayarit
2020-02-19,0,0,0,1,1,0,Nayarit
2020-02-20,0,0,0,1,1,0,Nayarit
2020-02-21,0,0,0,1,1,0,Nayarit
2020-02-22,0,0,0,1,1,0,Nayarit
2020-02-23,0,0,0,1,1,0,Nayarit
2020-02-24,0,0,0,1,1,0,Nayarit
2020-02-25,0,0,0,1,1,0,Nayarit
2020-02-26,0,0,0,1,1,0,Nayarit
2020-02-27,0,0,0,1,1,0,Nayarit
2020-02-28,0,0,0,1,1,0,Nayarit
2020-02-29,0,0,0,1,1,0,Nayarit
2020-03-01,0,0,0,1,1,0,Nayarit
2020-03-02,0,0,0,1,1,0,Nayarit
2020-03-03,0,0,0,1,1,0,Nayarit
2020-03-04,0,0,0,1,1,0,Nayarit
2020-03-05,0,0,0,1,1,0,Nayarit
2020-03-06,0,0,0,1,1,0,Nayarit
2020-03-07,0,0,0,1,1,0,Nayarit
2020-03-08,0,0,0,1,1,0,Nayarit
2020-03-09,0,0,0,1,1,0,Nayarit
2020-03-10,1,0,0,2,1,0,Nayarit
2020-03-11,0,0,0,2,1,0,Nayarit
2020-03-12,0,0,0,2,1,0,Nayarit
2020-03-13,0,0,0,2,1,0,Nayarit
2020-03-14,0,0,0,2,1,0,Nayarit
2020-03-15,0,0,0,2,1,0,Nayarit
2020-03-16,0,0,0,2,1,0,Nayarit
2020-03-17,1,0,0,3,1,0,Nayarit
2020-03-18,0,1,0,3,2,0,Nayarit
2020-03-19,1,1,0,4,3,0,Nayarit
2020-03-20,0,0,0,4,3,0,Nayarit
2020-03-21,1,0,0,5,3,0,Nayarit
2020-03-22,0,0,0,5,3,0,Nayarit
2020-03-23,0,1,0,5,4,0,Nayarit
2020-03-24,2,3,0,7,7,0,Nayarit
2020-03-25,0,0,0,7,7,0,Nayarit
2020-03-26,0,0,0,7,7,0,Nayarit
2020-03-27,2,0,0,9,7,0,Nayarit
2020-03-28,0,0,0,9,7,0,Nayarit
2020-03-29,0,0,0,9,7,0,Nayarit
2020-03-30,0,0,1,9,7,1,Nayarit
2020-03-31,3,2,0,12,9,1,Nayarit
2020-04-01,2,0,0,14,9,1,Nayarit
2020-04-02,3,0,0,17,9,1,Nayarit
2020-04-03,1,1,0,18,10,1,Nayarit
2020-04-04,2,4,0,20,14,1,Nayarit
2020-04-05,4,2,0,24,16,1,Nayarit
2020-04-06,1,2,0,25,18,1,Nayarit
2020-04-07,1,2,0,26,20,1,Nayarit
2020-04-08,2,1,2,28,21,3,Nayarit
2020-04-09,1,2,1,29,23,4,Nayarit
2020-04-10,3,0,0,32,23,4,Nayarit
2020-04-11,1,2,0,33,25,4,Nayarit
2020-04-12,1,3,1,34,28,5,Nayarit
2020-04-13,3,2,0,37,30,5,Nayarit
2020-04-14,3,2,0,40,32,5,Nayarit
2020-04-15,1,2,0,41,34,5,Nayarit
2020-04-16,2,3,0,43,37,5,Nayarit
2020-04-17,7,3,1,50,40,6,Nayarit
2020-04-18,3,2,0,53,42,6,Nayarit
2020-04-19,0,2,0,53,44,6,Nayarit
2020-04-20,0,1,1,53,45,7,Nayarit
2020-04-21,0,3,0,53,48,7,Nayarit
2020-04-22,0,3,0,53,51,7,Nayarit
2020-04-23,0,2,0,53,53,7,Nayarit
2020-04-24,0,0,0,53,53,7,Nayarit
2020-04-25,0,0,0,53,53,7,Nayarit
2020-03-02,1,0,0,1,0,0,Nuevo León
2020-03-03,0,0,0,1,0,0,Nuevo León
2020-03-04,1,0,0,2,0,0,Nuevo León
2020-03-05,1,0,0,3,0,0,Nuevo León
2020-03-06,1,0,0,4,0,0,Nuevo León
2020-03-07,2,0,0,6,0,0,Nuevo León
2020-03-08,0,0,0,6,0,0,Nuevo León
2020-03-09,9,0,0,15,0,0,Nuevo León
2020-03-10,2,2,0,17,2,0,Nuevo León
2020-03-11,5,4,0,22,6,0,Nuevo León
2020-03-12,2,0,0,24,6,0,Nuevo León
2020-03-13,6,5,0,30,11,0,Nuevo León
2020-03-14,8,6,0,38,17,0,Nuevo León
2020-03-15,7,0,0,45,17,0,Nuevo León
2020-03-16,3,6,0,48,23,0,Nuevo León
2020-03-17,8,6,0,56,29,0,Nuevo León
2020-03-18,6,9,0,62,38,0,Nuevo León
2020-03-19,5,4,0,67,42,0,Nuevo León
2020-03-20,5,12,0,72,54,0,Nuevo León
2020-03-21,3,4,0,75,58,0,Nuevo León
2020-03-22,4,4,0,79,62,0,Nuevo León
2020-03-23,3,5,0,82,67,0,Nuevo León
2020-03-24,1,5,0,83,72,0,Nuevo León
2020-03-25,3,0,0,86,72,0,Nuevo León
2020-03-26,3,2,0,89,74,0,Nuevo León
2020-03-27,2,8,0,91,82,0,Nuevo León
2020-03-28,1,2,0,92,84,0,Nuevo León
2020-03-29,2,3,0,94,87,0,Nuevo León
2020-03-30,5,5,0,99,92,0,Nuevo León
2020-03-31,7,0,0,106,92,0,Nuevo León
2020-04-01,6,1,0,112,93,0,Nuevo León
2020-04-02,11,5,0,123,98,0,Nuevo León
2020-04-03,7,1,3,130,99,3,Nuevo León
2020-04-04,2,3,0,132,102,3,Nuevo León
2020-04-05,8,2,1,140,104,4,Nuevo León
2020-04-06,9,12,0,149,116,4,Nuevo León
2020-04-07,12,6,2,161,122,6,Nuevo León
2020-04-08,11,7,0,172,129,6,Nuevo León
2020-04-09,12,2,0,184,131,6,Nuevo León
2020-04-10,22,22,0,206,153,6,Nuevo León
2020-04-11,15,8,0,221,161,6,Nuevo León
2020-04-12,7,15,0,228,176,6,Nuevo León
2020-04-13,10,18,0,238,194,6,Nuevo León
2020-04-14,6,14,0,244,208,6,Nuevo León
2020-04-15,6,11,0,250,219,6,Nuevo León
2020-04-16,8,10,0,258,229,6,Nuevo León
2020-04-17,7,7,0,265,236,6,Nuevo León
2020-04-18,2,6,0,267,242,6,Nuevo León
2020-04-19,5,2,1,272,244,7,Nuevo León
2020-04-20,3,12,1,275,256,8,Nuevo León
2020-04-21,3,14,0,278,270,8,Nuevo León
2020-04-22,3,8,1,281,278,9,Nuevo León
2020-04-23,1,3,0,282,281,9,Nuevo León
2020-04-24,0,1,0,282,282,9,Nuevo León
2020-04-25,0,0,0,282,282,9,Nuevo León
2020-03-09,1,0,0,1,0,0,Oaxaca
2020-03-10,1,0,0,2,0,0,Oaxaca
2020-03-11,0,0,0,2,0,0,Oaxaca
2020-03-12,1,0,0,3,0,0,Oaxaca
2020-03-13,0,2,0,3,2,0,Oaxaca
2020-03-14,0,0,0,3,2,0,Oaxaca
2020-03-15,0,0,0,3,2,0,Oaxaca
2020-03-16,1,0,0,4,2,0,Oaxaca
2020-03-17,0,0,0,4,2,0,Oaxaca
2020-03-18,0,0,0,4,2,0,Oaxaca
2020-03-19,2,1,0,6,3,0,Oaxaca
2020-03-20,3,0,0,9,3,0,Oaxaca
2020-03-21,1,1,0,10,4,0,Oaxaca
2020-03-22,1,1,0,11,5,0,Oaxaca
2020-03-23,4,2,0,15,7,0,Oaxaca
2020-03-24,1,1,0,16,8,0,Oaxaca
2020-03-25,1,3,0,17,11,0,Oaxaca
2020-03-26,3,3,0,20,14,0,Oaxaca
2020-03-27,3,1,0,23,15,0,Oaxaca
2020-03-28,4,1,0,27,16,0,Oaxaca
2020-03-29,3,2,1,30,18,1,Oaxaca
2020-03-30,3,2,0,33,20,1,Oaxaca
2020-03-31,1,5,0,34,25,1,Oaxaca
2020-04-01,0,1,0,34,26,1,Oaxaca
2020-04-02,0,0,0,34,26,1,Oaxaca
2020-04-03,5,3,0,39,29,1,Oaxaca
2020-04-04,2,2,0,41,31,1,Oaxaca
2020-04-05,3,2,0,44,33,1,Oaxaca
2020-04-06,5,6,0,49,39,1,Oaxaca
2020-04-07,1,0,0,50,39,1,Oaxaca
2020-04-08,1,4,0,51,43,1,Oaxaca
2020-04-09,5,0,1,56,43,2,Oaxaca
2020-04-10,7,2,0,63,45,2,Oaxaca
2020-04-11,0,2,2,63,47,4,Oaxaca
2020-04-12,4,2,0,67,49,4,Oaxaca
2020-04-13,1,4,0,68,53,4,Oaxaca
2020-04-14,10,4,1,78,57,5,Oaxaca
2020-04-15,8,6,0,86,63,5,Oaxaca
2020-04-16,2,4,0,88,67,5,Oaxaca
2020-04-17,1,8,1,89,75,6,Oaxaca
2020-04-18,4,3,0,93,78,6,Oaxaca
2020-04-19,6,3,0,99,81,6,Oaxaca
2020-04-20,3,4,1,102,85,7,Oaxaca
2020-04-21,0,2,1,102,87,8,Oaxaca
2020-04-22,0,8,1,102,95,9,Oaxaca
2020-04-23,0,4,4,102,99,13,Oaxaca
2020-04-24,0,3,0,102,102,13,Oaxaca
2020-04-25,0,0,0,102,102,13,Oaxaca
2020-03-05,2,0,0,2,0,0,Puebla
2020-03-06,0,0,0,2,0,0,Puebla
2020-03-07,0,0,0,2,0,0,Puebla
2020-03-08,2,0,0,4,0,0,Puebla
2020-03-09,4,0,0,8,0,0,Puebla
2020-03-10,3,0,0,11,0,0,Puebla
2020-03-11,2,1,0,13,1,0,Puebla
2020-03-12,1,1,0,14,2,0,Puebla
2020-03-13,4,4,0,18,6,0,Puebla
2020-03-14,4,2,0,22,8,0,Puebla
2020-03-15,3,3,0,25,11,0,Puebla
2020-03-16,11,2,0,36,13,0,Puebla
2020-03-17,5,4,0,41,17,0,Puebla
2020-03-18,6,3,0,47,20,0,Puebla
2020-03-19,1,5,0,48,25,0,Puebla
2020-03-20,10,5,0,58,30,0,Puebla
2020-03-21,8,3,0,66,33,0,Puebla
2020-03-22,9,1,0,75,34,0,Puebla
2020-03-23,14,8,0,89,42,0,Puebla
2020-03-24,7,15,0,96,57,0,Puebla
2020-03-25,4,6,0,100,63,0,Puebla
2020-03-26,6,14,0,106,77,0,Puebla
2020-03-27,13,8,1,119,85,1,Puebla
2020-03-28,25,12,1,144,97,2,Puebla
2020-03-29,25,4,0,169,101,2,Puebla
2020-03-30,19,14,0,188,115,2,Puebla
2020-03-31,9,22,1,197,137,3,Puebla
2020-04-01,16,13,1,213,150,4,Puebla
2020-04-02,22,17,1,235,167,5,Puebla
2020-04-03,16,14,1,251,181,6,Puebla
2020-04-04,12,10,2,263,191,8,Puebla
2020-04-05,11,6,3,274,197,11,Puebla
2020-04-06,17,22,4,291,219,15,Puebla
2020-04-07,5,11,7,296,230,22,Puebla
2020-04-08,7,20,1,303,250,23,Puebla
2020-04-09,10,11,1,313,261,24,Puebla
2020-04-10,16,9,4,329,270,28,Puebla
2020-04-11,19,11,4,348,281,32,Puebla
2020-04-12,16,4,2,364,285,34,Puebla
2020-04-13,28,21,2,392,306,36,Puebla
2020-04-14,13,11,4,405,317,40,Puebla
2020-04-15,12,23,1,417,340,41,Puebla
2020-04-16,14,18,4,431,358,45,Puebla
2020-04-17,21,26,2,452,384,47,Puebla
2020-04-18,12,24,6,464,408,53,Puebla
2020-04-19,14,12,4,478,420,57,Puebla
2020-04-20,3,20,3,481,440,60,Puebla
2020-04-21,5,15,2,486,455,62,Puebla
2020-04-22,0,18,2,486,473,64,Puebla
2020-04-23,0,13,1,486,486,65,Puebla
2020-04-24,0,0,0,486,486,65,Puebla
2020-04-25,0,0,0,486,486,65,Puebla
2020-03-05,1,0,0,1,0,0,Querétaro
2020-03-06,0,0,0,1,0,0,Querétaro
2020-03-07,0,0,0,1,0,0,Querétaro
2020-03-08,1,0,0,2,0,0,Querétaro
2020-03-09,1,0,0,3,0,0,Querétaro
2020-03-10,4,2,0,7,2,0,Querétaro
2020-03-11,1,1,0,8,3,0,Querétaro
2020-03-12,0,1,0,8,4,0,Querétaro
2020-03-13,1,2,0,9,6,0,Querétaro
2020-03-14,1,1,0,10,7,0,Querétaro
2020-03-15,1,0,0,11,7,0,Querétaro
2020-03-16,4,0,0,15,7,0,Querétaro
2020-03-17,3,2,0,18,9,0,Querétaro
2020-03-18,2,2,0,20,11,0,Querétaro
2020-03-19,0,3,0,20,14,0,Querétaro
2020-03-20,3,1,0,23,15,0,Querétaro
2020-03-21,2,1,0,25,16,0,Querétaro
2020-03-22,2,0,0,27,16,0,Querétaro
2020-03-23,2,3,0,29,19,0,Querétaro
2020-03-24,0,4,0,29,23,0,Querétaro
2020-03-25,3,2,0,32,25,0,Querétaro
2020-03-26,4,1,0,36,26,0,Querétaro
2020-03-27,2,3,0,38,29,0,Querétaro
2020-03-28,2,0,1,40,29,1,Querétaro
2020-03-29,1,1,0,41,30,1,Querétaro
2020-03-30,1,2,0,42,32,1,Querétaro
2020-03-31,1,4,0,43,36,1,Querétaro
2020-04-01,4,4,0,47,40,1,Querétaro
2020-04-02,2,1,1,49,41,2,Querétaro
2020-04-03,4,4,0,53,45,2,Querétaro
2020-04-04,3,1,0,56,46,2,Querétaro
2020-04-05,2,0,0,58,46,2,Querétaro
2020-04-06,3,4,0,61,50,2,Querétaro
2020-04-07,3,4,0,64,54,2,Querétaro
2020-04-08,1,3,0,65,57,2,Querétaro
2020-04-09,2,3,0,67,60,2,Querétaro
2020-04-10,4,2,1,71,62,3,Querétaro
2020-04-11,5,2,1,76,64,4,Querétaro
2020-04-12,6,1,0,82,65,4,Querétaro
2020-04-13,1,6,0,83,71,4,Querétaro
2020-04-14,4,7,1,87,78,5,Querétaro
2020-04-15,5,2,1,92,80,6,Querétaro
2020-04-16,1,5,0,93,85,6,Querétaro
2020-04-17,4,5,0,97,90,6,Querétaro
2020-04-18,6,1,0,103,91,6,Querétaro
2020-04-19,2,0,0,105,91,6,Querétaro
2020-04-20,1,4,0,106,95,6,Querétaro
2020-04-21,3,1,1,109,96,7,Querétaro
2020-04-22,1,7,0,110,103,7,Querétaro
2020-04-23,0,7,0,110,110,7,Querétaro
2020-04-24,0,0,0,110,110,7,Querétaro
2020-04-25,0,0,0,110,110,7,Querétaro
2020-03-01,1,0,0,1,0,0,Quintana Roo
2020-03-02,0,0,0,1,0,0,Quintana Roo
2020-03-03,0,0,0,1,0,0,Quintana Roo
2020-03-04,0,0,0,1,0,0,Quintana Roo
2020-03-05,0,0,0,1,0,0,Quintana Roo
2020-03-06,0,0,0,1,0,0,Quintana Roo
2020-03-07,0,0,0,1,0,0,Quintana Roo
2020-03-08,1,0,0,2,0,0,Quintana Roo
2020-03-09,1,0,0,3,0,0,Quintana Roo
2020-03-10,0,0,0,3,0,0,Quintana Roo
2020-03-11,3,0,0,6,0,0,Quintana Roo
2020-03-12,1,1,0,7,1,0,Quintana Roo
2020-03-13,3,0,0,10,1,0,Quintana Roo
2020-03-14,4,4,0,14,5,0,Quintana Roo
2020-03-15,6,0,0,20,5,0,Quintana Roo
2020-03-16,2,3,0,22,8,0,Quintana Roo
2020-03-17,4,4,0,26,12,0,Quintana Roo
2020-03-18,7,1,0,33,13,0,Quintana Roo
2020-03-19,4,5,0,37,18,0,Quintana Roo
2020-03-20,8,2,0,45,20,0,Quintana Roo
2020-03-21,10,3,0,55,23,0,Quintana Roo
2020-03-22,6,4,0,61,27,0,Quintana Roo
2020-03-23,10,5,0,71,32,0,Quintana Roo
2020-03-24,6,9,0,77,41,0,Quintana Roo
2020-03-25,12,11,0,89,52,0,Quintana Roo
2020-03-26,6,9,1,95,61,1,Quintana Roo
2020-03-27,21,7,1,116,68,2,Quintana Roo
2020-03-28,16,7,1,132,75,3,Quintana Roo
2020-03-29,18,3,0,150,78,3,Quintana Roo
2020-03-30,16,21,0,166,99,3,Quintana Roo
2020-03-31,13,14,2,179,113,5,Quintana Roo
2020-04-01,19,22,1,198,135,6,Quintana Roo
2020-04-02,15,12,2,213,147,8,Quintana Roo
2020-04-03,18,13,2,231,160,10,Quintana Roo
2020-04-04,13,8,1,244,168,11,Quintana Roo
2020-04-05,24,10,1,268,178,12,Quintana Roo
2020-04-06,26,29,2,294,207,14,Quintana Roo
2020-04-07,13,18,2,307,225,16,Quintana Roo
2020-04-08,19,26,3,326,251,19,Quintana Roo
2020-04-09,23,9,3,349,260,22,Quintana Roo
2020-04-10,26,23,2,375,283,24,Quintana Roo
2020-04-11,28,16,2,403,299,26,Quintana Roo
2020-04-12,22,20,4,425,319,30,Quintana Roo
2020-04-13,18,20,5,443,339,35,Quintana Roo
2020-04-14,14,17,3,457,356,38,Quintana Roo
2020-04-15,15,18,0,472,374,38,Quintana Roo
2020-04-16,22,28,1,494,402,39,Quintana Roo
2020-04-17,16,33,3,510,435,42,Quintana Roo
2020-04-18,13,32,5,523,467,47,Quintana Roo
2020-04-19,7,19,6,530,486,53,Quintana Roo
2020-04-20,5,23,8,535,509,61,Quintana Roo
2020-04-21,5,9,5,540,518,66,Quintana Roo
2020-04-22,0,17,6,540,535,72,Quintana Roo
2020-04-23,0,4,2,540,539,74,Quintana Roo
2020-04-24,0,1,2,540,540,76,Quintana Roo
2020-04-25,0,0,0,540,540,76,Quintana Roo
2020-03-07,1,0,0,1,0,0,San Luis Potosí
2020-03-08,0,0,0,1,0,0,San Luis Potosí
2020-03-09,1,0,0,2,0,0,San Luis Potosí
2020-03-10,0,0,0,2,0,0,San Luis Potosí
2020-03-11,1,0,0,3,0,0,San Luis Potosí
2020-03-12,1,0,0,4,0,0,San Luis Potosí
2020-03-13,0,2,0,4,2,0,San Luis Potosí
2020-03-14,1,0,0,5,2,0,San Luis Potosí
2020-03-15,4,0,0,9,2,0,San Luis Potosí
2020-03-16,2,1,0,11,3,0,San Luis Potosí
2020-03-17,1,5,0,12,8,0,San Luis Potosí
2020-03-18,4,1,0,16,9,0,San Luis Potosí
2020-03-19,2,3,0,18,12,0,San Luis Potosí
2020-03-20,1,3,0,19,15,0,San Luis Potosí
2020-03-21,2,4,0,21,19,0,San Luis Potosí
2020-03-22,3,1,0,24,20,0,San Luis Potosí
2020-03-23,0,2,0,24,22,0,San Luis Potosí
2020-03-24,5,0,1,29,22,1,San Luis Potosí
2020-03-25,3,0,1,32,22,2,San Luis Potosí
2020-03-26,1,1,0,33,23,2,San Luis Potosí
2020-03-27,3,6,0,36,29,2,San Luis Potosí
2020-03-28,1,0,0,37,29,2,San Luis Potosí
2020-03-29,2,6,0,39,35,2,San Luis Potosí
2020-03-30,1,3,1,40,38,3,San Luis Potosí
2020-03-31,4,2,0,44,40,3,San Luis Potosí
2020-04-01,2,0,0,46,40,3,San Luis Potosí
2020-04-02,4,0,0,50,40,3,San Luis Potosí
2020-04-03,4,0,0,54,40,3,San Luis Potosí
2020-04-04,3,3,0,57,43,3,San Luis Potosí
2020-04-05,0,1,0,57,44,3,San Luis Potosí
2020-04-06,1,3,1,58,47,4,San Luis Potosí
2020-04-07,0,4,0,58,51,4,San Luis Potosí
2020-04-08,1,1,0,59,52,4,San Luis Potosí
2020-04-09,1,4,0,60,56,4,San Luis Potosí
2020-04-10,2,1,0,62,57,4,San Luis Potosí
2020-04-11,0,2,0,62,59,4,San Luis Potosí
2020-04-12,1,0,0,63,59,4,San Luis Potosí
2020-04-13,3,1,0,66,60,4,San Luis Potosí
2020-04-14,4,0,0,70,60,4,San Luis Potosí
2020-04-15,1,2,0,71,62,4,San Luis Potosí
2020-04-16,1,2,0,72,64,4,San Luis Potosí
2020-04-17,0,7,1,72,71,5,San Luis Potosí
2020-04-18,1,1,1,73,72,6,San Luis Potosí
2020-04-19,0,0,0,73,72,6,San Luis Potosí
2020-04-20,2,0,0,75,72,6,San Luis Potosí
2020-04-21,0,1,0,75,73,6,San Luis Potosí
2020-04-22,1,0,0,76,73,6,San Luis Potosí
2020-04-23,0,3,0,76,76,6,San Luis Potosí
2020-04-24,0,0,0,76,76,6,San Luis Potosí
2020-04-25,0,0,0,76,76,6,San Luis Potosí
2020-02-22,1,0,0,1,0,0,Sinaloa
2020-02-23,0,0,0,1,0,0,Sinaloa
2020-02-24,0,0,0,1,0,0,Sinaloa
2020-02-25,0,0,0,1,0,0,Sinaloa
2020-02-26,0,0,0,1,0,0,Sinaloa
2020-02-27,0,1,0,1,1,0,Sinaloa
2020-02-28,0,0,0,1,1,0,Sinaloa
2020-02-29,0,0,0,1,1,0,Sinaloa
2020-03-01,1,0,0,2,1,0,Sinaloa
2020-03-02,0,0,0,2,1,0,Sinaloa
2020-03-03,0,0,0,2,1,0,Sinaloa
2020-03-04,0,0,0,2,1,0,Sinaloa
2020-03-05,0,0,0,2,1,0,Sinaloa
2020-03-06,0,0,0,2,1,0,Sinaloa
2020-03-07,0,0,0,2,1,0,Sinaloa
2020-03-08,0,0,0,2,1,0,Sinaloa
2020-03-09,1,0,0,3,1,0,Sinaloa
2020-03-10,0,0,0,3,1,0,Sinaloa
2020-03-11,0,0,0,3,1,0,Sinaloa
2020-03-12,1,0,0,4,1,0,Sinaloa
2020-03-13,0,1,0,4,2,0,Sinaloa
2020-03-14,2,0,0,6,2,0,Sinaloa
2020-03-15,1,0,0,7,2,0,Sinaloa
2020-03-16,3,1,0,10,3,0,Sinaloa
2020-03-17,2,1,0,12,4,0,Sinaloa
2020-03-18,1,0,0,13,4,0,Sinaloa
2020-03-19,3,0,0,16,4,0,Sinaloa
2020-03-20,6,1,0,22,5,0,Sinaloa
2020-03-21,6,0,0,28,5,0,Sinaloa
2020-03-22,6,1,0,34,6,0,Sinaloa
2020-03-23,16,2,0,50,8,0,Sinaloa
2020-03-24,12,6,0,62,14,0,Sinaloa
2020-03-25,9,7,0,71,21,0,Sinaloa
2020-03-26,11,9,1,82,30,1,Sinaloa
2020-03-27,13,9,0,95,39,1,Sinaloa
2020-03-28,10,5,1,105,44,2,Sinaloa
2020-03-29,15,6,1,120,50,3,Sinaloa
2020-03-30,16,11,0,136,61,3,Sinaloa
2020-03-31,24,15,1,160,76,4,Sinaloa
2020-04-01,18,14,2,178,90,6,Sinaloa
2020-04-02,21,28,3,199,118,9,Sinaloa
2020-04-03,27,9,2,226,127,11,Sinaloa
2020-04-04,25,10,2,251,137,13,Sinaloa
2020-04-05,22,15,0,273,152,13,Sinaloa
2020-04-06,30,29,1,303,181,14,Sinaloa
2020-04-07,29,20,2,332,201,16,Sinaloa
2020-04-08,37,30,5,369,231,21,Sinaloa
2020-04-09,35,12,5,404,243,26,Sinaloa
2020-04-10,46,33,7,450,276,33,Sinaloa
2020-04-11,35,23,8,485,299,41,Sinaloa
2020-04-12,35,21,5,520,320,46,Sinaloa
2020-04-13,35,41,7,555,361,53,Sinaloa
2020-04-14,29,46,4,584,407,57,Sinaloa
2020-04-15,19,48,4,603,455,61,Sinaloa
2020-04-16,27,40,3,630,495,64,Sinaloa
2020-04-17,28,35,4,658,530,68,Sinaloa
2020-04-18,15,27,4,673,557,72,Sinaloa
2020-04-19,22,28,3,695,585,75,Sinaloa
2020-04-20,9,55,8,704,640,83,Sinaloa
2020-04-21,4,39,4,708,679,87,Sinaloa
2020-04-22,3,21,7,711,700,94,Sinaloa
2020-04-23,0,10,3,711,710,97,Sinaloa
2020-04-24,0,1,1,711,711,98,Sinaloa
2020-04-25,0,0,0,711,711,98,Sinaloa
2020-03-11,2,0,0,2,0,0,Sonora
2020-03-12,2,0,0,4,0,0,Sonora
2020-03-13,0,0,0,4,0,0,Sonora
2020-03-14,0,0,0,4,0,0,Sonora
2020-03-15,1,1,0,5,1,0,Sonora
2020-03-16,2,0,0,7,1,0,Sonora
2020-03-17,3,2,0,10,3,0,Sonora
2020-03-18,1,1,0,11,4,0,Sonora
2020-03-19,2,0,0,13,4,0,Sonora
2020-03-20,1,1,0,14,5,0,Sonora
2020-03-21,0,1,0,14,6,0,Sonora
2020-03-22,2,0,0,16,6,0,Sonora
2020-03-23,3,2,0,19,8,0,Sonora
2020-03-24,2,3,0,21,11,0,Sonora
2020-03-25,1,2,0,22,13,0,Sonora
2020-03-26,3,0,0,25,13,0,Sonora
2020-03-27,3,3,0,28,16,0,Sonora
2020-03-28,5,3,0,33,19,0,Sonora
2020-03-29,0,0,0,33,19,0,Sonora
2020-03-30,1,1,1,34,20,1,Sonora
2020-03-31,4,5,0,38,25,1,Sonora
2020-04-01,7,1,0,45,26,1,Sonora
2020-04-02,2,2,0,47,28,1,Sonora
2020-04-03,5,1,0,52,29,1,Sonora
2020-04-04,6,5,0,58,34,1,Sonora
2020-04-05,4,2,1,62,36,2,Sonora
2020-04-06,16,10,1,78,46,3,Sonora
2020-04-07,4,7,1,82,53,4,Sonora
2020-04-08,4,8,1,86,61,5,Sonora
2020-04-09,9,4,1,95,65,6,Sonora
2020-04-10,11,4,0,106,69,6,Sonora
2020-04-11,3,4,1,109,73,7,Sonora
2020-04-12,5,3,3,114,76,10,Sonora
2020-04-13,5,14,0,119,90,10,Sonora
2020-04-14,2,3,1,121,93,11,Sonora
2020-04-15,1,9,1,122,102,12,Sonora
2020-04-16,1,6,0,123,108,12,Sonora
2020-04-17,3,2,1,126,110,13,Sonora
2020-04-18,6,8,0,132,118,13,Sonora
2020-04-19,1,3,0,133,121,13,Sonora
2020-04-20,1,6,1,134,127,14,Sonora
2020-04-21,1,6,2,135,133,16,Sonora
2020-04-22,0,2,1,135,135,17,Sonora
2020-04-23,0,0,0,135,135,17,Sonora
2020-04-24,0,0,1,135,135,18,Sonora
2020-04-25,0,0,0,135,135,18,Sonora
2020-03-09,3,0,0,3,0,0,Tabasco
2020-03-10,2,0,0,5,0,0,Tabasco
2020-03-11,0,0,0,5,0,0,Tabasco
2020-03-12,0,0,0,5,0,0,Tabasco
2020-03-13,2,0,0,7,0,0,Tabasco
2020-03-14,2,0,0,9,0,0,Tabasco
2020-03-15,1,0,0,10,0,0,Tabasco
2020-03-16,3,0,0,13,0,0,Tabasco
2020-03-17,2,1,0,15,1,0,Tabasco
2020-03-18,5,2,0,20,3,0,Tabasco
2020-03-19,8,2,0,28,5,0,Tabasco
2020-03-20,4,2,0,32,7,0,Tabasco
2020-03-21,5,0,0,37,7,0,Tabasco
2020-03-22,3,0,0,40,7,0,Tabasco
2020-03-23,7,3,0,47,10,0,Tabasco
2020-03-24,6,10,0,53,20,0,Tabasco
2020-03-25,11,3,0,64,23,0,Tabasco
2020-03-26,6,5,0,70,28,0,Tabasco
2020-03-27,6,10,0,76,38,0,Tabasco
2020-03-28,16,1,0,92,39,0,Tabasco
2020-03-29,12,9,0,104,48,0,Tabasco
2020-03-30,12,9,0,116,57,0,Tabasco
2020-03-31,8,11,1,124,68,1,Tabasco
2020-04-01,13,8,3,137,76,4,Tabasco
2020-04-02,16,15,0,153,91,4,Tabasco
2020-04-03,13,20,1,166,111,5,Tabasco
2020-04-04,23,3,0,189,114,5,Tabasco
2020-04-05,17,8,3,206,122,8,Tabasco
2020-04-06,27,7,2,233,129,10,Tabasco
2020-04-07,29,11,0,262,140,10,Tabasco
2020-04-08,29,18,1,291,158,11,Tabasco
2020-04-09,39,12,1,330,170,12,Tabasco
2020-04-10,45,13,0,375,183,12,Tabasco
2020-04-11,24,13,1,399,196,13,Tabasco
2020-04-12,35,26,2,434,222,15,Tabasco
2020-04-13,37,29,4,471,251,19,Tabasco
2020-04-14,56,46,5,527,297,24,Tabasco
2020-04-15,35,35,3,562,332,27,Tabasco
2020-04-16,30,40,3,592,372,30,Tabasco
2020-04-17,25,50,10,617,422,40,Tabasco
2020-04-18,25,47,9,642,469,49,Tabasco
2020-04-19,24,40,8,666,509,57,Tabasco
2020-04-20,12,50,5,678,559,62,Tabasco
2020-04-21,11,48,3,689,607,65,Tabasco
2020-04-22,7,53,9,696,660,74,Tabasco
2020-04-23,4,26,8,700,686,82,Tabasco
2020-04-24,0,14,4,700,700,86,Tabasco
2020-04-25,0,0,0,700,700,86,Tabasco
2020-03-13,1,0,0,1,0,0,Tamaulipas
2020-03-14,2,0,0,3,0,0,Tamaulipas
2020-03-15,0,1,0,3,1,0,Tamaulipas
2020-03-16,3,1,0,6,2,0,Tamaulipas
2020-03-17,0,0,0,6,2,0,Tamaulipas
2020-03-18,0,0,0,6,2,0,Tamaulipas
2020-03-19,0,1,0,6,3,0,Tamaulipas
2020-03-20,3,1,0,9,4,0,Tamaulipas
2020-03-21,1,0,0,10,4,0,Tamaulipas
2020-03-22,1,1,0,11,5,0,Tamaulipas
2020-03-23,1,1,0,12,6,0,Tamaulipas
2020-03-24,1,1,0,13,7,0,Tamaulipas
2020-03-25,1,0,0,14,7,0,Tamaulipas
2020-03-26,4,0,0,18,7,0,Tamaulipas
2020-03-27,3,1,0,21,8,0,Tamaulipas
2020-03-28,1,1,0,22,9,0,Tamaulipas
2020-03-29,0,3,0,22,12,0,Tamaulipas
2020-03-30,9,4,0,31,16,0,Tamaulipas
2020-03-31,4,4,0,35,20,0,Tamaulipas
2020-04-01,5,5,0,40,25,0,Tamaulipas
2020-04-02,4,1,0,44,26,0,Tamaulipas
2020-04-03,1,4,1,45,30,1,Tamaulipas
2020-04-04,7,3,1,52,33,2,Tamaulipas
2020-04-05,3,1,0,55,34,2,Tamaulipas
2020-04-06,3,8,1,58,42,3,Tamaulipas
2020-04-07,6,4,0,64,46,3,Tamaulipas
2020-04-08,3,3,0,67,49,3,Tamaulipas
2020-04-09,3,2,0,70,51,3,Tamaulipas
2020-04-10,5,3,0,75,54,3,Tamaulipas
2020-04-11,8,1,0,83,55,3,Tamaulipas
2020-04-12,8,7,0,91,62,3,Tamaulipas
2020-04-13,22,5,0,113,67,3,Tamaulipas
2020-04-14,12,16,1,125,83,4,Tamaulipas
2020-04-15,9,14,1,134,97,5,Tamaulipas
2020-04-16,17,23,0,151,120,5,Tamaulipas
2020-04-17,18,16,1,169,136,6,Tamaulipas
2020-04-18,15,7,0,184,143,6,Tamaulipas
2020-04-19,6,5,0,190,148,6,Tamaulipas
2020-04-20,10,19,3,200,167,9,Tamaulipas
2020-04-21,4,15,0,204,182,9,Tamaulipas
2020-04-22,4,14,0,208,196,9,Tamaulipas
2020-04-23,9,21,2,217,217,11,Tamaulipas
2020-04-24,0,0,0,217,217,11,Tamaulipas
2020-04-25,0,0,0,217,217,11,Tamaulipas
2020-03-16,2,0,0,2,0,0,Tlaxcala
2020-03-17,1,0,0,3,0,0,Tlaxcala
2020-03-18,0,0,0,3,0,0,Tlaxcala
2020-03-19,0,0,0,3,0,0,Tlaxcala
2020-03-20,0,0,0,3,0,0,Tlaxcala
2020-03-21,0,0,0,3,0,0,Tlaxcala
2020-03-22,1,0,0,4,0,0,Tlaxcala
2020-03-23,1,2,0,5,2,0,Tlaxcala
2020-03-24,2,2,0,7,4,0,Tlaxcala
2020-03-25,2,0,0,9,4,0,Tlaxcala
2020-03-26,0,0,0,9,4,0,Tlaxcala
2020-03-27,1,1,0,10,5,0,Tlaxcala
2020-03-28,9,2,0,19,7,0,Tlaxcala
2020-03-29,2,0,0,21,7,0,Tlaxcala
2020-03-30,4,1,0,25,8,0,Tlaxcala
2020-03-31,3,0,0,28,8,0,Tlaxcala
2020-04-01,5,4,0,33,12,0,Tlaxcala
2020-04-02,4,1,0,37,13,0,Tlaxcala
2020-04-03,5,0,0,42,13,0,Tlaxcala
2020-04-04,8,2,0,50,15,0,Tlaxcala
2020-04-05,2,5,0,52,20,0,Tlaxcala
2020-04-06,4,8,0,56,28,0,Tlaxcala
2020-04-07,6,7,0,62,35,0,Tlaxcala
2020-04-08,10,6,1,72,41,1,Tlaxcala
2020-04-09,2,1,0,74,42,1,Tlaxcala
2020-04-10,11,7,0,85,49,1,Tlaxcala
2020-04-11,1,7,0,86,56,1,Tlaxcala
2020-04-12,2,2,3,88,58,4,Tlaxcala
2020-04-13,5,7,0,93,65,4,Tlaxcala
2020-04-14,9,6,1,102,71,5,Tlaxcala
2020-04-15,6,4,0,108,75,5,Tlaxcala
2020-04-16,8,6,0,116,81,5,Tlaxcala
2020-04-17,5,5,1,121,86,6,Tlaxcala
2020-04-18,3,5,0,124,91,6,Tlaxcala
2020-04-19,3,9,2,127,100,8,Tlaxcala
2020-04-20,1,9,0,128,109,8,Tlaxcala
2020-04-21,3,7,2,131,116,10,Tlaxcala
2020-04-22,1,5,1,132,121,11,Tlaxcala
2020-04-23,1,8,1,133,129,12,Tlaxcala
2020-04-24,0,4,1,133,133,13,Tlaxcala
2020-04-25,0,0,0,133,133,13,Tlaxcala
2020-01-08,1,1,0,1,1,0,Veracruz
2020-01-09,0,0,0,1,1,0,Veracruz
2020-01-10,0,0,0,1,1,0,Veracruz
2020-01-11,0,0,0,1,1,0,Veracruz
2020-01-12,0,0,0,1,1,0,Veracruz
2020-01-13,0,0,0,1,1,0,Veracruz
2020-01-14,0,0,0,1,1,0,Veracruz
2020-01-15,0,0,0,1,1,0,Veracruz
2020-01-16,0,0,0,1,1,0,Veracruz
2020-01-17,0,0,0,1,1,0,Veracruz
2020-01-18,0,0,0,1,1,0,Veracruz
2020-01-19,0,0,0,1,1,0,Veracruz
2020-01-20,0,0,0,1,1,0,Veracruz
2020-01-21,0,0,0,1,1,0,Veracruz
2020-01-22,0,0,0,1,1,0,Veracruz
2020-01-23,0,0,0,1,1,0,Veracruz
2020-01-24,0,0,0,1,1,0,Veracruz
2020-01-25,0,0,0,1,1,0,Veracruz
2020-01-26,0,0,0,1,1,0,Veracruz
2020-01-27,0,0,0,1,1,0,Veracruz
2020-01-28,0,0,0,1,1,0,Veracruz
2020-01-29,0,0,0,1,1,0,Veracruz
2020-01-30,0,0,0,1,1,0,Veracruz
2020-01-31,0,0,0,1,1,0,Veracruz
2020-02-01,0,0,0,1,1,0,Veracruz
2020-02-02,0,0,0,1,1,0,Veracruz
2020-02-03,0,0,0,1,1,0,Veracruz
2020-02-04,0,0,0,1,1,0,Veracruz
2020-02-05,0,0,0,1,1,0,Veracruz
2020-02-06,0,0,0,1,1,0,Veracruz
2020-02-07,0,0,0,1,1,0,Veracruz
2020-02-08,0,0,0,1,1,0,Veracruz
2020-02-09,0,0,0,1,1,0,Veracruz
2020-02-10,0,0,0,1,1,0,Veracruz
2020-02-11,0,0,0,1,1,0,Veracruz
2020-02-12,0,0,0,1,1,0,Veracruz
2020-02-13,0,0,0,1,1,0,Veracruz
2020-02-14,0,0,0,1,1,0,Veracruz
2020-02-15,0,0,0,1,1,0,Veracruz
2020-02-16,0,0,0,1,1,0,Veracruz
2020-02-17,0,0,0,1,1,0,Veracruz
2020-02-18,0,0,0,1,1,0,Veracruz
2020-02-19,0,0,0,1,1,0,Veracruz
2020-02-20,0,0,0,1,1,0,Veracruz
2020-02-21,0,0,0,1,1,0,Veracruz
2020-02-22,0,0,0,1,1,0,Veracruz
2020-02-23,0,0,0,1,1,0,Veracruz
2020-02-24,0,0,0,1,1,0,Veracruz
2020-02-25,0,0,0,1,1,0,Veracruz
2020-02-26,0,0,0,1,1,0,Veracruz
2020-02-27,0,0,0,1,1,0,Veracruz
2020-02-28,0,0,0,1,1,0,Veracruz
2020-02-29,0,0,0,1,1,0,Veracruz
2020-03-01,0,0,0,1,1,0,Veracruz
2020-03-02,0,0,0,1,1,0,Veracruz
2020-03-03,1,0,0,2,1,0,Veracruz
2020-03-04,0,0,0,2,1,0,Veracruz
2020-03-05,0,0,0,2,1,0,Veracruz
2020-03-06,0,0,0,2,1,0,Veracruz
2020-03-07,0,0,0,2,1,0,Veracruz
2020-03-08,0,0,0,2,1,0,Veracruz
2020-03-09,0,0,0,2,1,0,Veracruz
2020-03-10,0,0,0,2,1,0,Veracruz
2020-03-11,0,0,0,2,1,0,Veracruz
2020-03-12,4,0,0,6,1,0,Veracruz
2020-03-13,0,0,0,6,1,0,Veracruz
2020-03-14,3,0,0,9,1,0,Veracruz
2020-03-15,2,2,0,11,3,0,Veracruz
2020-03-16,2,0,0,13,3,0,Veracruz
2020-03-17,2,0,0,15,3,0,Veracruz
2020-03-18,4,7,0,19,10,0,Veracruz
2020-03-19,2,5,0,21,15,0,Veracruz
2020-03-20,7,1,0,28,16,0,Veracruz
2020-03-21,1,1,0,29,17,0,Veracruz
2020-03-22,1,0,0,30,17,0,Veracruz
2020-03-23,5,4,0,35,21,0,Veracruz
2020-03-24,0,2,0,35,23,0,Veracruz
2020-03-25,3,2,0,38,25,0,Veracruz
2020-03-26,4,4,0,42,29,0,Veracruz
2020-03-27,4,1,0,46,30,0,Veracruz
2020-03-28,3,1,1,49,31,1,Veracruz
2020-03-29,4,1,0,53,32,1,Veracruz
2020-03-30,4,3,0,57,35,1,Veracruz
2020-03-31,5,2,0,62,37,1,Veracruz
2020-04-01,4,8,1,66,45,2,Veracruz
2020-04-02,10,5,0,76,50,2,Veracruz
2020-04-03,6,6,1,82,56,3,Veracruz
2020-04-04,5,2,0,87,58,3,Veracruz
2020-04-05,7,2,0,94,60,3,Veracruz
2020-04-06,8,6,0,102,66,3,Veracruz
2020-04-07,12,9,0,114,75,3,Veracruz
2020-04-08,18,4,0,132,79,3,Veracruz
2020-04-09,16,11,1,148,90,4,Veracruz
2020-04-10,16,8,0,164,98,4,Veracruz
2020-04-11,18,10,0,182,108,4,Veracruz
2020-04-12,22,9,3,204,117,7,Veracruz
2020-04-13,25,11,1,229,128,8,Veracruz
2020-04-14,13,11,1,242,139,9,Veracruz
2020-04-15,21,25,0,263,164,9,Veracruz
2020-04-16,13,31,1,276,195,10,Veracruz
2020-04-17,5,30,1,281,225,11,Veracruz
2020-04-18,6,14,2,287,239,13,Veracruz
2020-04-19,5,14,4,292,253,17,Veracruz
2020-04-20,3,23,3,295,276,20,Veracruz
2020-04-21,4,13,3,299,289,23,Veracruz
2020-04-22,0,8,0,299,297,23,Veracruz
2020-04-23,0,2,0,299,299,23,Veracruz
2020-04-24,0,0,0,299,299,23,Veracruz
2020-04-25,0,0,0,299,299,23,Veracruz
2020-02-19,1,0,0,1,0,0,Yucatán
2020-02-20,0,0,0,1,0,0,Yucatán
2020-02-21,0,0,0,1,0,0,Yucatán
2020-02-22,0,0,0,1,0,0,Yucatán
2020-02-23,0,0,0,1,0,0,Yucatán
2020-02-24,0,0,0,1,0,0,Yucatán
2020-02-25,0,0,0,1,0,0,Yucatán
2020-02-26,0,0,0,1,0,0,Yucatán
2020-02-27,0,0,0,1,0,0,Yucatán
2020-02-28,0,0,0,1,0,0,Yucatán
2020-02-29,0,0,0,1,0,0,Yucatán
2020-03-01,0,0,0,1,0,0,Yucatán
2020-03-02,0,0,0,1,0,0,Yucatán
2020-03-03,0,0,0,1,0,0,Yucatán
2020-03-04,0,0,0,1,0,0,Yucatán
2020-03-05,0,0,0,1,0,0,Yucatán
2020-03-06,0,0,0,1,0,0,Yucatán
2020-03-07,1,0,0,2,0,0,Yucatán
2020-03-08,4,1,0,6,1,0,Yucatán
2020-03-09,1,0,0,7,1,0,Yucatán
2020-03-10,2,0,0,9,1,0,Yucatán
2020-03-11,3,0,0,12,1,0,Yucatán
2020-03-12,1,1,0,13,2,0,Yucatán
2020-03-13,5,0,0,18,2,0,Yucatán
2020-03-14,3,0,0,21,2,0,Yucatán
2020-03-15,1,4,0,22,6,0,Yucatán
2020-03-16,2,2,0,24,8,0,Yucatán
2020-03-17,5,6,0,29,14,0,Yucatán
2020-03-18,5,0,0,34,14,0,Yucatán
2020-03-19,8,2,0,42,16,0,Yucatán
2020-03-20,4,3,0,46,19,0,Yucatán
2020-03-21,4,0,0,50,19,0,Yucatán
2020-03-22,5,8,0,55,27,0,Yucatán
2020-03-23,3,5,0,58,32,0,Yucatán
2020-03-24,3,8,0,61,40,0,Yucatán
2020-03-25,1,3,0,62,43,0,Yucatán
2020-03-26,3,0,0,65,43,0,Yucatán
2020-03-27,4,3,0,69,46,0,Yucatán
2020-03-28,6,4,0,75,50,0,Yucatán
2020-03-29,7,2,0,82,52,0,Yucatán
2020-03-30,5,10,0,87,62,0,Yucatán
2020-03-31,6,4,0,93,66,0,Yucatán
2020-04-01,6,8,0,99,74,0,Yucatán
2020-04-02,7,2,0,106,76,0,Yucatán
2020-04-03,11,8,2,117,84,2,Yucatán
2020-04-04,6,2,0,123,86,2,Yucatán
2020-04-05,4,5,0,127,91,2,Yucatán
2020-04-06,11,12,1,138,103,3,Yucatán
2020-04-07,11,11,2,149,114,5,Yucatán
2020-04-08,12,9,0,161,123,5,Yucatán
2020-04-09,3,10,0,164,133,5,Yucatán
2020-04-10,5,4,2,169,137,7,Yucatán
2020-04-11,16,7,0,185,144,7,Yucatán
2020-04-12,16,4,0,201,148,7,Yucatán
2020-04-13,14,16,0,215,164,7,Yucatán
2020-04-14,9,19,0,224,183,7,Yucatán
2020-04-15,10,22,3,234,205,10,Yucatán
2020-04-16,13,12,1,247,217,11,Yucatán
2020-04-17,7,12,1,254,229,12,Yucatán
2020-04-18,16,5,0,270,234,12,Yucatán
2020-04-19,12,4,1,282,238,13,Yucatán
2020-04-20,11,19,1,293,257,14,Yucatán
2020-04-21,5,17,3,298,274,17,Yucatán
2020-04-22,0,9,1,298,283,18,Yucatán
2020-04-23,1,16,2,299,299,20,Yucatán
2020-04-24,0,0,0,299,299,20,Yucatán
2020-04-25,0,0,0,299,299,20,Yucatán
2020-03-09,1,0,0,1,0,0,Zacatecas
2020-03-10,0,0,0,1,0,0,Zacatecas
2020-03-11,0,0,0,1,0,0,Zacatecas
2020-03-12,1,0,0,2,0,0,Zacatecas
2020-03-13,0,0,0,2,0,0,Zacatecas
2020-03-14,0,0,0,2,0,0,Zacatecas
2020-03-15,0,0,0,2,0,0,Zacatecas
2020-03-16,1,1,0,3,1,0,Zacatecas
2020-03-17,0,0,0,3,1,0,Zacatecas
2020-03-18,1,0,0,4,1,0,Zacatecas
2020-03-19,3,0,0,7,1,0,Zacatecas
2020-03-20,0,1,0,7,2,0,Zacatecas
2020-03-21,2,1,0,9,3,0,Zacatecas
2020-03-22,1,1,0,10,4,0,Zacatecas
2020-03-23,0,0,0,10,4,0,Zacatecas
2020-03-24,0,1,0,10,5,0,Zacatecas
2020-03-25,0,0,0,10,5,0,Zacatecas
2020-03-26,0,0,0,10,5,0,Zacatecas
2020-03-27,0,3,0,10,8,0,Zacatecas
2020-03-28,0,1,0,10,9,0,Zacatecas
2020-03-29,0,0,0,10,9,0,Zacatecas
2020-03-30,0,0,0,10,9,0,Zacatecas
2020-03-31,2,0,1,12,9,1,Zacatecas
2020-04-01,0,0,0,12,9,1,Zacatecas
2020-04-02,2,1,0,14,10,1,Zacatecas
2020-04-03,2,0,0,16,10,1,Zacatecas
2020-04-04,0,1,1,16,11,2,Zacatecas
2020-04-05,0,1,0,16,12,2,Zacatecas
2020-04-06,0,1,0,16,13,2,Zacatecas
2020-04-07,1,0,0,17,13,2,Zacatecas
2020-04-08,6,2,0,23,15,2,Zacatecas
2020-04-09,1,1,0,24,16,2,Zacatecas
2020-04-10,4,0,0,28,16,2,Zacatecas
2020-04-11,4,2,0,32,18,2,Zacatecas
2020-04-12,2,1,0,34,19,2,Zacatecas
2020-04-13,2,0,0,36,19,2,Zacatecas
2020-04-14,2,1,0,38,20,2,Zacatecas
2020-04-15,1,6,0,39,26,2,Zacatecas
2020-04-16,6,2,0,45,28,2,Zacatecas
2020-04-17,2,2,0,47,30,2,Zacatecas
2020-04-18,5,7,0,52,37,2,Zacatecas
2020-04-19,5,1,1,57,38,3,Zacatecas
2020-04-20,0,10,0,57,48,3,Zacatecas
2020-04-21,0,1,0,57,49,3,Zacatecas
2020-04-22,0,2,0,57,51,3,Zacatecas
2020-04-23,0,6,1,57,57,4,Zacatecas
2020-04-24,0,0,0,57,57,4,Zacatecas
2020-04-25,0,0,0,57,57,4,Zacatecas
