fecha,sintomas_nuevos,ingreso_nuevos,muertes_nuevas,sintomas_acumulados,ingreso_acumulados,muertes_acumuladas,estado
2020-03-10,1,0,0,1,0,0,Aguascalientes
2020-03-11,0,0,0,1,0,0,Aguascalientes
2020-03-12,1,0,0,2,0,0,Aguascalientes
2020-03-13,0,0,0,2,0,0,Aguascalientes
2020-03-14,1,1,0,3,1,0,Aguascalientes
2020-03-15,1,0,0,4,1,0,Aguascalientes
2020-03-16,2,0,0,6,1,0,Aguascalientes
2020-03-17,2,1,0,8,2,0,Aguascalientes
2020-03-18,4,2,0,12,4,0,Aguascalientes
2020-03-19,2,1,0,14,5,0,Aguascalientes
2020-03-20,3,2,0,17,7,0,Aguascalientes
2020-03-21,0,1,0,17,8,0,Aguascalientes
2020-03-22,5,1,0,22,9,0,Aguascalientes
2020-03-23,9,4,0,31,13,0,Aguascalientes
2020-03-24,5,0,0,36,13,0,Aguascalientes
2020-03-25,5,17,0,41,30,0,Aguascalientes
2020-03-26,4,4,0,45,34,0,Aguascalientes
2020-03-27,5,6,0,50,40,0,Aguascalientes
2020-03-28,2,5,0,52,45,0,Aguascalientes
2020-03-29,2,3,0,54,48,0,Aguascalientes
2020-03-30,3,4,0,57,52,0,Aguascalientes
2020-03-31,1,1,0,58,53,0,Aguascalientes
2020-04-01,1,0,0,59,53,0,Aguascalientes
2020-04-02,2,0,0,61,53,0,Aguascalientes
2020-04-03,1,1,0,62,54,0,Aguascalientes
2020-04-04,0,0,0,62,54,0,Aguascalientes
2020-04-05,1,3,0,63,57,0,Aguascalientes
2020-04-06,4,4,0,67,61,0,Aguascalientes
2020-04-07,5,1,0,72,62,0,Aguascalientes
2020-04-08,2,1,0,74,63,0,Aguascalientes
2020-04-09,2,0,0,76,63,0,Aguascalientes
2020-04-10,2,2,1,78,65,1,Aguascalientes
2020-04-11,6,1,0,84,66,1,Aguascalientes
2020-04-12,2,2,0,86,68,1,Aguascalientes
2020-04-13,1,6,1,87,74,2,Aguascalientes
2020-04-14,4,0,0,91,74,2,Aguascalientes
2020-04-15,7,9,0,98,83,2,Aguascalientes
2020-04-16,3,4,0,101,87,2,Aguascalientes
2020-04-17,2,9,0,103,96,2,Aguascalientes
2020-04-18,2,6,0,105,102,2,Aguascalientes
2020-04-19,1,1,0,106,103,2,Aguascalientes
2020-04-20,0,1,0,106,104,2,Aguascalientes
2020-04-21,0,0,0,106,104,2,Aguascalientes
2020-04-22,0,2,0,106,106,2,Aguascalientes
2020-04-23,0,0,0,106,106,2,Aguascalientes
2020-01-17,1,0,0,1,0,0,Baja California
2020-01-18,0,0,0,1,0,0,Baja California
2020-01-19,0,0,0,1,0,0,Baja California
2020-01-20,0,0,0,1,0,0,Baja California
2020-01-21,0,0,0,1,0,0,Baja California
2020-01-22,0,0,0,1,0,0,Baja California
2020-01-23,0,0,0,1,0,0,Baja California
2020-01-24,0,0,0,1,0,0,Baja California
2020-01-25,0,0,0,1,0,0,Baja California
2020-01-26,0,0,0,1,0,0,Baja California
2020-01-27,0,0,0,1,0,0,Baja California
2020-01-28,0,0,0,1,0,0,Baja California
2020-01-29,0,0,0,1,0,0,Baja California
2020-01-30,0,0,0,1,0,0,Baja California
2020-01-31,0,0,0,1,0,0,Baja California
2020-02-01,0,0,0,1,0,0,Baja California
2020-02-02,0,0,0,1,0,0,Baja California
2020-02-03,0,0,0,1,0,0,Baja California
2020-02-04,0,0,0,1,0,0,Baja California
2020-02-05,0,0,0,1,0,0,Baja California
2020-02-06,1,0,0,2,0,0,Baja California
2020-02-07,1,0,0,3,0,0,Baja California
2020-02-08,0,0,0,3,0,0,Baja California
2020-02-09,0,0,0,3,0,0,Baja California
2020-02-10,0,0,0,3,0,0,Baja California
2020-02-11,0,0,0,3,0,0,Baja California
2020-02-12,0,1,0,3,1,0,Baja California
2020-02-13,0,0,0,3,1,0,Baja California
2020-02-14,0,0,0,3,1,0,Baja California
2020-02-15,0,0,0,3,1,0,Baja California
2020-02-16,0,0,0,3,1,0,Baja California
2020-02-17,1,0,0,4,1,0,Baja California
2020-02-18,0,0,0,4,1,0,Baja California
2020-02-19,0,1,0,4,2,0,Baja California
2020-02-20,0,0,0,4,2,0,Baja California
2020-02-21,0,0,0,4,2,0,Baja California
2020-02-22,0,0,0,4,2,0,Baja California
2020-02-23,0,0,0,4,2,0,Baja California
2020-02-24,0,0,0,4,2,0,Baja California
2020-02-25,0,0,0,4,2,0,Baja California
2020-02-26,0,0,0,4,2,0,Baja California
2020-02-27,0,0,0,4,2,0,Baja California
2020-02-28,0,0,0,4,2,0,Baja California
2020-02-29,0,0,0,4,2,0,Baja California
2020-03-01,0,0,0,4,2,0,Baja California
2020-03-02,0,0,0,4,2,0,Baja California
2020-03-03,0,0,0,4,2,0,Baja California
2020-03-04,0,0,0,4,2,0,Baja California
2020-03-05,0,0,0,4,2,0,Baja California
2020-03-06,0,0,0,4,2,0,Baja California
2020-03-07,0,0,0,4,2,0,Baja California
2020-03-08,0,0,0,4,2,0,Baja California
2020-03-09,1,0,0,5,2,0,Baja California
2020-03-10,0,0,0,5,2,0,Baja California
2020-03-11,2,1,0,7,3,0,Baja California
2020-03-12,2,0,0,9,3,0,Baja California
2020-03-13,4,0,0,13,3,0,Baja California
2020-03-14,2,0,0,15,3,0,Baja California
2020-03-15,2,0,0,17,3,0,Baja California
2020-03-16,5,1,0,22,4,0,Baja California
2020-03-17,5,3,0,27,7,0,Baja California
2020-03-18,11,4,0,38,11,0,Baja California
2020-03-19,10,5,0,48,16,0,Baja California
2020-03-20,15,6,0,63,22,0,Baja California
2020-03-21,6,3,0,69,25,0,Baja California
2020-03-22,7,2,0,76,27,0,Baja California
2020-03-23,17,10,0,93,37,0,Baja California
2020-03-24,20,9,0,113,46,0,Baja California
2020-03-25,17,7,0,130,53,0,Baja California
2020-03-26,22,11,0,152,64,0,Baja California
2020-03-27,24,17,0,176,81,0,Baja California
2020-03-28,24,7,0,200,88,0,Baja California
2020-03-29,36,20,1,236,108,1,Baja California
2020-03-30,38,28,2,274,136,3,Baja California
2020-03-31,32,41,2,306,177,5,Baja California
2020-04-01,50,61,2,356,238,7,Baja California
2020-04-02,61,26,5,417,264,12,Baja California
2020-04-03,48,36,3,465,300,15,Baja California
2020-04-04,52,24,5,517,324,20,Baja California
2020-04-05,45,19,1,562,343,21,Baja California
2020-04-06,50,66,8,612,409,29,Baja California
2020-04-07,46,35,4,658,444,33,Baja California
2020-04-08,59,67,5,717,511,38,Baja California
2020-04-09,68,58,4,785,569,42,Baja California
2020-04-10,78,45,6,863,614,48,Baja California
2020-04-11,52,38,7,915,652,55,Baja California
2020-04-12,55,37,10,970,689,65,Baja California
2020-04-13,28,78,5,998,767,70,Baja California
2020-04-14,32,102,8,1030,869,78,Baja California
2020-04-15,9,69,14,1039,938,92,Baja California
2020-04-16,22,58,6,1061,996,98,Baja California
2020-04-17,9,34,8,1070,1030,106,Baja California
2020-04-18,3,15,2,1073,1045,108,Baja California
2020-04-19,2,6,9,1075,1051,117,Baja California
2020-04-20,0,23,5,1075,1074,122,Baja California
2020-04-21,0,1,3,1075,1075,125,Baja California
2020-04-22,0,0,0,1075,1075,125,Baja California
2020-04-23,0,0,0,1075,1075,125,Baja California
2020-03-13,1,0,0,1,0,0,Baja California Sur
2020-03-14,0,0,0,1,0,0,Baja California Sur
2020-03-15,0,0,0,1,0,0,Baja California Sur
2020-03-16,3,0,0,4,0,0,Baja California Sur
2020-03-17,1,0,0,5,0,0,Baja California Sur
2020-03-18,1,1,0,6,1,0,Baja California Sur
2020-03-19,0,0,0,6,1,0,Baja California Sur
2020-03-20,1,1,0,7,2,0,Baja California Sur
2020-03-21,4,1,0,11,3,0,Baja California Sur
2020-03-22,5,0,0,16,3,0,Baja California Sur
2020-03-23,5,4,0,21,7,0,Baja California Sur
2020-03-24,2,2,0,23,9,0,Baja California Sur
2020-03-25,5,0,0,28,9,0,Baja California Sur
2020-03-26,5,2,0,33,11,0,Baja California Sur
2020-03-27,8,4,0,41,15,0,Baja California Sur
2020-03-28,10,4,0,51,19,0,Baja California Sur
2020-03-29,4,1,1,55,20,1,Baja California Sur
2020-03-30,13,13,0,68,33,1,Baja California Sur
2020-03-31,13,7,1,81,40,2,Baja California Sur
2020-04-01,17,5,0,98,45,2,Baja California Sur
2020-04-02,17,11,0,115,56,2,Baja California Sur
2020-04-03,21,16,0,136,72,2,Baja California Sur
2020-04-04,19,6,1,155,78,3,Baja California Sur
2020-04-05,17,5,1,172,83,4,Baja California Sur
2020-04-06,13,18,0,185,101,4,Baja California Sur
2020-04-07,5,24,0,190,125,4,Baja California Sur
2020-04-08,6,23,1,196,148,5,Baja California Sur
2020-04-09,6,25,0,202,173,5,Baja California Sur
2020-04-10,10,9,0,212,182,5,Baja California Sur
2020-04-11,10,7,1,222,189,6,Baja California Sur
2020-04-12,9,5,1,231,194,7,Baja California Sur
2020-04-13,1,11,0,232,205,7,Baja California Sur
2020-04-14,3,14,0,235,219,7,Baja California Sur
2020-04-15,4,5,0,239,224,7,Baja California Sur
2020-04-16,1,9,1,240,233,8,Baja California Sur
2020-04-17,0,5,1,240,238,9,Baja California Sur
2020-04-18,0,1,0,240,239,9,Baja California Sur
2020-04-19,1,1,0,241,240,9,Baja California Sur
2020-04-20,0,0,1,241,240,10,Baja California Sur
2020-04-21,0,1,0,241,241,10,Baja California Sur
2020-04-22,0,0,1,241,241,11,Baja California Sur
2020-04-23,0,0,0,241,241,11,Baja California Sur
2020-02-23,1,0,0,1,0,0,Campeche
2020-02-24,0,0,0,1,0,0,Campeche
2020-02-25,0,0,0,1,0,0,Campeche
2020-02-26,0,0,0,1,0,0,Campeche
2020-02-27,0,0,0,1,0,0,Campeche
2020-02-28,0,0,0,1,0,0,Campeche
2020-02-29,0,0,0,1,0,0,Campeche
2020-03-01,0,0,0,1,0,0,Campeche
2020-03-02,0,0,0,1,0,0,Campeche
2020-03-03,0,0,0,1,0,0,Campeche
2020-03-04,0,0,0,1,0,0,Campeche
2020-03-05,0,0,0,1,0,0,Campeche
2020-03-06,0,0,0,1,0,0,Campeche
2020-03-07,0,0,0,1,0,0,Campeche
2020-03-08,1,1,0,2,1,0,Campeche
2020-03-09,1,0,0,3,1,0,Campeche
2020-03-10,0,0,0,3,1,0,Campeche
2020-03-11,0,0,0,3,1,0,Campeche
2020-03-12,1,1,0,4,2,0,Campeche
2020-03-13,0,0,0,4,2,0,Campeche
2020-03-14,0,1,0,4,3,0,Campeche
2020-03-15,0,0,0,4,3,0,Campeche
2020-03-16,0,0,0,4,3,0,Campeche
2020-03-17,0,0,0,4,3,0,Campeche
2020-03-18,1,0,0,5,3,0,Campeche
2020-03-19,0,0,0,5,3,0,Campeche
2020-03-20,1,0,0,6,3,0,Campeche
2020-03-21,0,0,0,6,3,0,Campeche
2020-03-22,0,0,0,6,3,0,Campeche
2020-03-23,1,1,0,7,4,0,Campeche
2020-03-24,0,0,0,7,4,0,Campeche
2020-03-25,2,0,0,9,4,0,Campeche
2020-03-26,0,1,0,9,5,0,Campeche
2020-03-27,2,3,0,11,8,0,Campeche
2020-03-28,2,0,0,13,8,0,Campeche
2020-03-29,0,1,0,13,9,0,Campeche
2020-03-30,2,0,0,15,9,0,Campeche
2020-03-31,1,0,0,16,9,0,Campeche
2020-04-01,1,0,0,17,9,0,Campeche
2020-04-02,1,2,0,18,11,0,Campeche
2020-04-03,4,1,0,22,12,0,Campeche
2020-04-04,2,0,0,24,12,0,Campeche
2020-04-05,1,3,0,25,15,0,Campeche
2020-04-06,2,2,1,27,17,1,Campeche
2020-04-07,1,0,0,28,17,1,Campeche
2020-04-08,4,0,0,32,17,1,Campeche
2020-04-09,1,2,0,33,19,1,Campeche
2020-04-10,4,1,1,37,20,2,Campeche
2020-04-11,4,5,0,41,25,2,Campeche
2020-04-12,1,2,0,42,27,2,Campeche
2020-04-13,2,2,0,44,29,2,Campeche
2020-04-14,1,4,1,45,33,3,Campeche
2020-04-15,2,2,0,47,35,3,Campeche
2020-04-16,2,4,0,49,39,3,Campeche
2020-04-17,0,1,1,49,40,4,Campeche
2020-04-18,0,5,0,49,45,4,Campeche
2020-04-19,0,1,1,49,46,5,Campeche
2020-04-20,0,1,0,49,47,5,Campeche
2020-04-21,0,2,0,49,49,5,Campeche
2020-04-22,0,0,0,49,49,5,Campeche
2020-04-23,0,0,0,49,49,5,Campeche
2020-02-27,1,0,0,1,0,0,Coahuila
2020-02-28,0,1,0,1,1,0,Coahuila
2020-02-29,0,0,0,1,1,0,Coahuila
2020-03-01,0,0,0,1,1,0,Coahuila
2020-03-02,0,0,0,1,1,0,Coahuila
2020-03-03,0,0,0,1,1,0,Coahuila
2020-03-04,1,0,0,2,1,0,Coahuila
2020-03-05,0,0,0,2,1,0,Coahuila
2020-03-06,0,0,0,2,1,0,Coahuila
2020-03-07,0,0,0,2,1,0,Coahuila
2020-03-08,0,0,0,2,1,0,Coahuila
2020-03-09,0,0,0,2,1,0,Coahuila
2020-03-10,1,0,0,3,1,0,Coahuila
2020-03-11,0,2,0,3,3,0,Coahuila
2020-03-12,0,0,0,3,3,0,Coahuila
2020-03-13,1,0,0,4,3,0,Coahuila
2020-03-14,0,0,0,4,3,0,Coahuila
2020-03-15,0,0,0,4,3,0,Coahuila
2020-03-16,2,1,0,6,4,0,Coahuila
2020-03-17,3,2,0,9,6,0,Coahuila
2020-03-18,4,2,0,13,8,0,Coahuila
2020-03-19,2,3,0,15,11,0,Coahuila
2020-03-20,6,4,0,21,15,0,Coahuila
2020-03-21,8,0,0,29,15,0,Coahuila
2020-03-22,3,0,0,32,15,0,Coahuila
2020-03-23,10,1,0,42,16,0,Coahuila
2020-03-24,7,5,0,49,21,0,Coahuila
2020-03-25,7,0,0,56,21,0,Coahuila
2020-03-26,10,3,0,66,24,0,Coahuila
2020-03-27,18,4,0,84,28,0,Coahuila
2020-03-28,15,4,1,99,32,1,Coahuila
2020-03-29,15,11,0,114,43,1,Coahuila
2020-03-30,22,19,1,136,62,2,Coahuila
2020-03-31,11,13,1,147,75,3,Coahuila
2020-04-01,13,18,0,160,93,3,Coahuila
2020-04-02,11,16,2,171,109,5,Coahuila
2020-04-03,10,21,2,181,130,7,Coahuila
2020-04-04,14,10,0,195,140,7,Coahuila
2020-04-05,8,4,2,203,144,9,Coahuila
2020-04-06,13,25,1,216,169,10,Coahuila
2020-04-07,12,7,4,228,176,14,Coahuila
2020-04-08,10,19,0,238,195,14,Coahuila
2020-04-09,7,7,1,245,202,15,Coahuila
2020-04-10,8,11,1,253,213,16,Coahuila
2020-04-11,7,7,0,260,220,16,Coahuila
2020-04-12,5,5,0,265,225,16,Coahuila
2020-04-13,8,14,0,273,239,16,Coahuila
2020-04-14,6,14,3,279,253,19,Coahuila
2020-04-15,4,13,1,283,266,20,Coahuila
2020-04-16,3,4,3,286,270,23,Coahuila
2020-04-17,1,8,0,287,278,23,Coahuila
2020-04-18,1,1,0,288,279,23,Coahuila
2020-04-19,1,2,1,289,281,24,Coahuila
2020-04-20,1,2,3,290,283,27,Coahuila
2020-04-21,5,12,1,295,295,28,Coahuila
2020-04-22,0,0,1,295,295,29,Coahuila
2020-04-23,0,0,1,295,295,30,Coahuila
2020-03-12,1,0,0,1,0,0,Colima
2020-03-13,0,0,0,1,0,0,Colima
2020-03-14,0,1,0,1,1,0,Colima
2020-03-15,1,0,0,2,1,0,Colima
2020-03-16,0,1,0,2,2,0,Colima
2020-03-17,0,0,0,2,2,0,Colima
2020-03-18,0,0,0,2,2,0,Colima
2020-03-19,0,0,0,2,2,0,Colima
2020-03-20,0,0,0,2,2,0,Colima
2020-03-21,0,0,0,2,2,0,Colima
2020-03-22,0,0,0,2,2,0,Colima
2020-03-23,0,0,0,2,2,0,Colima
2020-03-24,1,1,0,3,3,0,Colima
2020-03-25,1,0,0,4,3,0,Colima
2020-03-26,0,0,0,4,3,0,Colima
2020-03-27,0,0,0,4,3,0,Colima
2020-03-28,2,0,0,6,3,0,Colima
2020-03-29,1,0,0,7,3,0,Colima
2020-03-30,0,1,0,7,4,0,Colima
2020-03-31,0,1,0,7,5,0,Colima
2020-04-01,0,2,0,7,7,0,Colima
2020-04-02,0,0,0,7,7,0,Colima
2020-04-03,0,0,0,7,7,0,Colima
2020-04-04,0,0,0,7,7,0,Colima
2020-04-05,0,0,0,7,7,0,Colima
2020-04-06,1,0,0,8,7,0,Colima
2020-04-07,1,0,0,9,7,0,Colima
2020-04-08,0,0,0,9,7,0,Colima
2020-04-09,0,0,0,9,7,0,Colima
2020-04-10,0,0,0,9,7,0,Colima
2020-04-11,2,1,0,11,8,0,Colima
2020-04-12,2,2,0,13,10,0,Colima
2020-04-13,0,0,1,13,10,1,Colima
2020-04-14,0,0,0,13,10,1,Colima
2020-04-15,2,1,0,15,11,1,Colima
2020-04-16,0,1,1,15,12,2,Colima
2020-04-17,0,2,0,15,14,2,Colima
2020-04-18,1,1,0,16,15,2,Colima
2020-04-19,0,1,0,16,16,2,Colima
2020-04-20,0,0,0,16,16,2,Colima
2020-04-21,0,0,0,16,16,2,Colima
2020-04-22,0,0,0,16,16,2,Colima
2020-04-23,0,0,0,16,16,2,Colima
2020-02-25,1,0,0,1,0,0,Chiapas
2020-02-26,0,0,0,1,0,0,Chiapas
2020-02-27,0,0,0,1,0,0,Chiapas
2020-02-28,0,0,0,1,0,0,Chiapas
2020-02-29,0,1,0,1,1,0,Chiapas
2020-03-01,0,0,0,1,1,0,Chiapas
2020-03-02,0,0,0,1,1,0,Chiapas
2020-03-03,0,0,0,1,1,0,Chiapas
2020-03-04,0,0,0,1,1,0,Chiapas
2020-03-05,0,0,0,1,1,0,Chiapas
2020-03-06,0,0,0,1,1,0,Chiapas
2020-03-07,0,0,0,1,1,0,Chiapas
2020-03-08,0,0,0,1,1,0,Chiapas
2020-03-09,0,0,0,1,1,0,Chiapas
2020-03-10,0,0,0,1,1,0,Chiapas
2020-03-11,0,0,0,1,1,0,Chiapas
2020-03-12,0,0,0,1,1,0,Chiapas
2020-03-13,1,0,0,2,1,0,Chiapas
2020-03-14,1,0,0,3,1,0,Chiapas
2020-03-15,0,0,0,3,1,0,Chiapas
2020-03-16,0,0,0,3,1,0,Chiapas
2020-03-17,0,0,0,3,1,0,Chiapas
2020-03-18,0,1,0,3,2,0,Chiapas
2020-03-19,0,0,0,3,2,0,Chiapas
2020-03-20,2,0,0,5,2,0,Chiapas
2020-03-21,2,0,0,7,2,0,Chiapas
2020-03-22,3,0,0,10,2,0,Chiapas
2020-03-23,4,3,0,14,5,0,Chiapas
2020-03-24,1,0,0,15,5,0,Chiapas
2020-03-25,4,2,0,19,7,0,Chiapas
2020-03-26,0,0,0,19,7,0,Chiapas
2020-03-27,3,5,0,22,12,0,Chiapas
2020-03-28,4,1,0,26,13,0,Chiapas
2020-03-29,1,0,0,27,13,0,Chiapas
2020-03-30,1,1,0,28,14,0,Chiapas
2020-03-31,3,2,0,31,16,0,Chiapas
2020-04-01,2,4,0,33,20,0,Chiapas
2020-04-02,2,2,0,35,22,0,Chiapas
2020-04-03,4,5,0,39,27,0,Chiapas
2020-04-04,4,2,0,43,29,0,Chiapas
2020-04-05,1,1,0,44,30,0,Chiapas
2020-04-06,2,5,1,46,35,1,Chiapas
2020-04-07,5,2,0,51,37,1,Chiapas
2020-04-08,4,5,0,55,42,1,Chiapas
2020-04-09,2,3,1,57,45,2,Chiapas
2020-04-10,2,3,0,59,48,2,Chiapas
2020-04-11,6,1,1,65,49,3,Chiapas
2020-04-12,3,0,0,68,49,3,Chiapas
2020-04-13,6,6,0,74,55,3,Chiapas
2020-04-14,4,5,0,78,60,3,Chiapas
2020-04-15,7,5,0,85,65,3,Chiapas
2020-04-16,9,3,0,94,68,3,Chiapas
2020-04-17,3,9,0,97,77,3,Chiapas
2020-04-18,1,3,0,98,80,3,Chiapas
2020-04-19,1,5,1,99,85,4,Chiapas
2020-04-20,0,7,0,99,92,4,Chiapas
2020-04-21,0,6,0,99,98,4,Chiapas
2020-04-22,0,1,1,99,99,5,Chiapas
2020-04-23,0,0,0,99,99,5,Chiapas
2020-03-12,2,0,0,2,0,0,Chihuahua
2020-03-13,1,1,0,3,1,0,Chihuahua
2020-03-14,0,1,0,3,2,0,Chihuahua
2020-03-15,1,0,0,4,2,0,Chihuahua
2020-03-16,1,0,0,5,2,0,Chihuahua
2020-03-17,1,0,0,6,2,0,Chihuahua
2020-03-18,2,1,0,8,3,0,Chihuahua
2020-03-19,1,1,0,9,4,0,Chihuahua
2020-03-20,3,3,0,12,7,0,Chihuahua
2020-03-21,1,1,0,13,8,0,Chihuahua
2020-03-22,1,1,0,14,9,0,Chihuahua
2020-03-23,1,0,0,15,9,0,Chihuahua
2020-03-24,4,1,0,19,10,0,Chihuahua
2020-03-25,4,1,0,23,11,0,Chihuahua
2020-03-26,5,2,0,28,13,0,Chihuahua
2020-03-27,0,2,0,28,15,0,Chihuahua
2020-03-28,4,2,0,32,17,0,Chihuahua
2020-03-29,6,5,0,38,22,0,Chihuahua
2020-03-30,1,3,0,39,25,0,Chihuahua
2020-03-31,10,5,0,49,30,0,Chihuahua
2020-04-01,6,6,0,55,36,0,Chihuahua
2020-04-02,10,6,0,65,42,0,Chihuahua
2020-04-03,13,6,2,78,48,2,Chihuahua
2020-04-04,3,6,1,81,54,3,Chihuahua
2020-04-05,6,10,1,87,64,4,Chihuahua
2020-04-06,7,8,2,94,72,6,Chihuahua
2020-04-07,9,6,5,103,78,11,Chihuahua
2020-04-08,11,8,5,114,86,16,Chihuahua
2020-04-09,6,5,4,120,91,20,Chihuahua
2020-04-10,13,7,1,133,98,21,Chihuahua
2020-04-11,10,9,0,143,107,21,Chihuahua
2020-04-12,5,6,4,148,113,25,Chihuahua
2020-04-13,6,12,3,154,125,28,Chihuahua
2020-04-14,6,10,1,160,135,29,Chihuahua
2020-04-15,16,11,3,176,146,32,Chihuahua
2020-04-16,7,15,1,183,161,33,Chihuahua
2020-04-17,5,7,4,188,168,37,Chihuahua
2020-04-18,5,2,2,193,170,39,Chihuahua
2020-04-19,0,5,1,193,175,40,Chihuahua
2020-04-20,0,12,0,193,187,40,Chihuahua
2020-04-21,0,6,1,193,193,41,Chihuahua
2020-04-22,0,0,0,193,193,41,Chihuahua
2020-04-23,0,0,0,193,193,41,Chihuahua
2020-02-17,1,0,0,1,0,0,Ciudad de México
2020-02-18,1,1,0,2,1,0,Ciudad de México
2020-02-19,0,0,0,2,1,0,Ciudad de México
2020-02-20,0,0,0,2,1,0,Ciudad de México
2020-02-21,0,0,0,2,1,0,Ciudad de México
2020-02-22,1,0,0,3,1,0,Ciudad de México
2020-02-23,1,0,0,4,1,0,Ciudad de México
2020-02-24,0,0,0,4,1,0,Ciudad de México
2020-02-25,1,0,0,5,1,0,Ciudad de México
2020-02-26,0,0,0,5,1,0,Ciudad de México
2020-02-27,0,2,0,5,3,0,Ciudad de México
2020-02-28,2,0,0,7,3,0,Ciudad de México
2020-02-29,1,0,0,8,3,0,Ciudad de México
2020-03-01,2,0,0,10,3,0,Ciudad de México
2020-03-02,3,0,0,13,3,0,Ciudad de México
2020-03-03,2,0,0,15,3,0,Ciudad de México
2020-03-04,3,0,0,18,3,0,Ciudad de México
2020-03-05,2,1,0,20,4,0,Ciudad de México
2020-03-06,5,0,0,25,4,0,Ciudad de México
2020-03-07,8,0,0,33,4,0,Ciudad de México
2020-03-08,5,1,0,38,5,0,Ciudad de México
2020-03-09,18,0,0,56,5,0,Ciudad de México
2020-03-10,21,3,0,77,8,0,Ciudad de México
2020-03-11,19,12,0,96,20,0,Ciudad de México
2020-03-12,15,17,0,111,37,0,Ciudad de México
2020-03-13,31,24,0,142,61,0,Ciudad de México
2020-03-14,33,21,0,175,82,0,Ciudad de México
2020-03-15,33,10,0,208,92,0,Ciudad de México
2020-03-16,39,24,0,247,116,0,Ciudad de México
2020-03-17,22,31,0,269,147,0,Ciudad de México
2020-03-18,24,31,0,293,178,0,Ciudad de México
2020-03-19,32,37,0,325,215,0,Ciudad de México
2020-03-20,48,22,0,373,237,0,Ciudad de México
2020-03-21,19,11,0,392,248,0,Ciudad de México
2020-03-22,27,10,0,419,258,0,Ciudad de México
2020-03-23,36,24,1,455,282,1,Ciudad de México
2020-03-24,38,32,0,493,314,1,Ciudad de México
2020-03-25,36,23,1,529,337,2,Ciudad de México
2020-03-26,73,42,3,602,379,5,Ciudad de México
2020-03-27,51,38,3,653,417,8,Ciudad de México
2020-03-28,51,40,1,704,457,9,Ciudad de México
2020-03-29,43,33,2,747,490,11,Ciudad de México
2020-03-30,81,65,4,828,555,15,Ciudad de México
2020-03-31,62,42,6,890,597,21,Ciudad de México
2020-04-01,103,46,5,993,643,26,Ciudad de México
2020-04-02,91,54,5,1084,697,31,Ciudad de México
2020-04-03,92,71,7,1176,768,38,Ciudad de México
2020-04-04,108,45,5,1284,813,43,Ciudad de México
2020-04-05,104,45,3,1388,858,46,Ciudad de México
2020-04-06,124,99,14,1512,957,60,Ciudad de México
2020-04-07,116,113,9,1628,1070,69,Ciudad de México
2020-04-08,119,114,5,1747,1184,74,Ciudad de México
2020-04-09,142,117,13,1889,1301,87,Ciudad de México
2020-04-10,224,125,19,2113,1426,106,Ciudad de México
2020-04-11,136,90,19,2249,1516,125,Ciudad de México
2020-04-12,134,101,6,2383,1617,131,Ciudad de México
2020-04-13,161,201,11,2544,1818,142,Ciudad de México
2020-04-14,120,198,15,2664,2016,157,Ciudad de México
2020-04-15,145,178,15,2809,2194,172,Ciudad de México
2020-04-16,94,184,15,2903,2378,187,Ciudad de México
2020-04-17,100,224,5,3003,2602,192,Ciudad de México
2020-04-18,81,113,11,3084,2715,203,Ciudad de México
2020-04-19,44,114,9,3128,2829,212,Ciudad de México
2020-04-20,21,219,7,3149,3048,219,Ciudad de México
2020-04-21,8,96,4,3157,3144,223,Ciudad de México
2020-04-22,0,13,4,3157,3157,227,Ciudad de México
2020-04-23,0,0,0,3157,3157,227,Ciudad de México
2020-03-06,1,0,0,1,0,0,Durango
2020-03-07,0,0,0,1,0,0,Durango
2020-03-08,0,0,0,1,0,0,Durango
2020-03-09,1,0,0,2,0,0,Durango
2020-03-10,0,0,0,2,0,0,Durango
2020-03-11,1,1,0,3,1,0,Durango
2020-03-12,0,0,0,3,1,0,Durango
2020-03-13,0,1,0,3,2,0,Durango
2020-03-14,0,1,0,3,3,0,Durango
2020-03-15,1,0,0,4,3,0,Durango
2020-03-16,0,0,0,4,3,0,Durango
2020-03-17,0,1,0,4,4,0,Durango
2020-03-18,2,1,1,6,5,1,Durango
2020-03-19,1,0,0,7,5,1,Durango
2020-03-20,0,0,0,7,5,1,Durango
2020-03-21,0,1,0,7,6,1,Durango
2020-03-22,0,0,0,7,6,1,Durango
2020-03-23,2,1,0,9,7,1,Durango
2020-03-24,1,1,1,10,8,2,Durango
2020-03-25,1,1,0,11,9,2,Durango
2020-03-26,0,0,0,11,9,2,Durango
2020-03-27,0,0,0,11,9,2,Durango
2020-03-28,1,0,0,12,9,2,Durango
2020-03-29,1,0,0,13,9,2,Durango
2020-03-30,2,2,0,15,11,2,Durango
2020-03-31,0,2,1,15,13,3,Durango
2020-04-01,0,1,1,15,14,4,Durango
2020-04-02,1,0,0,16,14,4,Durango
2020-04-03,0,0,0,16,14,4,Durango
2020-04-04,0,0,0,16,14,4,Durango
2020-04-05,0,0,0,16,14,4,Durango
2020-04-06,1,1,0,17,15,4,Durango
2020-04-07,0,0,0,17,15,4,Durango
2020-04-08,1,0,0,18,15,4,Durango
2020-04-09,0,1,0,18,16,4,Durango
2020-04-10,4,0,0,22,16,4,Durango
2020-04-11,4,0,0,26,16,4,Durango
2020-04-12,1,0,0,27,16,4,Durango
2020-04-13,3,0,0,30,16,4,Durango
2020-04-14,4,0,0,34,16,4,Durango
2020-04-15,0,2,0,34,18,4,Durango
2020-04-16,1,2,0,35,20,4,Durango
2020-04-17,0,0,0,35,20,4,Durango
2020-04-18,0,2,0,35,22,4,Durango
2020-04-19,1,10,0,36,32,4,Durango
2020-04-20,1,3,0,37,35,4,Durango
2020-04-21,1,3,1,38,38,5,Durango
2020-04-22,0,0,0,38,38,5,Durango
2020-04-23,0,0,0,38,38,5,Durango
2020-02-07,1,1,0,1,1,0,Guanajuato
2020-02-08,0,0,0,1,1,0,Guanajuato
2020-02-09,0,0,0,1,1,0,Guanajuato
2020-02-10,0,0,0,1,1,0,Guanajuato
2020-02-11,0,0,0,1,1,0,Guanajuato
2020-02-12,0,0,0,1,1,0,Guanajuato
2020-02-13,0,0,0,1,1,0,Guanajuato
2020-02-14,0,0,0,1,1,0,Guanajuato
2020-02-15,0,0,0,1,1,0,Guanajuato
2020-02-16,0,0,0,1,1,0,Guanajuato
2020-02-17,0,0,0,1,1,0,Guanajuato
2020-02-18,0,0,0,1,1,0,Guanajuato
2020-02-19,0,0,0,1,1,0,Guanajuato
2020-02-20,0,0,0,1,1,0,Guanajuato
2020-02-21,0,0,0,1,1,0,Guanajuato
2020-02-22,0,0,0,1,1,0,Guanajuato
2020-02-23,0,0,0,1,1,0,Guanajuato
2020-02-24,0,0,0,1,1,0,Guanajuato
2020-02-25,0,0,0,1,1,0,Guanajuato
2020-02-26,0,0,0,1,1,0,Guanajuato
2020-02-27,0,0,0,1,1,0,Guanajuato
2020-02-28,0,0,0,1,1,0,Guanajuato
2020-02-29,0,0,0,1,1,0,Guanajuato
2020-03-01,0,0,0,1,1,0,Guanajuato
2020-03-02,0,0,0,1,1,0,Guanajuato
2020-03-03,0,0,0,1,1,0,Guanajuato
2020-03-04,0,0,0,1,1,0,Guanajuato
2020-03-05,0,0,0,1,1,0,Guanajuato
2020-03-06,0,0,0,1,1,0,Guanajuato
2020-03-07,0,0,0,1,1,0,Guanajuato
2020-03-08,0,0,0,1,1,0,Guanajuato
2020-03-09,0,0,0,1,1,0,Guanajuato
2020-03-10,1,0,0,2,1,0,Guanajuato
2020-03-11,0,0,0,2,1,0,Guanajuato
2020-03-12,2,0,0,4,1,0,Guanajuato
2020-03-13,0,1,0,4,2,0,Guanajuato
2020-03-14,3,0,0,7,2,0,Guanajuato
2020-03-15,3,2,0,10,4,0,Guanajuato
2020-03-16,10,2,0,20,6,0,Guanajuato
2020-03-17,4,0,0,24,6,0,Guanajuato
2020-03-18,2,1,0,26,7,0,Guanajuato
2020-03-19,1,1,0,27,8,0,Guanajuato
2020-03-20,7,4,0,34,12,0,Guanajuato
2020-03-21,4,11,0,38,23,0,Guanajuato
2020-03-22,5,1,0,43,24,0,Guanajuato
2020-03-23,2,6,0,45,30,0,Guanajuato
2020-03-24,3,1,0,48,31,0,Guanajuato
2020-03-25,3,4,0,51,35,0,Guanajuato
2020-03-26,5,6,0,56,41,0,Guanajuato
2020-03-27,4,5,0,60,46,0,Guanajuato
2020-03-28,1,4,0,61,50,0,Guanajuato
2020-03-29,0,1,0,61,51,0,Guanajuato
2020-03-30,1,4,0,62,55,0,Guanajuato
2020-03-31,1,1,0,63,56,0,Guanajuato
2020-04-01,7,1,0,70,57,0,Guanajuato
2020-04-02,7,2,0,77,59,0,Guanajuato
2020-04-03,5,4,0,82,63,0,Guanajuato
2020-04-04,3,3,0,85,66,0,Guanajuato
2020-04-05,5,3,2,90,69,2,Guanajuato
2020-04-06,2,7,0,92,76,2,Guanajuato
2020-04-07,1,6,1,93,82,3,Guanajuato
2020-04-08,3,8,0,96,90,3,Guanajuato
2020-04-09,4,2,1,100,92,4,Guanajuato
2020-04-10,5,2,1,105,94,5,Guanajuato
2020-04-11,4,3,0,109,97,5,Guanajuato
2020-04-12,7,1,0,116,98,5,Guanajuato
2020-04-13,10,2,0,126,100,5,Guanajuato
2020-04-14,19,3,2,145,103,7,Guanajuato
2020-04-15,15,13,1,160,116,8,Guanajuato
2020-04-16,10,12,0,170,128,8,Guanajuato
2020-04-17,4,27,2,174,155,10,Guanajuato
2020-04-18,7,10,0,181,165,10,Guanajuato
2020-04-19,2,9,0,183,174,10,Guanajuato
2020-04-20,0,6,0,183,180,10,Guanajuato
2020-04-21,0,3,1,183,183,11,Guanajuato
2020-04-22,0,0,3,183,183,14,Guanajuato
2020-04-23,0,0,0,183,183,14,Guanajuato
2020-03-08,1,0,0,1,0,0,Guerrero
2020-03-09,1,0,0,2,0,0,Guerrero
2020-03-10,0,0,0,2,0,0,Guerrero
2020-03-11,0,0,0,2,0,0,Guerrero
2020-03-12,1,0,0,3,0,0,Guerrero
2020-03-13,1,2,0,4,2,0,Guerrero
2020-03-14,0,0,0,4,2,0,Guerrero
2020-03-15,2,0,0,6,2,0,Guerrero
2020-03-16,1,1,0,7,3,0,Guerrero
2020-03-17,2,3,0,9,6,0,Guerrero
2020-03-18,2,1,0,11,7,0,Guerrero
2020-03-19,2,0,0,13,7,0,Guerrero
2020-03-20,3,0,0,16,7,0,Guerrero
2020-03-21,3,1,0,19,8,0,Guerrero
2020-03-22,1,0,0,20,8,0,Guerrero
2020-03-23,3,1,0,23,9,0,Guerrero
2020-03-24,1,0,0,24,9,0,Guerrero
2020-03-25,1,3,0,25,12,0,Guerrero
2020-03-26,3,4,0,28,16,0,Guerrero
2020-03-27,0,3,0,28,19,0,Guerrero
2020-03-28,1,3,1,29,22,1,Guerrero
2020-03-29,2,1,0,31,23,1,Guerrero
2020-03-30,5,2,0,36,25,1,Guerrero
2020-03-31,5,5,0,41,30,1,Guerrero
2020-04-01,4,3,0,45,33,1,Guerrero
2020-04-02,5,1,0,50,34,1,Guerrero
2020-04-03,8,1,0,58,35,1,Guerrero
2020-04-04,10,3,2,68,38,3,Guerrero
2020-04-05,6,3,0,74,41,3,Guerrero
2020-04-06,8,8,2,82,49,5,Guerrero
2020-04-07,4,11,0,86,60,5,Guerrero
2020-04-08,13,6,0,99,66,5,Guerrero
2020-04-09,7,7,1,106,73,6,Guerrero
2020-04-10,10,5,0,116,78,6,Guerrero
2020-04-11,7,5,0,123,83,6,Guerrero
2020-04-12,5,11,1,128,94,7,Guerrero
2020-04-13,13,15,1,141,109,8,Guerrero
2020-04-14,2,6,1,143,115,9,Guerrero
2020-04-15,7,5,2,150,120,11,Guerrero
2020-04-16,4,10,0,154,130,11,Guerrero
2020-04-17,2,8,1,156,138,12,Guerrero
2020-04-18,4,6,2,160,144,14,Guerrero
2020-04-19,2,5,3,162,149,17,Guerrero
2020-04-20,1,12,1,163,161,18,Guerrero
2020-04-21,0,2,4,163,163,22,Guerrero
2020-04-22,0,0,1,163,163,23,Guerrero
2020-04-23,0,0,0,163,163,23,Guerrero
2020-02-22,1,0,0,1,0,0,Hidalgo
2020-02-23,0,0,0,1,0,0,Hidalgo
2020-02-24,0,0,0,1,0,0,Hidalgo
2020-02-25,0,0,0,1,0,0,Hidalgo
2020-02-26,0,0,0,1,0,0,Hidalgo
2020-02-27,0,1,0,1,1,0,Hidalgo
2020-02-28,0,0,0,1,1,0,Hidalgo
2020-02-29,0,0,0,1,1,0,Hidalgo
2020-03-01,0,0,0,1,1,0,Hidalgo
2020-03-02,0,0,0,1,1,0,Hidalgo
2020-03-03,0,0,0,1,1,0,Hidalgo
2020-03-04,0,0,0,1,1,0,Hidalgo
2020-03-05,0,0,0,1,1,0,Hidalgo
2020-03-06,0,0,0,1,1,0,Hidalgo
2020-03-07,1,0,0,2,1,0,Hidalgo
2020-03-08,1,0,0,3,1,0,Hidalgo
2020-03-09,0,0,0,3,1,0,Hidalgo
2020-03-10,0,0,0,3,1,0,Hidalgo
2020-03-11,0,0,0,3,1,0,Hidalgo
2020-03-12,1,0,0,4,1,0,Hidalgo
2020-03-13,3,0,0,7,1,0,Hidalgo
2020-03-14,1,0,0,8,1,0,Hidalgo
2020-03-15,0,1,0,8,2,0,Hidalgo
2020-03-16,1,0,0,9,2,0,Hidalgo
2020-03-17,0,2,0,9,4,0,Hidalgo
2020-03-18,2,0,0,11,4,0,Hidalgo
2020-03-19,2,0,0,13,4,0,Hidalgo
2020-03-20,3,3,0,16,7,0,Hidalgo
2020-03-21,1,3,0,17,10,0,Hidalgo
2020-03-22,0,0,0,17,10,0,Hidalgo
2020-03-23,5,1,0,22,11,0,Hidalgo
2020-03-24,3,1,0,25,12,0,Hidalgo
2020-03-25,2,4,0,27,16,0,Hidalgo
2020-03-26,3,4,0,30,20,0,Hidalgo
2020-03-27,4,5,1,34,25,1,Hidalgo
2020-03-28,2,0,1,36,25,2,Hidalgo
2020-03-29,5,2,0,41,27,2,Hidalgo
2020-03-30,7,7,1,48,34,3,Hidalgo
2020-03-31,4,7,0,52,41,3,Hidalgo
2020-04-01,0,4,1,52,45,4,Hidalgo
2020-04-02,0,1,0,52,46,4,Hidalgo
2020-04-03,4,2,1,56,48,5,Hidalgo
2020-04-04,1,2,0,57,50,5,Hidalgo
2020-04-05,4,1,0,61,51,5,Hidalgo
2020-04-06,7,2,0,68,53,5,Hidalgo
2020-04-07,1,3,0,69,56,5,Hidalgo
2020-04-08,3,1,2,72,57,7,Hidalgo
2020-04-09,3,0,0,75,57,7,Hidalgo
2020-04-10,7,7,0,82,64,7,Hidalgo
2020-04-11,8,3,0,90,67,7,Hidalgo
2020-04-12,5,5,0,95,72,7,Hidalgo
2020-04-13,11,7,0,106,79,7,Hidalgo
2020-04-14,5,6,2,111,85,9,Hidalgo
2020-04-15,4,4,2,115,89,11,Hidalgo
2020-04-16,6,3,0,121,92,11,Hidalgo
2020-04-17,2,7,0,123,99,11,Hidalgo
2020-04-18,4,4,2,127,103,13,Hidalgo
2020-04-19,0,12,1,127,115,14,Hidalgo
2020-04-20,1,7,0,128,122,14,Hidalgo
2020-04-21,0,6,0,128,128,14,Hidalgo
2020-04-22,0,0,0,128,128,14,Hidalgo
2020-04-23,0,0,0,128,128,14,Hidalgo
2020-03-01,2,0,0,2,0,0,Jalisco
2020-03-02,0,0,0,2,0,0,Jalisco
2020-03-03,0,0,0,2,0,0,Jalisco
2020-03-04,1,0,0,3,0,0,Jalisco
2020-03-05,0,0,0,3,0,0,Jalisco
2020-03-06,2,0,0,5,0,0,Jalisco
2020-03-07,1,0,0,6,0,0,Jalisco
2020-03-08,3,0,0,9,0,0,Jalisco
2020-03-09,3,0,0,12,0,0,Jalisco
2020-03-10,4,0,0,16,0,0,Jalisco
2020-03-11,6,1,0,22,1,0,Jalisco
2020-03-12,8,3,0,30,4,0,Jalisco
2020-03-13,8,3,0,38,7,0,Jalisco
2020-03-14,8,5,0,46,12,0,Jalisco
2020-03-15,2,2,0,48,14,0,Jalisco
2020-03-16,6,12,0,54,26,0,Jalisco
2020-03-17,12,6,0,66,32,0,Jalisco
2020-03-18,8,17,0,74,49,0,Jalisco
2020-03-19,0,10,0,74,59,0,Jalisco
2020-03-20,8,5,1,82,64,1,Jalisco
2020-03-21,10,1,0,92,65,1,Jalisco
2020-03-22,6,3,0,98,68,1,Jalisco
2020-03-23,5,7,0,103,75,1,Jalisco
2020-03-24,4,7,0,107,82,1,Jalisco
2020-03-25,4,7,0,111,89,1,Jalisco
2020-03-26,1,6,2,112,95,3,Jalisco
2020-03-27,8,7,0,120,102,3,Jalisco
2020-03-28,2,2,0,122,104,3,Jalisco
2020-03-29,4,2,0,126,106,3,Jalisco
2020-03-30,8,7,0,134,113,3,Jalisco
2020-03-31,5,7,1,139,120,4,Jalisco
2020-04-01,3,2,0,142,122,4,Jalisco
2020-04-02,8,8,2,150,130,6,Jalisco
2020-04-03,8,11,0,158,141,6,Jalisco
2020-04-04,3,1,0,161,142,6,Jalisco
2020-04-05,3,2,1,164,144,7,Jalisco
2020-04-06,6,3,0,170,147,7,Jalisco
2020-04-07,10,5,1,180,152,8,Jalisco
2020-04-08,8,9,1,188,161,9,Jalisco
2020-04-09,6,5,0,194,166,9,Jalisco
2020-04-10,6,8,1,200,174,10,Jalisco
2020-04-11,4,5,1,204,179,11,Jalisco
2020-04-12,5,5,0,209,184,11,Jalisco
2020-04-13,8,9,0,217,193,11,Jalisco
2020-04-14,8,4,0,225,197,11,Jalisco
2020-04-15,5,9,0,230,206,11,Jalisco
2020-04-16,8,8,1,238,214,12,Jalisco
2020-04-17,6,11,1,244,225,13,Jalisco
2020-04-18,4,6,0,248,231,13,Jalisco
2020-04-19,2,3,1,250,234,14,Jalisco
2020-04-20,4,10,1,254,244,15,Jalisco
2020-04-21,0,9,1,254,253,16,Jalisco
2020-04-22,0,1,3,254,254,19,Jalisco
2020-04-23,0,0,0,254,254,19,Jalisco
2020-02-17,1,0,0,1,0,0,México
2020-02-18,0,0,0,1,0,0,México
2020-02-19,1,0,0,2,0,0,México
2020-02-20,0,0,0,2,0,0,México
2020-02-21,1,0,0,3,0,0,México
2020-02-22,0,0,0,3,0,0,México
2020-02-23,0,0,0,3,0,0,México
2020-02-24,0,0,0,3,0,0,México
2020-02-25,0,0,0,3,0,0,México
2020-02-26,1,0,0,4,0,0,México
2020-02-27,0,0,0,4,0,0,México
2020-02-28,0,1,0,4,1,0,México
2020-02-29,1,0,0,5,1,0,México
2020-03-01,0,0,0,5,1,0,México
2020-03-02,1,0,0,6,1,0,México
2020-03-03,3,0,0,9,1,0,México
2020-03-04,1,2,0,10,3,0,México
2020-03-05,1,0,0,11,3,0,México
2020-03-06,0,0,0,11,3,0,México
2020-03-07,5,0,0,16,3,0,México
2020-03-08,3,2,0,19,5,0,México
2020-03-09,11,1,0,30,6,0,México
2020-03-10,2,2,0,32,8,0,México
2020-03-11,4,2,0,36,10,0,México
2020-03-12,7,2,0,43,12,0,México
2020-03-13,10,12,0,53,24,0,México
2020-03-14,10,4,0,63,28,0,México
2020-03-15,13,9,0,76,37,0,México
2020-03-16,19,6,0,95,43,0,México
2020-03-17,10,7,0,105,50,0,México
2020-03-18,11,6,1,116,56,1,México
2020-03-19,9,11,0,125,67,1,México
2020-03-20,18,10,0,143,77,1,México
2020-03-21,15,6,0,158,83,1,México
2020-03-22,19,5,1,177,88,2,México
2020-03-23,27,14,0,204,102,2,México
2020-03-24,25,22,0,229,124,2,México
2020-03-25,32,21,0,261,145,2,México
2020-03-26,38,24,0,299,169,2,México
2020-03-27,44,37,0,343,206,2,México
2020-03-28,30,24,3,373,230,5,México
2020-03-29,32,17,1,405,247,6,México
2020-03-30,58,50,0,463,297,6,México
2020-03-31,45,31,2,508,328,8,México
2020-04-01,65,46,0,573,374,8,México
2020-04-02,46,42,4,619,416,12,México
2020-04-03,56,45,3,675,461,15,México
2020-04-04,62,30,4,737,491,19,México
2020-04-05,52,38,3,789,529,22,México
2020-04-06,91,67,4,880,596,26,México
2020-04-07,56,63,9,936,659,35,México
2020-04-08,87,78,5,1023,737,40,México
2020-04-09,69,41,1,1092,778,41,México
2020-04-10,117,69,4,1209,847,45,México
2020-04-11,88,61,9,1297,908,54,México
2020-04-12,87,59,9,1384,967,63,México
2020-04-13,99,126,9,1483,1093,72,México
2020-04-14,79,114,8,1562,1207,80,México
2020-04-15,65,135,13,1627,1342,93,México
2020-04-16,46,118,7,1673,1460,100,México
2020-04-17,26,85,6,1699,1545,106,México
2020-04-18,19,81,10,1718,1626,116,México
2020-04-19,13,36,7,1731,1662,123,México
2020-04-20,1,46,5,1732,1708,128,México
2020-04-21,2,22,5,1734,1730,133,México
2020-04-22,0,4,1,1734,1734,134,México
2020-04-23,0,0,0,1734,1734,134,México
2020-03-09,1,0,0,1,0,0,Michoacán
2020-03-10,0,0,0,1,0,0,Michoacán
2020-03-11,0,0,0,1,0,0,Michoacán
2020-03-12,0,0,0,1,0,0,Michoacán
2020-03-13,0,0,0,1,0,0,Michoacán
2020-03-14,0,0,0,1,0,0,Michoacán
2020-03-15,8,0,0,9,0,0,Michoacán
2020-03-16,1,0,0,10,0,0,Michoacán
2020-03-17,2,0,0,12,0,0,Michoacán
2020-03-18,4,1,0,16,1,0,Michoacán
2020-03-19,0,1,0,16,2,0,Michoacán
2020-03-20,1,2,0,17,4,0,Michoacán
2020-03-21,0,5,0,17,9,0,Michoacán
2020-03-22,4,0,0,21,9,0,Michoacán
2020-03-23,4,3,0,25,12,0,Michoacán
2020-03-24,2,3,0,27,15,0,Michoacán
2020-03-25,4,2,0,31,17,0,Michoacán
2020-03-26,2,3,1,33,20,1,Michoacán
2020-03-27,3,1,0,36,21,1,Michoacán
2020-03-28,1,1,0,37,22,1,Michoacán
2020-03-29,1,3,0,38,25,1,Michoacán
2020-03-30,2,0,0,40,25,1,Michoacán
2020-03-31,1,4,0,41,29,1,Michoacán
2020-04-01,9,3,0,50,32,1,Michoacán
2020-04-02,3,0,0,53,32,1,Michoacán
2020-04-03,3,6,2,56,38,3,Michoacán
2020-04-04,3,2,1,59,40,4,Michoacán
2020-04-05,6,2,0,65,42,4,Michoacán
2020-04-06,5,6,1,70,48,5,Michoacán
2020-04-07,14,6,0,84,54,5,Michoacán
2020-04-08,8,4,1,92,58,6,Michoacán
2020-04-09,7,9,1,99,67,7,Michoacán
2020-04-10,9,3,1,108,70,8,Michoacán
2020-04-11,8,2,1,116,72,9,Michoacán
2020-04-12,9,4,0,125,76,9,Michoacán
2020-04-13,13,13,4,138,89,13,Michoacán
2020-04-14,6,15,1,144,104,14,Michoacán
2020-04-15,3,9,0,147,113,14,Michoacán
2020-04-16,6,7,2,153,120,16,Michoacán
2020-04-17,8,12,0,161,132,16,Michoacán
2020-04-18,3,6,1,164,138,17,Michoacán
2020-04-19,1,8,2,165,146,19,Michoacán
2020-04-20,1,18,4,166,164,23,Michoacán
2020-04-21,0,1,0,166,165,23,Michoacán
2020-04-22,0,1,0,166,166,23,Michoacán
2020-04-23,0,0,0,166,166,23,Michoacán
2020-03-02,1,0,0,1,0,0,Morelos
2020-03-03,0,0,0,1,0,0,Morelos
2020-03-04,0,0,0,1,0,0,Morelos
2020-03-05,0,0,0,1,0,0,Morelos
2020-03-06,0,0,0,1,0,0,Morelos
2020-03-07,0,0,0,1,0,0,Morelos
2020-03-08,0,0,0,1,0,0,Morelos
2020-03-09,0,0,0,1,0,0,Morelos
2020-03-10,1,0,0,2,0,0,Morelos
2020-03-11,0,0,0,2,0,0,Morelos
2020-03-12,0,0,0,2,0,0,Morelos
2020-03-13,0,0,0,2,0,0,Morelos
2020-03-14,1,1,0,3,1,0,Morelos
2020-03-15,0,0,0,3,1,0,Morelos
2020-03-16,1,0,0,4,1,0,Morelos
2020-03-17,1,1,0,5,2,0,Morelos
2020-03-18,1,1,0,6,3,0,Morelos
2020-03-19,1,0,0,7,3,0,Morelos
2020-03-20,1,1,0,8,4,0,Morelos
2020-03-21,2,1,0,10,5,0,Morelos
2020-03-22,2,0,0,12,5,0,Morelos
2020-03-23,3,2,0,15,7,0,Morelos
2020-03-24,0,3,0,15,10,0,Morelos
2020-03-25,1,0,0,16,10,0,Morelos
2020-03-26,2,0,0,18,10,0,Morelos
2020-03-27,2,0,0,20,10,0,Morelos
2020-03-28,3,2,1,23,12,1,Morelos
2020-03-29,1,1,1,24,13,2,Morelos
2020-03-30,4,2,0,28,15,2,Morelos
2020-03-31,3,1,1,31,16,3,Morelos
2020-04-01,9,3,1,40,19,4,Morelos
2020-04-02,4,8,0,44,27,4,Morelos
2020-04-03,3,1,0,47,28,4,Morelos
2020-04-04,6,2,0,53,30,4,Morelos
2020-04-05,6,3,0,59,33,4,Morelos
2020-04-06,2,8,1,61,41,5,Morelos
2020-04-07,3,7,1,64,48,6,Morelos
2020-04-08,6,6,1,70,54,7,Morelos
2020-04-09,1,6,0,71,60,7,Morelos
2020-04-10,8,1,0,79,61,7,Morelos
2020-04-11,4,1,0,83,62,7,Morelos
2020-04-12,5,3,0,88,65,7,Morelos
2020-04-13,12,6,3,100,71,10,Morelos
2020-04-14,6,9,0,106,80,10,Morelos
2020-04-15,6,7,1,112,87,11,Morelos
2020-04-16,4,8,1,116,95,12,Morelos
2020-04-17,4,5,2,120,100,14,Morelos
2020-04-18,3,2,0,123,102,14,Morelos
2020-04-19,0,8,3,123,110,17,Morelos
2020-04-20,0,10,2,123,120,19,Morelos
2020-04-21,0,3,0,123,123,19,Morelos
2020-04-22,0,0,2,123,123,21,Morelos
2020-04-23,0,0,0,123,123,21,Morelos
2020-01-06,1,1,0,1,1,0,Nayarit
2020-01-07,0,0,0,1,1,0,Nayarit
2020-01-08,0,0,0,1,1,0,Nayarit
2020-01-09,0,0,0,1,1,0,Nayarit
2020-01-10,0,0,0,1,1,0,Nayarit
2020-01-11,0,0,0,1,1,0,Nayarit
2020-01-12,0,0,0,1,1,0,Nayarit
2020-01-13,0,0,0,1,1,0,Nayarit
2020-01-14,0,0,0,1,1,0,Nayarit
2020-01-15,0,0,0,1,1,0,Nayarit
2020-01-16,0,0,0,1,1,0,Nayarit
2020-01-17,0,0,0,1,1,0,Nayarit
2020-01-18,0,0,0,1,1,0,Nayarit
2020-01-19,0,0,0,1,1,0,Nayarit
2020-01-20,0,0,0,1,1,0,Nayarit
2020-01-21,0,0,0,1,1,0,Nayarit
2020-01-22,0,0,0,1,1,0,Nayarit
2020-01-23,0,0,0,1,1,0,Nayarit
2020-01-24,0,0,0,1,1,0,Nayarit
2020-01-25,0,0,0,1,1,0,Nayarit
2020-01-26,0,0,0,1,1,0,Nayarit
2020-01-27,0,0,0,1,1,0,Nayarit
2020-01-28,0,0,0,1,1,0,Nayarit
2020-01-29,0,0,0,1,1,0,Nayarit
2020-01-30,0,0,0,1,1,0,Nayarit
2020-01-31,0,0,0,1,1,0,Nayarit
2020-02-01,0,0,0,1,1,0,Nayarit
2020-02-02,0,0,0,1,1,0,Nayarit
2020-02-03,0,0,0,1,1,0,Nayarit
2020-02-04,0,0,0,1,1,0,Nayarit
2020-02-05,0,0,0,1,1,0,Nayarit
2020-02-06,0,0,0,1,1,0,Nayarit
2020-02-07,0,0,0,1,1,0,Nayarit
2020-02-08,0,0,0,1,1,0,Nayarit
2020-02-09,0,0,0,1,1,0,Nayarit
2020-02-10,0,0,0,1,1,0,Nayarit
2020-02-11,0,0,0,1,1,0,Nayarit
2020-02-12,0,0,0,1,1,0,Nayarit
2020-02-13,0,0,0,1,1,0,Nayarit
2020-02-14,0,0,0,1,1,0,Nayarit
2020-02-15,0,0,0,1,1,0,Nayarit
2020-02-16,0,0,0,1,1,0,Nayarit
2020-02-17,0,0,0,1,1,0,Nayarit
2020-02-18,0,0,0,1,1,0,Nayarit
2020-02-19,0,0,0,1,1,0,Nayarit
2020-02-20,0,0,0,1,1,0,Nayarit
2020-02-21,0,0,0,1,1,0,Nayarit
2020-02-22,0,0,0,1,1,0,Nayarit
2020-02-23,0,0,0,1,1,0,Nayarit
2020-02-24,0,0,0,1,1,0,Nayarit
2020-02-25,0,0,0,1,1,0,Nayarit
2020-02-26,0,0,0,1,1,0,Nayarit
2020-02-27,0,0,0,1,1,0,Nayarit
2020-02-28,0,0,0,1,1,0,Nayarit
2020-02-29,0,0,0,1,1,0,Nayarit
2020-03-01,0,0,0,1,1,0,Nayarit
2020-03-02,0,0,0,1,1,0,Nayarit
2020-03-03,0,0,0,1,1,0,Nayarit
2020-03-04,0,0,0,1,1,0,Nayarit
2020-03-05,0,0,0,1,1,0,Nayarit
2020-03-06,0,0,0,1,1,0,Nayarit
2020-03-07,0,0,0,1,1,0,Nayarit
2020-03-08,0,0,0,1,1,0,Nayarit
2020-03-09,0,0,0,1,1,0,Nayarit
2020-03-10,1,0,0,2,1,0,Nayarit
2020-03-11,0,0,0,2,1,0,Nayarit
2020-03-12,0,0,0,2,1,0,Nayarit
2020-03-13,0,0,0,2,1,0,Nayarit
2020-03-14,0,0,0,2,1,0,Nayarit
2020-03-15,1,0,0,3,1,0,Nayarit
2020-03-16,0,0,0,3,1,0,Nayarit
2020-03-17,1,0,0,4,1,0,Nayarit
2020-03-18,0,1,0,4,2,0,Nayarit
2020-03-19,1,1,0,5,3,0,Nayarit
2020-03-20,0,0,0,5,3,0,Nayarit
2020-03-21,1,0,0,6,3,0,Nayarit
2020-03-22,0,0,0,6,3,0,Nayarit
2020-03-23,0,2,0,6,5,0,Nayarit
2020-03-24,2,3,0,8,8,0,Nayarit
2020-03-25,0,0,0,8,8,0,Nayarit
2020-03-26,0,0,0,8,8,0,Nayarit
2020-03-27,2,0,0,10,8,0,Nayarit
2020-03-28,1,1,0,11,9,0,Nayarit
2020-03-29,0,0,0,11,9,0,Nayarit
2020-03-30,0,0,1,11,9,1,Nayarit
2020-03-31,3,2,0,14,11,1,Nayarit
2020-04-01,2,0,0,16,11,1,Nayarit
2020-04-02,3,0,0,19,11,1,Nayarit
2020-04-03,1,1,0,20,12,1,Nayarit
2020-04-04,3,4,0,23,16,1,Nayarit
2020-04-05,4,2,0,27,18,1,Nayarit
2020-04-06,1,2,0,28,20,1,Nayarit
2020-04-07,1,2,0,29,22,1,Nayarit
2020-04-08,3,2,2,32,24,3,Nayarit
2020-04-09,2,2,1,34,26,4,Nayarit
2020-04-10,4,0,0,38,26,4,Nayarit
2020-04-11,1,2,0,39,28,4,Nayarit
2020-04-12,1,3,1,40,31,5,Nayarit
2020-04-13,3,4,0,43,35,5,Nayarit
2020-04-14,3,2,0,46,37,5,Nayarit
2020-04-15,1,2,0,47,39,5,Nayarit
2020-04-16,2,3,0,49,42,5,Nayarit
2020-04-17,4,4,1,53,46,6,Nayarit
2020-04-18,1,2,0,54,48,6,Nayarit
2020-04-19,0,2,0,54,50,6,Nayarit
2020-04-20,0,1,1,54,51,7,Nayarit
2020-04-21,0,1,0,54,52,7,Nayarit
2020-04-22,0,2,0,54,54,7,Nayarit
2020-04-23,0,0,0,54,54,7,Nayarit
2020-03-02,1,0,0,1,0,0,Nuevo León
2020-03-03,0,0,0,1,0,0,Nuevo León
2020-03-04,1,0,0,2,0,0,Nuevo León
2020-03-05,1,0,0,3,0,0,Nuevo León
2020-03-06,1,0,0,4,0,0,Nuevo León
2020-03-07,2,0,0,6,0,0,Nuevo León
2020-03-08,0,0,0,6,0,0,Nuevo León
2020-03-09,9,0,0,15,0,0,Nuevo León
2020-03-10,2,2,0,17,2,0,Nuevo León
2020-03-11,5,4,0,22,6,0,Nuevo León
2020-03-12,2,0,0,24,6,0,Nuevo León
2020-03-13,6,5,0,30,11,0,Nuevo León
2020-03-14,8,6,0,38,17,0,Nuevo León
2020-03-15,7,0,0,45,17,0,Nuevo León
2020-03-16,3,6,0,48,23,0,Nuevo León
2020-03-17,8,6,0,56,29,0,Nuevo León
2020-03-18,6,9,0,62,38,0,Nuevo León
2020-03-19,5,4,0,67,42,0,Nuevo León
2020-03-20,5,12,0,72,54,0,Nuevo León
2020-03-21,3,4,0,75,58,0,Nuevo León
2020-03-22,4,4,0,79,62,0,Nuevo León
2020-03-23,3,5,0,82,67,0,Nuevo León
2020-03-24,1,5,0,83,72,0,Nuevo León
2020-03-25,2,0,0,85,72,0,Nuevo León
2020-03-26,3,2,0,88,74,0,Nuevo León
2020-03-27,2,8,0,90,82,0,Nuevo León
2020-03-28,1,2,0,91,84,0,Nuevo León
2020-03-29,2,3,0,93,87,0,Nuevo León
2020-03-30,4,4,0,97,91,0,Nuevo León
2020-03-31,7,0,0,104,91,0,Nuevo León
2020-04-01,5,0,0,109,91,0,Nuevo León
2020-04-02,10,5,0,119,96,0,Nuevo León
2020-04-03,7,2,2,126,98,2,Nuevo León
2020-04-04,2,3,0,128,101,2,Nuevo León
2020-04-05,7,2,1,135,103,3,Nuevo León
2020-04-06,10,10,0,145,113,3,Nuevo León
2020-04-07,12,6,2,157,119,5,Nuevo León
2020-04-08,10,8,0,167,127,5,Nuevo León
2020-04-09,11,1,0,178,128,5,Nuevo León
2020-04-10,22,22,0,200,150,5,Nuevo León
2020-04-11,12,8,0,212,158,5,Nuevo León
2020-04-12,6,15,0,218,173,5,Nuevo León
2020-04-13,7,18,0,225,191,5,Nuevo León
2020-04-14,7,13,0,232,204,5,Nuevo León
2020-04-15,3,3,0,235,207,5,Nuevo León
2020-04-16,4,9,0,239,216,5,Nuevo León
2020-04-17,5,6,0,244,222,5,Nuevo León
2020-04-18,2,5,0,246,227,5,Nuevo León
2020-04-19,1,1,0,247,228,5,Nuevo León
2020-04-20,1,11,1,248,239,6,Nuevo León
2020-04-21,1,10,0,249,249,6,Nuevo León
2020-04-22,0,0,0,249,249,6,Nuevo León
2020-04-23,0,0,0,249,249,6,Nuevo León
2020-03-09,1,0,0,1,0,0,Oaxaca
2020-03-10,1,0,0,2,0,0,Oaxaca
2020-03-11,0,0,0,2,0,0,Oaxaca
2020-03-12,2,0,0,4,0,0,Oaxaca
2020-03-13,0,2,0,4,2,0,Oaxaca
2020-03-14,0,0,0,4,2,0,Oaxaca
2020-03-15,0,0,0,4,2,0,Oaxaca
2020-03-16,1,0,0,5,2,0,Oaxaca
2020-03-17,0,0,0,5,2,0,Oaxaca
2020-03-18,0,0,0,5,2,0,Oaxaca
2020-03-19,2,1,0,7,3,0,Oaxaca
2020-03-20,3,1,0,10,4,0,Oaxaca
2020-03-21,1,1,0,11,5,0,Oaxaca
2020-03-22,1,1,0,12,6,0,Oaxaca
2020-03-23,4,2,0,16,8,0,Oaxaca
2020-03-24,1,1,0,17,9,0,Oaxaca
2020-03-25,1,3,0,18,12,0,Oaxaca
2020-03-26,3,3,0,21,15,0,Oaxaca
2020-03-27,3,1,0,24,16,0,Oaxaca
2020-03-28,4,1,0,28,17,0,Oaxaca
2020-03-29,3,2,1,31,19,1,Oaxaca
2020-03-30,3,2,0,34,21,1,Oaxaca
2020-03-31,1,5,0,35,26,1,Oaxaca
2020-04-01,0,1,0,35,27,1,Oaxaca
2020-04-02,0,0,0,35,27,1,Oaxaca
2020-04-03,5,3,0,40,30,1,Oaxaca
2020-04-04,2,2,0,42,32,1,Oaxaca
2020-04-05,3,2,0,45,34,1,Oaxaca
2020-04-06,5,6,0,50,40,1,Oaxaca
2020-04-07,0,0,0,50,40,1,Oaxaca
2020-04-08,2,4,0,52,44,1,Oaxaca
2020-04-09,5,0,1,57,44,2,Oaxaca
2020-04-10,7,2,0,64,46,2,Oaxaca
2020-04-11,0,1,1,64,47,3,Oaxaca
2020-04-12,3,2,0,67,49,3,Oaxaca
2020-04-13,0,5,0,67,54,3,Oaxaca
2020-04-14,9,4,1,76,58,4,Oaxaca
2020-04-15,8,5,0,84,63,4,Oaxaca
2020-04-16,1,4,1,85,67,5,Oaxaca
2020-04-17,0,8,1,85,75,6,Oaxaca
2020-04-18,1,2,0,86,77,6,Oaxaca
2020-04-19,1,1,0,87,78,6,Oaxaca
2020-04-20,0,4,1,87,82,7,Oaxaca
2020-04-21,0,2,1,87,84,8,Oaxaca
2020-04-22,0,3,1,87,87,9,Oaxaca
2020-04-23,0,0,0,87,87,9,Oaxaca
2020-03-05,2,0,0,2,0,0,Puebla
2020-03-06,0,0,0,2,0,0,Puebla
2020-03-07,0,0,0,2,0,0,Puebla
2020-03-08,2,0,0,4,0,0,Puebla
2020-03-09,4,0,0,8,0,0,Puebla
2020-03-10,3,0,0,11,0,0,Puebla
2020-03-11,2,1,0,13,1,0,Puebla
2020-03-12,1,1,0,14,2,0,Puebla
2020-03-13,4,4,0,18,6,0,Puebla
2020-03-14,4,2,0,22,8,0,Puebla
2020-03-15,3,3,0,25,11,0,Puebla
2020-03-16,11,2,0,36,13,0,Puebla
2020-03-17,4,3,0,40,16,0,Puebla
2020-03-18,6,3,0,46,19,0,Puebla
2020-03-19,1,5,0,47,24,0,Puebla
2020-03-20,10,5,0,57,29,0,Puebla
2020-03-21,9,4,0,66,33,0,Puebla
2020-03-22,9,1,0,75,34,0,Puebla
2020-03-23,15,8,0,90,42,0,Puebla
2020-03-24,7,15,0,97,57,0,Puebla
2020-03-25,4,6,0,101,63,0,Puebla
2020-03-26,6,14,0,107,77,0,Puebla
2020-03-27,13,8,1,120,85,1,Puebla
2020-03-28,24,12,1,144,97,2,Puebla
2020-03-29,24,4,0,168,101,2,Puebla
2020-03-30,17,13,0,185,114,2,Puebla
2020-03-31,9,21,1,194,135,3,Puebla
2020-04-01,16,13,1,210,148,4,Puebla
2020-04-02,23,17,1,233,165,5,Puebla
2020-04-03,17,14,1,250,179,6,Puebla
2020-04-04,12,10,3,262,189,9,Puebla
2020-04-05,12,6,3,274,195,12,Puebla
2020-04-06,17,22,4,291,217,16,Puebla
2020-04-07,6,12,7,297,229,23,Puebla
2020-04-08,6,19,1,303,248,24,Puebla
2020-04-09,8,11,1,311,259,25,Puebla
2020-04-10,14,8,4,325,267,29,Puebla
2020-04-11,11,14,5,336,281,34,Puebla
2020-04-12,14,4,2,350,285,36,Puebla
2020-04-13,20,20,2,370,305,38,Puebla
2020-04-14,9,10,4,379,315,42,Puebla
2020-04-15,8,21,1,387,336,43,Puebla
2020-04-16,9,11,4,396,347,47,Puebla
2020-04-17,11,16,2,407,363,49,Puebla
2020-04-18,3,20,5,410,383,54,Puebla
2020-04-19,3,8,4,413,391,58,Puebla
2020-04-20,1,20,3,414,411,61,Puebla
2020-04-21,0,3,1,414,414,62,Puebla
2020-04-22,0,0,2,414,414,64,Puebla
2020-04-23,0,0,0,414,414,64,Puebla
2020-03-05,1,0,0,1,0,0,Querétaro
2020-03-06,0,0,0,1,0,0,Querétaro
2020-03-07,0,0,0,1,0,0,Querétaro
2020-03-08,1,0,0,2,0,0,Querétaro
2020-03-09,1,0,0,3,0,0,Querétaro
2020-03-10,4,2,0,7,2,0,Querétaro
2020-03-11,1,1,0,8,3,0,Querétaro
2020-03-12,0,1,0,8,4,0,Querétaro
2020-03-13,1,2,0,9,6,0,Querétaro
2020-03-14,1,1,0,10,7,0,Querétaro
2020-03-15,1,0,0,11,7,0,Querétaro
2020-03-16,3,0,0,14,7,0,Querétaro
2020-03-17,3,2,0,17,9,0,Querétaro
2020-03-18,2,2,0,19,11,0,Querétaro
2020-03-19,0,3,0,19,14,0,Querétaro
2020-03-20,3,0,0,22,14,0,Querétaro
2020-03-21,2,1,0,24,15,0,Querétaro
2020-03-22,2,0,0,26,15,0,Querétaro
2020-03-23,2,3,0,28,18,0,Querétaro
2020-03-24,0,4,0,28,22,0,Querétaro
2020-03-25,3,2,0,31,24,0,Querétaro
2020-03-26,3,1,0,34,25,0,Querétaro
2020-03-27,2,3,0,36,28,0,Querétaro
2020-03-28,2,0,1,38,28,1,Querétaro
2020-03-29,1,1,0,39,29,1,Querétaro
2020-03-30,1,1,0,40,30,1,Querétaro
2020-03-31,1,4,0,41,34,1,Querétaro
2020-04-01,4,4,0,45,38,1,Querétaro
2020-04-02,2,1,1,47,39,2,Querétaro
2020-04-03,4,4,0,51,43,2,Querétaro
2020-04-04,3,1,0,54,44,2,Querétaro
2020-04-05,2,0,0,56,44,2,Querétaro
2020-04-06,3,4,0,59,48,2,Querétaro
2020-04-07,3,4,0,62,52,2,Querétaro
2020-04-08,1,3,0,63,55,2,Querétaro
2020-04-09,2,3,0,65,58,2,Querétaro
2020-04-10,4,2,1,69,60,3,Querétaro
2020-04-11,5,2,1,74,62,4,Querétaro
2020-04-12,6,1,0,80,63,4,Querétaro
2020-04-13,1,6,0,81,69,4,Querétaro
2020-04-14,2,7,1,83,76,5,Querétaro
2020-04-15,5,2,1,88,78,6,Querétaro
2020-04-16,1,5,0,89,83,6,Querétaro
2020-04-17,1,3,0,90,86,6,Querétaro
2020-04-18,2,1,0,92,87,6,Querétaro
2020-04-19,1,1,0,93,88,6,Querétaro
2020-04-20,0,3,0,93,91,6,Querétaro
2020-04-21,0,0,1,93,91,7,Querétaro
2020-04-22,0,2,0,93,93,7,Querétaro
2020-04-23,0,0,0,93,93,7,Querétaro
2020-03-01,1,0,0,1,0,0,Quintana Roo
2020-03-02,0,0,0,1,0,0,Quintana Roo
2020-03-03,0,0,0,1,0,0,Quintana Roo
2020-03-04,0,0,0,1,0,0,Quintana Roo
2020-03-05,0,0,0,1,0,0,Quintana Roo
2020-03-06,0,0,0,1,0,0,Quintana Roo
2020-03-07,0,0,0,1,0,0,Quintana Roo
2020-03-08,1,0,0,2,0,0,Quintana Roo
2020-03-09,1,0,0,3,0,0,Quintana Roo
2020-03-10,2,0,0,5,0,0,Quintana Roo
2020-03-11,3,2,0,8,2,0,Quintana Roo
2020-03-12,1,1,0,9,3,0,Quintana Roo
2020-03-13,3,0,0,12,3,0,Quintana Roo
2020-03-14,4,4,0,16,7,0,Quintana Roo
2020-03-15,6,0,0,22,7,0,Quintana Roo
2020-03-16,2,3,0,24,10,0,Quintana Roo
2020-03-17,3,4,0,27,14,0,Quintana Roo
2020-03-18,7,2,0,34,16,0,Quintana Roo
2020-03-19,4,5,0,38,21,0,Quintana Roo
2020-03-20,8,0,0,46,21,0,Quintana Roo
2020-03-21,9,3,0,55,24,0,Quintana Roo
2020-03-22,6,4,0,61,28,0,Quintana Roo
2020-03-23,10,4,0,71,32,0,Quintana Roo
2020-03-24,6,9,0,77,41,0,Quintana Roo
2020-03-25,13,11,0,90,52,0,Quintana Roo
2020-03-26,6,9,1,96,61,1,Quintana Roo
2020-03-27,21,7,1,117,68,2,Quintana Roo
2020-03-28,16,7,1,133,75,3,Quintana Roo
2020-03-29,18,3,0,151,78,3,Quintana Roo
2020-03-30,17,22,0,168,100,3,Quintana Roo
2020-03-31,13,14,2,181,114,5,Quintana Roo
2020-04-01,19,23,1,200,137,6,Quintana Roo
2020-04-02,15,12,2,215,149,8,Quintana Roo
2020-04-03,18,13,2,233,162,10,Quintana Roo
2020-04-04,13,8,1,246,170,11,Quintana Roo
2020-04-05,25,10,1,271,180,12,Quintana Roo
2020-04-06,25,30,2,296,210,14,Quintana Roo
2020-04-07,13,18,2,309,228,16,Quintana Roo
2020-04-08,18,26,3,327,254,19,Quintana Roo
2020-04-09,20,9,4,347,263,23,Quintana Roo
2020-04-10,17,22,2,364,285,25,Quintana Roo
2020-04-11,20,16,2,384,301,27,Quintana Roo
2020-04-12,16,20,4,400,321,31,Quintana Roo
2020-04-13,12,19,5,412,340,36,Quintana Roo
2020-04-14,13,14,3,425,354,39,Quintana Roo
2020-04-15,10,17,0,435,371,39,Quintana Roo
2020-04-16,14,24,1,449,395,40,Quintana Roo
2020-04-17,7,27,3,456,422,43,Quintana Roo
2020-04-18,6,17,4,462,439,47,Quintana Roo
2020-04-19,4,8,4,466,447,51,Quintana Roo
2020-04-20,2,19,6,468,466,57,Quintana Roo
2020-04-21,0,2,2,468,468,59,Quintana Roo
2020-04-22,0,0,2,468,468,61,Quintana Roo
2020-04-23,0,0,0,468,468,61,Quintana Roo
2020-03-07,1,0,0,1,0,0,San Luis Potosí
2020-03-08,0,0,0,1,0,0,San Luis Potosí
2020-03-09,1,0,0,2,0,0,San Luis Potosí
2020-03-10,0,0,0,2,0,0,San Luis Potosí
2020-03-11,1,0,0,3,0,0,San Luis Potosí
2020-03-12,1,0,0,4,0,0,San Luis Potosí
2020-03-13,0,2,0,4,2,0,San Luis Potosí
2020-03-14,1,0,0,5,2,0,San Luis Potosí
2020-03-15,4,0,0,9,2,0,San Luis Potosí
2020-03-16,2,1,0,11,3,0,San Luis Potosí
2020-03-17,1,5,0,12,8,0,San Luis Potosí
2020-03-18,4,1,0,16,9,0,San Luis Potosí
2020-03-19,2,3,0,18,12,0,San Luis Potosí
2020-03-20,1,3,0,19,15,0,San Luis Potosí
2020-03-21,2,4,0,21,19,0,San Luis Potosí
2020-03-22,3,1,0,24,20,0,San Luis Potosí
2020-03-23,0,2,0,24,22,0,San Luis Potosí
2020-03-24,5,0,1,29,22,1,San Luis Potosí
2020-03-25,3,0,1,32,22,2,San Luis Potosí
2020-03-26,1,1,0,33,23,2,San Luis Potosí
2020-03-27,3,6,0,36,29,2,San Luis Potosí
2020-03-28,1,0,0,37,29,2,San Luis Potosí
2020-03-29,2,6,0,39,35,2,San Luis Potosí
2020-03-30,1,3,1,40,38,3,San Luis Potosí
2020-03-31,4,2,0,44,40,3,San Luis Potosí
2020-04-01,2,0,0,46,40,3,San Luis Potosí
2020-04-02,3,0,0,49,40,3,San Luis Potosí
2020-04-03,4,0,0,53,40,3,San Luis Potosí
2020-04-04,3,3,0,56,43,3,San Luis Potosí
2020-04-05,0,1,0,56,44,3,San Luis Potosí
2020-04-06,1,2,1,57,46,4,San Luis Potosí
2020-04-07,0,4,0,57,50,4,San Luis Potosí
2020-04-08,1,1,0,58,51,4,San Luis Potosí
2020-04-09,1,4,0,59,55,4,San Luis Potosí
2020-04-10,2,1,0,61,56,4,San Luis Potosí
2020-04-11,0,2,0,61,58,4,San Luis Potosí
2020-04-12,1,0,0,62,58,4,San Luis Potosí
2020-04-13,3,1,0,65,59,4,San Luis Potosí
2020-04-14,4,0,0,69,59,4,San Luis Potosí
2020-04-15,1,2,0,70,61,4,San Luis Potosí
2020-04-16,1,2,0,71,63,4,San Luis Potosí
2020-04-17,0,7,1,71,70,5,San Luis Potosí
2020-04-18,1,1,1,72,71,6,San Luis Potosí
2020-04-19,0,0,0,72,71,6,San Luis Potosí
2020-04-20,0,0,0,72,71,6,San Luis Potosí
2020-04-21,0,1,0,72,72,6,San Luis Potosí
2020-04-22,0,0,0,72,72,6,San Luis Potosí
2020-04-23,0,0,0,72,72,6,San Luis Potosí
2020-03-01,1,0,0,1,0,0,Sinaloa
2020-03-02,0,0,0,1,0,0,Sinaloa
2020-03-03,0,0,0,1,0,0,Sinaloa
2020-03-04,0,0,0,1,0,0,Sinaloa
2020-03-05,0,0,0,1,0,0,Sinaloa
2020-03-06,0,0,0,1,0,0,Sinaloa
2020-03-07,0,0,0,1,0,0,Sinaloa
2020-03-08,0,0,0,1,0,0,Sinaloa
2020-03-09,1,0,0,2,0,0,Sinaloa
2020-03-10,0,0,0,2,0,0,Sinaloa
2020-03-11,0,0,0,2,0,0,Sinaloa
2020-03-12,1,0,0,3,0,0,Sinaloa
2020-03-13,0,1,0,3,1,0,Sinaloa
2020-03-14,2,0,0,5,1,0,Sinaloa
2020-03-15,2,0,0,7,1,0,Sinaloa
2020-03-16,3,1,0,10,2,0,Sinaloa
2020-03-17,2,1,0,12,3,0,Sinaloa
2020-03-18,1,0,0,13,3,0,Sinaloa
2020-03-19,3,1,0,16,4,0,Sinaloa
2020-03-20,5,1,0,21,5,0,Sinaloa
2020-03-21,6,0,0,27,5,0,Sinaloa
2020-03-22,6,1,0,33,6,0,Sinaloa
2020-03-23,16,2,0,49,8,0,Sinaloa
2020-03-24,12,5,0,61,13,0,Sinaloa
2020-03-25,9,7,0,70,20,0,Sinaloa
2020-03-26,11,9,1,81,29,1,Sinaloa
2020-03-27,13,9,0,94,38,1,Sinaloa
2020-03-28,10,5,1,104,43,2,Sinaloa
2020-03-29,15,6,1,119,49,3,Sinaloa
2020-03-30,16,11,0,135,60,3,Sinaloa
2020-03-31,24,15,1,159,75,4,Sinaloa
2020-04-01,18,14,2,177,89,6,Sinaloa
2020-04-02,22,28,3,199,117,9,Sinaloa
2020-04-03,27,9,2,226,126,11,Sinaloa
2020-04-04,24,10,2,250,136,13,Sinaloa
2020-04-05,21,15,0,271,151,13,Sinaloa
2020-04-06,29,28,1,300,179,14,Sinaloa
2020-04-07,28,20,2,328,199,16,Sinaloa
2020-04-08,36,30,2,364,229,18,Sinaloa
2020-04-09,30,11,5,394,240,23,Sinaloa
2020-04-10,44,33,6,438,273,29,Sinaloa
2020-04-11,31,22,4,469,295,33,Sinaloa
2020-04-12,29,21,3,498,316,36,Sinaloa
2020-04-13,26,41,5,524,357,41,Sinaloa
2020-04-14,25,43,4,549,400,45,Sinaloa
2020-04-15,17,48,3,566,448,48,Sinaloa
2020-04-16,14,40,0,580,488,48,Sinaloa
2020-04-17,17,33,2,597,521,50,Sinaloa
2020-04-18,6,23,1,603,544,51,Sinaloa
2020-04-19,9,26,3,612,570,54,Sinaloa
2020-04-20,2,32,6,614,602,60,Sinaloa
2020-04-21,0,11,2,614,613,62,Sinaloa
2020-04-22,0,1,0,614,614,62,Sinaloa
2020-04-23,0,0,0,614,614,62,Sinaloa
2020-03-11,2,0,0,2,0,0,Sonora
2020-03-12,2,0,0,4,0,0,Sonora
2020-03-13,0,0,0,4,0,0,Sonora
2020-03-14,0,0,0,4,0,0,Sonora
2020-03-15,1,1,0,5,1,0,Sonora
2020-03-16,2,0,0,7,1,0,Sonora
2020-03-17,3,2,0,10,3,0,Sonora
2020-03-18,1,1,0,11,4,0,Sonora
2020-03-19,2,0,0,13,4,0,Sonora
2020-03-20,2,1,0,15,5,0,Sonora
2020-03-21,0,1,0,15,6,0,Sonora
2020-03-22,2,0,0,17,6,0,Sonora
2020-03-23,1,2,0,18,8,0,Sonora
2020-03-24,2,3,0,20,11,0,Sonora
2020-03-25,1,3,0,21,14,0,Sonora
2020-03-26,4,0,0,25,14,0,Sonora
2020-03-27,4,4,0,29,18,0,Sonora
2020-03-28,5,3,0,34,21,0,Sonora
2020-03-29,0,0,0,34,21,0,Sonora
2020-03-30,1,1,1,35,22,1,Sonora
2020-03-31,4,5,0,39,27,1,Sonora
2020-04-01,10,1,0,49,28,1,Sonora
2020-04-02,2,2,0,51,30,1,Sonora
2020-04-03,5,1,0,56,31,1,Sonora
2020-04-04,8,5,0,64,36,1,Sonora
2020-04-05,6,2,2,70,38,3,Sonora
2020-04-06,16,11,1,86,49,4,Sonora
2020-04-07,5,9,1,91,58,5,Sonora
2020-04-08,7,10,1,98,68,6,Sonora
2020-04-09,9,4,1,107,72,7,Sonora
2020-04-10,11,5,0,118,77,7,Sonora
2020-04-11,5,5,1,123,82,8,Sonora
2020-04-12,3,3,3,126,85,11,Sonora
2020-04-13,4,15,0,130,100,11,Sonora
2020-04-14,4,6,1,134,106,12,Sonora
2020-04-15,1,10,1,135,116,13,Sonora
2020-04-16,2,6,0,137,122,13,Sonora
2020-04-17,1,3,1,138,125,14,Sonora
2020-04-18,1,9,0,139,134,14,Sonora
2020-04-19,0,2,0,139,136,14,Sonora
2020-04-20,0,3,1,139,139,15,Sonora
2020-04-21,0,0,1,139,139,16,Sonora
2020-04-22,0,0,1,139,139,17,Sonora
2020-04-23,0,0,0,139,139,17,Sonora
2020-01-08,1,1,0,1,1,0,Tabasco
2020-01-09,0,0,0,1,1,0,Tabasco
2020-01-10,0,0,0,1,1,0,Tabasco
2020-01-11,0,0,0,1,1,0,Tabasco
2020-01-12,0,0,0,1,1,0,Tabasco
2020-01-13,0,0,0,1,1,0,Tabasco
2020-01-14,0,0,0,1,1,0,Tabasco
2020-01-15,0,0,0,1,1,0,Tabasco
2020-01-16,0,0,0,1,1,0,Tabasco
2020-01-17,0,0,0,1,1,0,Tabasco
2020-01-18,0,0,0,1,1,0,Tabasco
2020-01-19,0,0,0,1,1,0,Tabasco
2020-01-20,0,0,0,1,1,0,Tabasco
2020-01-21,0,0,0,1,1,0,Tabasco
2020-01-22,0,0,0,1,1,0,Tabasco
2020-01-23,0,0,0,1,1,0,Tabasco
2020-01-24,0,0,0,1,1,0,Tabasco
2020-01-25,0,0,0,1,1,0,Tabasco
2020-01-26,0,0,0,1,1,0,Tabasco
2020-01-27,0,0,0,1,1,0,Tabasco
2020-01-28,0,0,0,1,1,0,Tabasco
2020-01-29,0,0,0,1,1,0,Tabasco
2020-01-30,0,0,0,1,1,0,Tabasco
2020-01-31,0,0,0,1,1,0,Tabasco
2020-02-01,0,0,0,1,1,0,Tabasco
2020-02-02,0,0,0,1,1,0,Tabasco
2020-02-03,0,0,0,1,1,0,Tabasco
2020-02-04,0,0,0,1,1,0,Tabasco
2020-02-05,0,0,0,1,1,0,Tabasco
2020-02-06,0,0,0,1,1,0,Tabasco
2020-02-07,0,0,0,1,1,0,Tabasco
2020-02-08,0,0,0,1,1,0,Tabasco
2020-02-09,0,0,0,1,1,0,Tabasco
2020-02-10,0,0,0,1,1,0,Tabasco
2020-02-11,0,0,0,1,1,0,Tabasco
2020-02-12,0,0,0,1,1,0,Tabasco
2020-02-13,0,0,0,1,1,0,Tabasco
2020-02-14,0,0,0,1,1,0,Tabasco
2020-02-15,0,0,0,1,1,0,Tabasco
2020-02-16,0,0,0,1,1,0,Tabasco
2020-02-17,0,0,0,1,1,0,Tabasco
2020-02-18,0,0,0,1,1,0,Tabasco
2020-02-19,0,0,0,1,1,0,Tabasco
2020-02-20,0,0,0,1,1,0,Tabasco
2020-02-21,0,0,0,1,1,0,Tabasco
2020-02-22,0,0,0,1,1,0,Tabasco
2020-02-23,0,0,0,1,1,0,Tabasco
2020-02-24,0,0,0,1,1,0,Tabasco
2020-02-25,0,0,0,1,1,0,Tabasco
2020-02-26,0,0,0,1,1,0,Tabasco
2020-02-27,0,0,0,1,1,0,Tabasco
2020-02-28,0,0,0,1,1,0,Tabasco
2020-02-29,0,0,0,1,1,0,Tabasco
2020-03-01,0,0,0,1,1,0,Tabasco
2020-03-02,0,0,0,1,1,0,Tabasco
2020-03-03,0,0,0,1,1,0,Tabasco
2020-03-04,0,0,0,1,1,0,Tabasco
2020-03-05,0,0,0,1,1,0,Tabasco
2020-03-06,0,0,0,1,1,0,Tabasco
2020-03-07,0,0,0,1,1,0,Tabasco
2020-03-08,0,0,0,1,1,0,Tabasco
2020-03-09,3,0,0,4,1,0,Tabasco
2020-03-10,2,0,0,6,1,0,Tabasco
2020-03-11,0,0,0,6,1,0,Tabasco
2020-03-12,0,0,0,6,1,0,Tabasco
2020-03-13,2,0,0,8,1,0,Tabasco
2020-03-14,2,0,0,10,1,0,Tabasco
2020-03-15,1,0,0,11,1,0,Tabasco
2020-03-16,3,0,0,14,1,0,Tabasco
2020-03-17,2,1,0,16,2,0,Tabasco
2020-03-18,5,2,0,21,4,0,Tabasco
2020-03-19,8,2,0,29,6,0,Tabasco
2020-03-20,4,2,0,33,8,0,Tabasco
2020-03-21,5,0,0,38,8,0,Tabasco
2020-03-22,3,0,0,41,8,0,Tabasco
2020-03-23,7,3,0,48,11,0,Tabasco
2020-03-24,6,10,0,54,21,0,Tabasco
2020-03-25,11,3,0,65,24,0,Tabasco
2020-03-26,6,5,0,71,29,0,Tabasco
2020-03-27,7,10,0,78,39,0,Tabasco
2020-03-28,16,1,0,94,40,0,Tabasco
2020-03-29,12,9,0,106,49,0,Tabasco
2020-03-30,12,9,0,118,58,0,Tabasco
2020-03-31,10,11,1,128,69,1,Tabasco
2020-04-01,12,9,3,140,78,4,Tabasco
2020-04-02,17,15,0,157,93,4,Tabasco
2020-04-03,13,20,1,170,113,5,Tabasco
2020-04-04,24,3,0,194,116,5,Tabasco
2020-04-05,16,8,3,210,124,8,Tabasco
2020-04-06,28,6,3,238,130,11,Tabasco
2020-04-07,30,12,0,268,142,11,Tabasco
2020-04-08,27,17,1,295,159,12,Tabasco
2020-04-09,36,11,1,331,170,13,Tabasco
2020-04-10,40,13,0,371,183,13,Tabasco
2020-04-11,21,18,1,392,201,14,Tabasco
2020-04-12,29,27,2,421,228,16,Tabasco
2020-04-13,34,29,4,455,257,20,Tabasco
2020-04-14,43,45,5,498,302,25,Tabasco
2020-04-15,24,36,3,522,338,28,Tabasco
2020-04-16,15,37,3,537,375,31,Tabasco
2020-04-17,16,40,10,553,415,41,Tabasco
2020-04-18,19,40,9,572,455,50,Tabasco
2020-04-19,16,34,7,588,489,57,Tabasco
2020-04-20,4,45,4,592,534,61,Tabasco
2020-04-21,2,35,2,594,569,63,Tabasco
2020-04-22,2,27,5,596,596,68,Tabasco
2020-04-23,0,0,0,596,596,68,Tabasco
2020-03-13,1,0,0,1,0,0,Tamaulipas
2020-03-14,2,0,0,3,0,0,Tamaulipas
2020-03-15,0,1,0,3,1,0,Tamaulipas
2020-03-16,3,1,0,6,2,0,Tamaulipas
2020-03-17,0,0,0,6,2,0,Tamaulipas
2020-03-18,0,0,0,6,2,0,Tamaulipas
2020-03-19,0,1,0,6,3,0,Tamaulipas
2020-03-20,3,1,0,9,4,0,Tamaulipas
2020-03-21,2,0,0,11,4,0,Tamaulipas
2020-03-22,1,2,0,12,6,0,Tamaulipas
2020-03-23,1,1,0,13,7,0,Tamaulipas
2020-03-24,1,1,0,14,8,0,Tamaulipas
2020-03-25,2,0,0,16,8,0,Tamaulipas
2020-03-26,4,0,0,20,8,0,Tamaulipas
2020-03-27,3,1,0,23,9,0,Tamaulipas
2020-03-28,1,1,0,24,10,0,Tamaulipas
2020-03-29,0,3,0,24,13,0,Tamaulipas
2020-03-30,9,4,0,33,17,0,Tamaulipas
2020-03-31,4,4,0,37,21,0,Tamaulipas
2020-04-01,5,6,0,42,27,0,Tamaulipas
2020-04-02,4,1,0,46,28,0,Tamaulipas
2020-04-03,1,4,1,47,32,1,Tamaulipas
2020-04-04,8,3,1,55,35,2,Tamaulipas
2020-04-05,3,1,0,58,36,2,Tamaulipas
2020-04-06,3,8,1,61,44,3,Tamaulipas
2020-04-07,6,4,0,67,48,3,Tamaulipas
2020-04-08,3,3,0,70,51,3,Tamaulipas
2020-04-09,3,2,0,73,53,3,Tamaulipas
2020-04-10,5,3,0,78,56,3,Tamaulipas
2020-04-11,8,2,0,86,58,3,Tamaulipas
2020-04-12,8,7,0,94,65,3,Tamaulipas
2020-04-13,21,5,0,115,70,3,Tamaulipas
2020-04-14,10,16,1,125,86,4,Tamaulipas
2020-04-15,8,14,1,133,100,5,Tamaulipas
2020-04-16,14,22,0,147,122,5,Tamaulipas
2020-04-17,16,15,1,163,137,6,Tamaulipas
2020-04-18,11,7,0,174,144,6,Tamaulipas
2020-04-19,5,5,0,179,149,6,Tamaulipas
2020-04-20,5,18,3,184,167,9,Tamaulipas
2020-04-21,3,13,0,187,180,9,Tamaulipas
2020-04-22,3,10,0,190,190,9,Tamaulipas
2020-04-23,0,0,0,190,190,9,Tamaulipas
2020-03-16,2,0,0,2,0,0,Tlaxcala
2020-03-17,0,0,0,2,0,0,Tlaxcala
2020-03-18,0,0,0,2,0,0,Tlaxcala
2020-03-19,0,0,0,2,0,0,Tlaxcala
2020-03-20,0,0,0,2,0,0,Tlaxcala
2020-03-21,0,0,0,2,0,0,Tlaxcala
2020-03-22,1,0,0,3,0,0,Tlaxcala
2020-03-23,1,1,0,4,1,0,Tlaxcala
2020-03-24,2,2,0,6,3,0,Tlaxcala
2020-03-25,2,0,0,8,3,0,Tlaxcala
2020-03-26,0,0,0,8,3,0,Tlaxcala
2020-03-27,1,1,0,9,4,0,Tlaxcala
2020-03-28,9,2,0,18,6,0,Tlaxcala
2020-03-29,2,0,0,20,6,0,Tlaxcala
2020-03-30,4,1,0,24,7,0,Tlaxcala
2020-03-31,3,0,0,27,7,0,Tlaxcala
2020-04-01,5,4,0,32,11,0,Tlaxcala
2020-04-02,5,1,0,37,12,0,Tlaxcala
2020-04-03,4,0,0,41,12,0,Tlaxcala
2020-04-04,8,2,0,49,14,0,Tlaxcala
2020-04-05,1,6,0,50,20,0,Tlaxcala
2020-04-06,2,8,0,52,28,0,Tlaxcala
2020-04-07,4,7,0,56,35,0,Tlaxcala
2020-04-08,7,6,1,63,41,1,Tlaxcala
2020-04-09,1,1,0,64,42,1,Tlaxcala
2020-04-10,10,5,0,74,47,1,Tlaxcala
2020-04-11,1,6,0,75,53,1,Tlaxcala
2020-04-12,1,1,3,76,54,4,Tlaxcala
2020-04-13,3,5,0,79,59,4,Tlaxcala
2020-04-14,6,6,1,85,65,5,Tlaxcala
2020-04-15,4,4,0,89,69,5,Tlaxcala
2020-04-16,6,5,0,95,74,5,Tlaxcala
2020-04-17,5,5,1,100,79,6,Tlaxcala
2020-04-18,1,4,0,101,83,6,Tlaxcala
2020-04-19,0,8,2,101,91,8,Tlaxcala
2020-04-20,0,8,0,101,99,8,Tlaxcala
2020-04-21,0,2,1,101,101,9,Tlaxcala
2020-04-22,0,0,0,101,101,9,Tlaxcala
2020-04-23,0,0,0,101,101,9,Tlaxcala
2020-03-03,1,0,0,1,0,0,Veracruz
2020-03-04,0,0,0,1,0,0,Veracruz
2020-03-05,0,0,0,1,0,0,Veracruz
2020-03-06,0,0,0,1,0,0,Veracruz
2020-03-07,0,0,0,1,0,0,Veracruz
2020-03-08,0,0,0,1,0,0,Veracruz
2020-03-09,0,0,0,1,0,0,Veracruz
2020-03-10,0,0,0,1,0,0,Veracruz
2020-03-11,0,0,0,1,0,0,Veracruz
2020-03-12,4,0,0,5,0,0,Veracruz
2020-03-13,0,0,0,5,0,0,Veracruz
2020-03-14,3,0,0,8,0,0,Veracruz
2020-03-15,2,2,0,10,2,0,Veracruz
2020-03-16,2,0,0,12,2,0,Veracruz
2020-03-17,2,0,0,14,2,0,Veracruz
2020-03-18,4,7,0,18,9,0,Veracruz
2020-03-19,2,5,0,20,14,0,Veracruz
2020-03-20,7,1,0,27,15,0,Veracruz
2020-03-21,1,1,0,28,16,0,Veracruz
2020-03-22,1,0,0,29,16,0,Veracruz
2020-03-23,5,4,0,34,20,0,Veracruz
2020-03-24,0,2,0,34,22,0,Veracruz
2020-03-25,3,2,0,37,24,0,Veracruz
2020-03-26,4,4,0,41,28,0,Veracruz
2020-03-27,5,1,0,46,29,0,Veracruz
2020-03-28,1,1,1,47,30,1,Veracruz
2020-03-29,4,1,0,51,31,1,Veracruz
2020-03-30,4,3,0,55,34,1,Veracruz
2020-03-31,4,2,0,59,36,1,Veracruz
2020-04-01,4,7,1,63,43,2,Veracruz
2020-04-02,11,5,0,74,48,2,Veracruz
2020-04-03,6,7,1,80,55,3,Veracruz
2020-04-04,4,2,0,84,57,3,Veracruz
2020-04-05,7,2,0,91,59,3,Veracruz
2020-04-06,12,5,0,103,64,3,Veracruz
2020-04-07,12,11,0,115,75,3,Veracruz
2020-04-08,17,4,0,132,79,3,Veracruz
2020-04-09,13,10,1,145,89,4,Veracruz
2020-04-10,15,8,0,160,97,4,Veracruz
2020-04-11,16,13,0,176,110,4,Veracruz
2020-04-12,15,9,3,191,119,7,Veracruz
2020-04-13,21,12,1,212,131,8,Veracruz
2020-04-14,10,13,1,222,144,9,Veracruz
2020-04-15,15,16,0,237,160,9,Veracruz
2020-04-16,9,23,1,246,183,10,Veracruz
2020-04-17,0,29,1,246,212,11,Veracruz
2020-04-18,1,12,2,247,224,13,Veracruz
2020-04-19,3,15,5,250,239,18,Veracruz
2020-04-20,0,8,2,250,247,20,Veracruz
2020-04-21,0,3,2,250,250,22,Veracruz
2020-04-22,0,0,0,250,250,22,Veracruz
2020-04-23,0,0,0,250,250,22,Veracruz
2020-02-19,1,0,0,1,0,0,Yucatán
2020-02-20,0,0,0,1,0,0,Yucatán
2020-02-21,0,0,0,1,0,0,Yucatán
2020-02-22,0,0,0,1,0,0,Yucatán
2020-02-23,0,0,0,1,0,0,Yucatán
2020-02-24,0,0,0,1,0,0,Yucatán
2020-02-25,0,0,0,1,0,0,Yucatán
2020-02-26,0,0,0,1,0,0,Yucatán
2020-02-27,0,0,0,1,0,0,Yucatán
2020-02-28,0,0,0,1,0,0,Yucatán
2020-02-29,0,0,0,1,0,0,Yucatán
2020-03-01,0,0,0,1,0,0,Yucatán
2020-03-02,0,0,0,1,0,0,Yucatán
2020-03-03,0,0,0,1,0,0,Yucatán
2020-03-04,0,0,0,1,0,0,Yucatán
2020-03-05,0,0,0,1,0,0,Yucatán
2020-03-06,0,0,0,1,0,0,Yucatán
2020-03-07,1,0,0,2,0,0,Yucatán
2020-03-08,3,0,0,5,0,0,Yucatán
2020-03-09,1,0,0,6,0,0,Yucatán
2020-03-10,2,0,0,8,0,0,Yucatán
2020-03-11,3,0,0,11,0,0,Yucatán
2020-03-12,1,1,0,12,1,0,Yucatán
2020-03-13,5,0,0,17,1,0,Yucatán
2020-03-14,3,0,0,20,1,0,Yucatán
2020-03-15,1,4,0,21,5,0,Yucatán
2020-03-16,2,2,0,23,7,0,Yucatán
2020-03-17,7,6,0,30,13,0,Yucatán
2020-03-18,5,0,0,35,13,0,Yucatán
2020-03-19,7,2,0,42,15,0,Yucatán
2020-03-20,3,5,0,45,20,0,Yucatán
2020-03-21,4,0,0,49,20,0,Yucatán
2020-03-22,4,8,0,53,28,0,Yucatán
2020-03-23,3,5,0,56,33,0,Yucatán
2020-03-24,2,8,0,58,41,0,Yucatán
2020-03-25,1,3,0,59,44,0,Yucatán
2020-03-26,2,0,0,61,44,0,Yucatán
2020-03-27,4,3,0,65,47,0,Yucatán
2020-03-28,3,4,0,68,51,0,Yucatán
2020-03-29,6,2,0,74,53,0,Yucatán
2020-03-30,5,7,0,79,60,0,Yucatán
2020-03-31,5,1,0,84,61,0,Yucatán
2020-04-01,5,8,0,89,69,0,Yucatán
2020-04-02,5,2,0,94,71,0,Yucatán
2020-04-03,10,6,2,104,77,2,Yucatán
2020-04-04,7,1,0,111,78,2,Yucatán
2020-04-05,3,5,0,114,83,2,Yucatán
2020-04-06,10,10,1,124,93,3,Yucatán
2020-04-07,9,9,2,133,102,5,Yucatán
2020-04-08,11,5,0,144,107,5,Yucatán
2020-04-09,2,9,0,146,116,5,Yucatán
2020-04-10,5,4,2,151,120,7,Yucatán
2020-04-11,17,7,0,168,127,7,Yucatán
2020-04-12,17,6,0,185,133,7,Yucatán
2020-04-13,13,14,0,198,147,7,Yucatán
2020-04-14,7,18,0,205,165,7,Yucatán
2020-04-15,10,23,3,215,188,10,Yucatán
2020-04-16,7,10,1,222,198,11,Yucatán
2020-04-17,5,11,1,227,209,12,Yucatán
2020-04-18,4,5,0,231,214,12,Yucatán
2020-04-19,4,4,1,235,218,13,Yucatán
2020-04-20,3,12,1,238,230,14,Yucatán
2020-04-21,0,8,3,238,238,17,Yucatán
2020-04-22,0,0,1,238,238,18,Yucatán
2020-04-23,0,0,0,238,238,18,Yucatán
2020-03-09,1,0,0,1,0,0,Zacatecas
2020-03-10,0,0,0,1,0,0,Zacatecas
2020-03-11,0,0,0,1,0,0,Zacatecas
2020-03-12,1,0,0,2,0,0,Zacatecas
2020-03-13,0,0,0,2,0,0,Zacatecas
2020-03-14,0,0,0,2,0,0,Zacatecas
2020-03-15,0,0,0,2,0,0,Zacatecas
2020-03-16,1,1,0,3,1,0,Zacatecas
2020-03-17,0,0,0,3,1,0,Zacatecas
2020-03-18,1,0,0,4,1,0,Zacatecas
2020-03-19,3,0,0,7,1,0,Zacatecas
2020-03-20,0,1,0,7,2,0,Zacatecas
2020-03-21,2,1,0,9,3,0,Zacatecas
2020-03-22,1,1,0,10,4,0,Zacatecas
2020-03-23,0,0,0,10,4,0,Zacatecas
2020-03-24,0,1,0,10,5,0,Zacatecas
2020-03-25,0,0,0,10,5,0,Zacatecas
2020-03-26,0,0,0,10,5,0,Zacatecas
2020-03-27,0,3,0,10,8,0,Zacatecas
2020-03-28,0,1,0,10,9,0,Zacatecas
2020-03-29,0,0,0,10,9,0,Zacatecas
2020-03-30,0,0,0,10,9,0,Zacatecas
2020-03-31,2,0,1,12,9,1,Zacatecas
2020-04-01,0,0,0,12,9,1,Zacatecas
2020-04-02,2,1,0,14,10,1,Zacatecas
2020-04-03,2,0,0,16,10,1,Zacatecas
2020-04-04,0,1,1,16,11,2,Zacatecas
2020-04-05,0,1,0,16,12,2,Zacatecas
2020-04-06,0,1,0,16,13,2,Zacatecas
2020-04-07,1,0,0,17,13,2,Zacatecas
2020-04-08,6,2,0,23,15,2,Zacatecas
2020-04-09,1,1,0,24,16,2,Zacatecas
2020-04-10,5,0,0,29,16,2,Zacatecas
2020-04-11,4,2,0,33,18,2,Zacatecas
2020-04-12,2,1,0,35,19,2,Zacatecas
2020-04-13,2,0,0,37,19,2,Zacatecas
2020-04-14,2,1,0,39,20,2,Zacatecas
2020-04-15,1,6,0,40,26,2,Zacatecas
2020-04-16,6,3,0,46,29,2,Zacatecas
2020-04-17,1,2,0,47,31,2,Zacatecas
2020-04-18,1,7,0,48,38,2,Zacatecas
2020-04-19,0,1,1,48,39,3,Zacatecas
2020-04-20,0,8,0,48,47,3,Zacatecas
2020-04-21,0,1,0,48,48,3,Zacatecas
2020-04-22,0,0,0,48,48,3,Zacatecas
2020-04-23,0,0,0,48,48,3,Zacatecas
