fecha,sintomas_nuevos,ingreso_nuevos,muertes_nuevas,sintomas_acumulados,ingreso_acumulados,muertes_acumuladas,estado
2020-03-10,1,0,0,1,0,0,Aguascalientes
2020-03-11,0,0,0,1,0,0,Aguascalientes
2020-03-12,1,0,0,2,0,0,Aguascalientes
2020-03-13,0,0,0,2,0,0,Aguascalientes
2020-03-14,1,1,0,3,1,0,Aguascalientes
2020-03-15,1,0,0,4,1,0,Aguascalientes
2020-03-16,2,0,0,6,1,0,Aguascalientes
2020-03-17,2,1,0,8,2,0,Aguascalientes
2020-03-18,4,2,0,12,4,0,Aguascalientes
2020-03-19,2,1,0,14,5,0,Aguascalientes
2020-03-20,3,2,0,17,7,0,Aguascalientes
2020-03-21,0,1,0,17,8,0,Aguascalientes
2020-03-22,5,1,0,22,9,0,Aguascalientes
2020-03-23,9,4,0,31,13,0,Aguascalientes
2020-03-24,5,0,0,36,13,0,Aguascalientes
2020-03-25,5,17,0,41,30,0,Aguascalientes
2020-03-26,4,4,0,45,34,0,Aguascalientes
2020-03-27,5,6,0,50,40,0,Aguascalientes
2020-03-28,2,5,0,52,45,0,Aguascalientes
2020-03-29,2,3,0,54,48,0,Aguascalientes
2020-03-30,3,4,0,57,52,0,Aguascalientes
2020-03-31,1,1,0,58,53,0,Aguascalientes
2020-04-01,1,0,0,59,53,0,Aguascalientes
2020-04-02,2,0,0,61,53,0,Aguascalientes
2020-04-03,1,1,0,62,54,0,Aguascalientes
2020-04-04,0,0,0,62,54,0,Aguascalientes
2020-04-05,2,3,0,64,57,0,Aguascalientes
2020-04-06,4,4,0,68,61,0,Aguascalientes
2020-04-07,5,1,0,73,62,0,Aguascalientes
2020-04-08,2,1,0,75,63,0,Aguascalientes
2020-04-09,3,0,0,78,63,0,Aguascalientes
2020-04-10,3,2,1,81,65,1,Aguascalientes
2020-04-11,6,1,0,87,66,1,Aguascalientes
2020-04-12,6,2,0,93,68,1,Aguascalientes
2020-04-13,5,6,1,98,74,2,Aguascalientes
2020-04-14,8,0,0,106,74,2,Aguascalientes
2020-04-15,11,11,0,117,85,2,Aguascalientes
2020-04-16,7,6,0,124,91,2,Aguascalientes
2020-04-17,10,18,0,134,109,2,Aguascalientes
2020-04-18,10,11,0,144,120,2,Aguascalientes
2020-04-19,4,3,0,148,123,2,Aguascalientes
2020-04-20,9,17,0,157,140,2,Aguascalientes
2020-04-21,3,10,0,160,150,2,Aguascalientes
2020-04-22,0,7,0,160,157,2,Aguascalientes
2020-04-23,0,2,0,160,159,2,Aguascalientes
2020-04-24,0,0,0,160,159,2,Aguascalientes
2020-04-25,0,1,0,160,160,2,Aguascalientes
2020-04-26,1,1,0,161,161,2,Aguascalientes
2020-04-27,0,0,0,161,161,2,Aguascalientes
2020-01-17,1,0,0,1,0,0,Baja California
2020-01-18,0,0,0,1,0,0,Baja California
2020-01-19,0,0,0,1,0,0,Baja California
2020-01-20,0,0,0,1,0,0,Baja California
2020-01-21,0,0,0,1,0,0,Baja California
2020-01-22,0,0,0,1,0,0,Baja California
2020-01-23,0,0,0,1,0,0,Baja California
2020-01-24,0,0,0,1,0,0,Baja California
2020-01-25,0,0,0,1,0,0,Baja California
2020-01-26,0,0,0,1,0,0,Baja California
2020-01-27,0,0,0,1,0,0,Baja California
2020-01-28,0,0,0,1,0,0,Baja California
2020-01-29,0,0,0,1,0,0,Baja California
2020-01-30,0,0,0,1,0,0,Baja California
2020-01-31,0,0,0,1,0,0,Baja California
2020-02-01,0,0,0,1,0,0,Baja California
2020-02-02,0,0,0,1,0,0,Baja California
2020-02-03,0,0,0,1,0,0,Baja California
2020-02-04,0,0,0,1,0,0,Baja California
2020-02-05,0,0,0,1,0,0,Baja California
2020-02-06,1,0,0,2,0,0,Baja California
2020-02-07,1,0,0,3,0,0,Baja California
2020-02-08,0,0,0,3,0,0,Baja California
2020-02-09,0,0,0,3,0,0,Baja California
2020-02-10,0,0,0,3,0,0,Baja California
2020-02-11,0,0,0,3,0,0,Baja California
2020-02-12,0,1,0,3,1,0,Baja California
2020-02-13,0,0,0,3,1,0,Baja California
2020-02-14,0,0,0,3,1,0,Baja California
2020-02-15,0,0,0,3,1,0,Baja California
2020-02-16,0,0,0,3,1,0,Baja California
2020-02-17,0,0,0,3,1,0,Baja California
2020-02-18,0,0,0,3,1,0,Baja California
2020-02-19,0,0,0,3,1,0,Baja California
2020-02-20,0,0,0,3,1,0,Baja California
2020-02-21,0,0,0,3,1,0,Baja California
2020-02-22,0,0,0,3,1,0,Baja California
2020-02-23,0,0,0,3,1,0,Baja California
2020-02-24,0,0,0,3,1,0,Baja California
2020-02-25,0,0,0,3,1,0,Baja California
2020-02-26,0,0,0,3,1,0,Baja California
2020-02-27,0,0,0,3,1,0,Baja California
2020-02-28,0,0,0,3,1,0,Baja California
2020-02-29,0,0,0,3,1,0,Baja California
2020-03-01,0,0,0,3,1,0,Baja California
2020-03-02,0,0,0,3,1,0,Baja California
2020-03-03,0,0,0,3,1,0,Baja California
2020-03-04,0,0,0,3,1,0,Baja California
2020-03-05,0,0,0,3,1,0,Baja California
2020-03-06,0,0,0,3,1,0,Baja California
2020-03-07,0,0,0,3,1,0,Baja California
2020-03-08,0,0,0,3,1,0,Baja California
2020-03-09,1,0,0,4,1,0,Baja California
2020-03-10,0,0,0,4,1,0,Baja California
2020-03-11,2,1,0,6,2,0,Baja California
2020-03-12,2,0,0,8,2,0,Baja California
2020-03-13,4,0,0,12,2,0,Baja California
2020-03-14,4,0,0,16,2,0,Baja California
2020-03-15,2,0,0,18,2,0,Baja California
2020-03-16,5,1,0,23,3,0,Baja California
2020-03-17,5,3,0,28,6,0,Baja California
2020-03-18,11,4,0,39,10,0,Baja California
2020-03-19,10,5,0,49,15,0,Baja California
2020-03-20,15,6,0,64,21,0,Baja California
2020-03-21,6,3,0,70,24,0,Baja California
2020-03-22,6,2,0,76,26,0,Baja California
2020-03-23,17,10,0,93,36,0,Baja California
2020-03-24,20,9,0,113,45,0,Baja California
2020-03-25,17,7,0,130,52,0,Baja California
2020-03-26,23,11,0,153,63,0,Baja California
2020-03-27,24,16,0,177,79,0,Baja California
2020-03-28,24,7,0,201,86,0,Baja California
2020-03-29,36,20,1,237,106,1,Baja California
2020-03-30,40,29,2,277,135,3,Baja California
2020-03-31,32,43,2,309,178,5,Baja California
2020-04-01,53,63,2,362,241,7,Baja California
2020-04-02,63,27,5,425,268,12,Baja California
2020-04-03,51,37,2,476,305,14,Baja California
2020-04-04,53,25,5,529,330,19,Baja California
2020-04-05,49,19,1,578,349,20,Baja California
2020-04-06,53,67,9,631,416,29,Baja California
2020-04-07,51,35,5,682,451,34,Baja California
2020-04-08,73,71,5,755,522,39,Baja California
2020-04-09,79,60,4,834,582,43,Baja California
2020-04-10,94,50,6,928,632,49,Baja California
2020-04-11,64,40,9,992,672,58,Baja California
2020-04-12,69,38,11,1061,710,69,Baja California
2020-04-13,39,81,5,1100,791,74,Baja California
2020-04-14,47,113,10,1147,904,84,Baja California
2020-04-15,33,89,14,1180,993,98,Baja California
2020-04-16,41,70,9,1221,1063,107,Baja California
2020-04-17,22,68,11,1243,1131,118,Baja California
2020-04-18,17,23,7,1260,1154,125,Baja California
2020-04-19,17,16,12,1277,1170,137,Baja California
2020-04-20,14,59,6,1291,1229,143,Baja California
2020-04-21,3,26,6,1294,1255,149,Baja California
2020-04-22,4,11,7,1298,1266,156,Baja California
2020-04-23,3,18,7,1301,1284,163,Baja California
2020-04-24,0,15,0,1301,1299,163,Baja California
2020-04-25,0,2,0,1301,1301,163,Baja California
2020-04-26,0,0,2,1301,1301,165,Baja California
2020-04-27,0,0,0,1301,1301,165,Baja California
2020-03-13,1,0,0,1,0,0,Baja California Sur
2020-03-14,0,0,0,1,0,0,Baja California Sur
2020-03-15,0,0,0,1,0,0,Baja California Sur
2020-03-16,3,0,0,4,0,0,Baja California Sur
2020-03-17,1,0,0,5,0,0,Baja California Sur
2020-03-18,1,1,0,6,1,0,Baja California Sur
2020-03-19,0,0,0,6,1,0,Baja California Sur
2020-03-20,1,1,0,7,2,0,Baja California Sur
2020-03-21,4,1,0,11,3,0,Baja California Sur
2020-03-22,5,0,0,16,3,0,Baja California Sur
2020-03-23,5,4,0,21,7,0,Baja California Sur
2020-03-24,2,2,0,23,9,0,Baja California Sur
2020-03-25,5,0,0,28,9,0,Baja California Sur
2020-03-26,6,2,0,34,11,0,Baja California Sur
2020-03-27,8,4,0,42,15,0,Baja California Sur
2020-03-28,10,4,0,52,19,0,Baja California Sur
2020-03-29,4,1,1,56,20,1,Baja California Sur
2020-03-30,13,14,0,69,34,1,Baja California Sur
2020-03-31,13,7,1,82,41,2,Baja California Sur
2020-04-01,17,5,0,99,46,2,Baja California Sur
2020-04-02,17,11,0,116,57,2,Baja California Sur
2020-04-03,21,16,0,137,73,2,Baja California Sur
2020-04-04,19,6,1,156,79,3,Baja California Sur
2020-04-05,18,5,1,174,84,4,Baja California Sur
2020-04-06,13,18,0,187,102,4,Baja California Sur
2020-04-07,5,24,0,192,126,4,Baja California Sur
2020-04-08,7,23,1,199,149,5,Baja California Sur
2020-04-09,6,25,0,205,174,5,Baja California Sur
2020-04-10,12,9,0,217,183,5,Baja California Sur
2020-04-11,12,7,1,229,190,6,Baja California Sur
2020-04-12,10,5,1,239,195,7,Baja California Sur
2020-04-13,7,12,0,246,207,7,Baja California Sur
2020-04-14,6,15,0,252,222,7,Baja California Sur
2020-04-15,6,5,0,258,227,7,Baja California Sur
2020-04-16,4,9,1,262,236,8,Baja California Sur
2020-04-17,6,6,1,268,242,9,Baja California Sur
2020-04-18,7,4,0,275,246,9,Baja California Sur
2020-04-19,4,8,0,279,254,9,Baja California Sur
2020-04-20,5,6,1,284,260,10,Baja California Sur
2020-04-21,0,11,1,284,271,11,Baja California Sur
2020-04-22,1,2,1,285,273,12,Baja California Sur
2020-04-23,0,2,0,285,275,12,Baja California Sur
2020-04-24,0,8,1,285,283,13,Baja California Sur
2020-04-25,0,2,0,285,285,13,Baja California Sur
2020-04-26,0,0,0,285,285,13,Baja California Sur
2020-04-27,0,0,0,285,285,13,Baja California Sur
2020-02-23,1,0,0,1,0,0,Campeche
2020-02-24,0,0,0,1,0,0,Campeche
2020-02-25,0,0,0,1,0,0,Campeche
2020-02-26,0,0,0,1,0,0,Campeche
2020-02-27,0,0,0,1,0,0,Campeche
2020-02-28,0,0,0,1,0,0,Campeche
2020-02-29,0,0,0,1,0,0,Campeche
2020-03-01,0,0,0,1,0,0,Campeche
2020-03-02,0,0,0,1,0,0,Campeche
2020-03-03,0,0,0,1,0,0,Campeche
2020-03-04,0,0,0,1,0,0,Campeche
2020-03-05,0,0,0,1,0,0,Campeche
2020-03-06,0,0,0,1,0,0,Campeche
2020-03-07,0,0,0,1,0,0,Campeche
2020-03-08,1,1,0,2,1,0,Campeche
2020-03-09,1,0,0,3,1,0,Campeche
2020-03-10,0,0,0,3,1,0,Campeche
2020-03-11,0,0,0,3,1,0,Campeche
2020-03-12,1,1,0,4,2,0,Campeche
2020-03-13,0,0,0,4,2,0,Campeche
2020-03-14,0,1,0,4,3,0,Campeche
2020-03-15,0,0,0,4,3,0,Campeche
2020-03-16,0,0,0,4,3,0,Campeche
2020-03-17,0,0,0,4,3,0,Campeche
2020-03-18,1,0,0,5,3,0,Campeche
2020-03-19,0,0,0,5,3,0,Campeche
2020-03-20,1,0,0,6,3,0,Campeche
2020-03-21,0,0,0,6,3,0,Campeche
2020-03-22,0,0,0,6,3,0,Campeche
2020-03-23,1,1,0,7,4,0,Campeche
2020-03-24,0,0,0,7,4,0,Campeche
2020-03-25,2,0,0,9,4,0,Campeche
2020-03-26,0,1,0,9,5,0,Campeche
2020-03-27,2,3,0,11,8,0,Campeche
2020-03-28,2,0,0,13,8,0,Campeche
2020-03-29,0,1,0,13,9,0,Campeche
2020-03-30,2,0,0,15,9,0,Campeche
2020-03-31,1,0,0,16,9,0,Campeche
2020-04-01,1,0,0,17,9,0,Campeche
2020-04-02,1,2,0,18,11,0,Campeche
2020-04-03,4,1,0,22,12,0,Campeche
2020-04-04,2,0,0,24,12,0,Campeche
2020-04-05,1,3,0,25,15,0,Campeche
2020-04-06,2,2,1,27,17,1,Campeche
2020-04-07,1,0,0,28,17,1,Campeche
2020-04-08,4,0,0,32,17,1,Campeche
2020-04-09,1,2,0,33,19,1,Campeche
2020-04-10,4,1,1,37,20,2,Campeche
2020-04-11,5,5,0,42,25,2,Campeche
2020-04-12,2,2,0,44,27,2,Campeche
2020-04-13,5,2,0,49,29,2,Campeche
2020-04-14,2,4,1,51,33,3,Campeche
2020-04-15,5,3,0,56,36,3,Campeche
2020-04-16,4,4,0,60,40,3,Campeche
2020-04-17,3,3,1,63,43,4,Campeche
2020-04-18,2,6,0,65,49,4,Campeche
2020-04-19,4,2,2,69,51,6,Campeche
2020-04-20,0,4,0,69,55,6,Campeche
2020-04-21,0,7,1,69,62,7,Campeche
2020-04-22,4,4,2,73,66,9,Campeche
2020-04-23,2,5,2,75,71,11,Campeche
2020-04-24,1,2,1,76,73,12,Campeche
2020-04-25,0,3,1,76,76,13,Campeche
2020-04-26,0,0,0,76,76,13,Campeche
2020-04-27,0,0,0,76,76,13,Campeche
2020-02-27,1,0,0,1,0,0,Coahuila
2020-02-28,0,1,0,1,1,0,Coahuila
2020-02-29,0,0,0,1,1,0,Coahuila
2020-03-01,0,0,0,1,1,0,Coahuila
2020-03-02,0,0,0,1,1,0,Coahuila
2020-03-03,0,0,0,1,1,0,Coahuila
2020-03-04,1,0,0,2,1,0,Coahuila
2020-03-05,0,0,0,2,1,0,Coahuila
2020-03-06,0,0,0,2,1,0,Coahuila
2020-03-07,0,0,0,2,1,0,Coahuila
2020-03-08,0,0,0,2,1,0,Coahuila
2020-03-09,0,0,0,2,1,0,Coahuila
2020-03-10,1,0,0,3,1,0,Coahuila
2020-03-11,0,2,0,3,3,0,Coahuila
2020-03-12,0,0,0,3,3,0,Coahuila
2020-03-13,1,0,0,4,3,0,Coahuila
2020-03-14,0,0,0,4,3,0,Coahuila
2020-03-15,0,0,0,4,3,0,Coahuila
2020-03-16,2,1,0,6,4,0,Coahuila
2020-03-17,3,2,0,9,6,0,Coahuila
2020-03-18,4,2,0,13,8,0,Coahuila
2020-03-19,2,3,0,15,11,0,Coahuila
2020-03-20,6,4,0,21,15,0,Coahuila
2020-03-21,8,0,0,29,15,0,Coahuila
2020-03-22,2,0,0,31,15,0,Coahuila
2020-03-23,10,1,0,41,16,0,Coahuila
2020-03-24,8,5,0,49,21,0,Coahuila
2020-03-25,7,0,0,56,21,0,Coahuila
2020-03-26,11,4,0,67,25,0,Coahuila
2020-03-27,18,3,0,85,28,0,Coahuila
2020-03-28,15,5,1,100,33,1,Coahuila
2020-03-29,13,11,0,113,44,1,Coahuila
2020-03-30,23,18,1,136,62,2,Coahuila
2020-03-31,11,13,1,147,75,3,Coahuila
2020-04-01,13,18,0,160,93,3,Coahuila
2020-04-02,11,16,2,171,109,5,Coahuila
2020-04-03,10,20,2,181,129,7,Coahuila
2020-04-04,16,10,1,197,139,8,Coahuila
2020-04-05,8,4,2,205,143,10,Coahuila
2020-04-06,12,27,1,217,170,11,Coahuila
2020-04-07,13,7,4,230,177,15,Coahuila
2020-04-08,10,18,0,240,195,15,Coahuila
2020-04-09,8,6,1,248,201,16,Coahuila
2020-04-10,12,11,1,260,212,17,Coahuila
2020-04-11,8,7,0,268,219,17,Coahuila
2020-04-12,9,6,0,277,225,17,Coahuila
2020-04-13,15,14,0,292,239,17,Coahuila
2020-04-14,10,15,4,302,254,21,Coahuila
2020-04-15,7,16,1,309,270,22,Coahuila
2020-04-16,10,4,3,319,274,25,Coahuila
2020-04-17,7,8,0,326,282,25,Coahuila
2020-04-18,10,6,0,336,288,25,Coahuila
2020-04-19,2,7,1,338,295,26,Coahuila
2020-04-20,6,7,3,344,302,29,Coahuila
2020-04-21,7,18,2,351,320,31,Coahuila
2020-04-22,2,12,1,353,332,32,Coahuila
2020-04-23,3,9,2,356,341,34,Coahuila
2020-04-24,2,16,0,358,357,34,Coahuila
2020-04-25,0,1,1,358,358,35,Coahuila
2020-04-26,0,0,0,358,358,35,Coahuila
2020-04-27,0,0,0,358,358,35,Coahuila
2020-03-12,1,0,0,1,0,0,Colima
2020-03-13,0,0,0,1,0,0,Colima
2020-03-14,0,1,0,1,1,0,Colima
2020-03-15,1,0,0,2,1,0,Colima
2020-03-16,0,1,0,2,2,0,Colima
2020-03-17,0,0,0,2,2,0,Colima
2020-03-18,0,0,0,2,2,0,Colima
2020-03-19,0,0,0,2,2,0,Colima
2020-03-20,0,0,0,2,2,0,Colima
2020-03-21,0,0,0,2,2,0,Colima
2020-03-22,0,0,0,2,2,0,Colima
2020-03-23,0,0,0,2,2,0,Colima
2020-03-24,1,1,0,3,3,0,Colima
2020-03-25,1,0,0,4,3,0,Colima
2020-03-26,0,0,0,4,3,0,Colima
2020-03-27,0,0,0,4,3,0,Colima
2020-03-28,2,0,0,6,3,0,Colima
2020-03-29,1,0,0,7,3,0,Colima
2020-03-30,0,1,0,7,4,0,Colima
2020-03-31,0,1,0,7,5,0,Colima
2020-04-01,0,2,0,7,7,0,Colima
2020-04-02,0,0,0,7,7,0,Colima
2020-04-03,0,0,0,7,7,0,Colima
2020-04-04,0,0,0,7,7,0,Colima
2020-04-05,0,0,0,7,7,0,Colima
2020-04-06,1,0,0,8,7,0,Colima
2020-04-07,1,0,0,9,7,0,Colima
2020-04-08,0,0,0,9,7,0,Colima
2020-04-09,0,0,0,9,7,0,Colima
2020-04-10,0,0,0,9,7,0,Colima
2020-04-11,2,1,0,11,8,0,Colima
2020-04-12,3,2,0,14,10,0,Colima
2020-04-13,0,0,1,14,10,1,Colima
2020-04-14,0,0,0,14,10,1,Colima
2020-04-15,2,1,0,16,11,1,Colima
2020-04-16,0,2,1,16,13,2,Colima
2020-04-17,4,2,0,20,15,2,Colima
2020-04-18,1,1,0,21,16,2,Colima
2020-04-19,0,1,0,21,17,2,Colima
2020-04-20,1,1,0,22,18,2,Colima
2020-04-21,1,1,0,23,19,2,Colima
2020-04-22,0,1,0,23,20,2,Colima
2020-04-23,1,3,0,24,23,2,Colima
2020-04-24,0,1,0,24,24,2,Colima
2020-04-25,0,0,0,24,24,2,Colima
2020-04-26,0,0,0,24,24,2,Colima
2020-04-27,0,0,0,24,24,2,Colima
2020-02-25,1,0,0,1,0,0,Chiapas
2020-02-26,0,0,0,1,0,0,Chiapas
2020-02-27,0,0,0,1,0,0,Chiapas
2020-02-28,0,0,0,1,0,0,Chiapas
2020-02-29,0,1,0,1,1,0,Chiapas
2020-03-01,0,0,0,1,1,0,Chiapas
2020-03-02,0,0,0,1,1,0,Chiapas
2020-03-03,0,0,0,1,1,0,Chiapas
2020-03-04,0,0,0,1,1,0,Chiapas
2020-03-05,0,0,0,1,1,0,Chiapas
2020-03-06,0,0,0,1,1,0,Chiapas
2020-03-07,0,0,0,1,1,0,Chiapas
2020-03-08,0,0,0,1,1,0,Chiapas
2020-03-09,0,0,0,1,1,0,Chiapas
2020-03-10,0,0,0,1,1,0,Chiapas
2020-03-11,0,0,0,1,1,0,Chiapas
2020-03-12,0,0,0,1,1,0,Chiapas
2020-03-13,1,0,0,2,1,0,Chiapas
2020-03-14,1,0,0,3,1,0,Chiapas
2020-03-15,0,0,0,3,1,0,Chiapas
2020-03-16,0,0,0,3,1,0,Chiapas
2020-03-17,0,0,0,3,1,0,Chiapas
2020-03-18,0,1,0,3,2,0,Chiapas
2020-03-19,0,0,0,3,2,0,Chiapas
2020-03-20,2,0,0,5,2,0,Chiapas
2020-03-21,2,0,0,7,2,0,Chiapas
2020-03-22,3,0,0,10,2,0,Chiapas
2020-03-23,4,3,0,14,5,0,Chiapas
2020-03-24,1,0,0,15,5,0,Chiapas
2020-03-25,4,2,0,19,7,0,Chiapas
2020-03-26,0,0,0,19,7,0,Chiapas
2020-03-27,3,5,0,22,12,0,Chiapas
2020-03-28,4,1,0,26,13,0,Chiapas
2020-03-29,1,0,0,27,13,0,Chiapas
2020-03-30,1,1,0,28,14,0,Chiapas
2020-03-31,2,2,0,30,16,0,Chiapas
2020-04-01,2,4,0,32,20,0,Chiapas
2020-04-02,2,2,0,34,22,0,Chiapas
2020-04-03,4,5,0,38,27,0,Chiapas
2020-04-04,4,1,0,42,28,0,Chiapas
2020-04-05,1,1,0,43,29,0,Chiapas
2020-04-06,2,5,1,45,34,1,Chiapas
2020-04-07,5,1,0,50,35,1,Chiapas
2020-04-08,4,5,0,54,40,1,Chiapas
2020-04-09,2,3,1,56,43,2,Chiapas
2020-04-10,2,3,0,58,46,2,Chiapas
2020-04-11,6,1,1,64,47,3,Chiapas
2020-04-12,3,0,0,67,47,3,Chiapas
2020-04-13,7,5,0,74,52,3,Chiapas
2020-04-14,5,5,0,79,57,3,Chiapas
2020-04-15,8,6,0,87,63,3,Chiapas
2020-04-16,13,3,0,100,66,3,Chiapas
2020-04-17,6,10,0,106,76,3,Chiapas
2020-04-18,7,4,0,113,80,3,Chiapas
2020-04-19,5,7,1,118,87,4,Chiapas
2020-04-20,12,9,0,130,96,4,Chiapas
2020-04-21,0,7,0,130,103,4,Chiapas
2020-04-22,1,7,1,131,110,5,Chiapas
2020-04-23,1,12,1,132,122,6,Chiapas
2020-04-24,0,7,0,132,129,6,Chiapas
2020-04-25,0,3,0,132,132,6,Chiapas
2020-04-26,0,0,0,132,132,6,Chiapas
2020-04-27,0,0,0,132,132,6,Chiapas
2020-03-12,2,0,0,2,0,0,Chihuahua
2020-03-13,1,1,0,3,1,0,Chihuahua
2020-03-14,0,1,0,3,2,0,Chihuahua
2020-03-15,1,0,0,4,2,0,Chihuahua
2020-03-16,2,1,0,6,3,0,Chihuahua
2020-03-17,1,0,0,7,3,0,Chihuahua
2020-03-18,2,1,0,9,4,0,Chihuahua
2020-03-19,1,1,0,10,5,0,Chihuahua
2020-03-20,3,3,0,13,8,0,Chihuahua
2020-03-21,1,1,0,14,9,0,Chihuahua
2020-03-22,1,1,0,15,10,0,Chihuahua
2020-03-23,1,0,0,16,10,0,Chihuahua
2020-03-24,4,1,0,20,11,0,Chihuahua
2020-03-25,4,1,0,24,12,0,Chihuahua
2020-03-26,5,2,0,29,14,0,Chihuahua
2020-03-27,0,2,0,29,16,0,Chihuahua
2020-03-28,5,2,0,34,18,0,Chihuahua
2020-03-29,6,5,0,40,23,0,Chihuahua
2020-03-30,1,3,0,41,26,0,Chihuahua
2020-03-31,10,5,0,51,31,0,Chihuahua
2020-04-01,7,7,0,58,38,0,Chihuahua
2020-04-02,10,6,0,68,44,0,Chihuahua
2020-04-03,13,6,2,81,50,2,Chihuahua
2020-04-04,3,6,1,84,56,3,Chihuahua
2020-04-05,8,11,1,92,67,4,Chihuahua
2020-04-06,7,8,2,99,75,6,Chihuahua
2020-04-07,9,6,5,108,81,11,Chihuahua
2020-04-08,11,10,5,119,91,16,Chihuahua
2020-04-09,8,5,4,127,96,20,Chihuahua
2020-04-10,16,8,1,143,104,21,Chihuahua
2020-04-11,9,9,0,152,113,21,Chihuahua
2020-04-12,8,6,4,160,119,25,Chihuahua
2020-04-13,9,13,3,169,132,28,Chihuahua
2020-04-14,8,10,1,177,142,29,Chihuahua
2020-04-15,23,14,4,200,156,33,Chihuahua
2020-04-16,12,18,2,212,174,35,Chihuahua
2020-04-17,13,13,6,225,187,41,Chihuahua
2020-04-18,15,6,4,240,193,45,Chihuahua
2020-04-19,9,6,2,249,199,47,Chihuahua
2020-04-20,12,20,5,261,219,52,Chihuahua
2020-04-21,6,12,3,267,231,55,Chihuahua
2020-04-22,2,12,1,269,243,56,Chihuahua
2020-04-23,2,15,0,271,258,56,Chihuahua
2020-04-24,0,13,2,271,271,58,Chihuahua
2020-04-25,0,0,0,271,271,58,Chihuahua
2020-04-26,0,0,0,271,271,58,Chihuahua
2020-04-27,0,0,0,271,271,58,Chihuahua
2020-02-14,1,1,0,1,1,0,Ciudad de México
2020-02-15,0,0,0,1,1,0,Ciudad de México
2020-02-16,0,0,0,1,1,0,Ciudad de México
2020-02-17,1,0,0,2,1,0,Ciudad de México
2020-02-18,1,1,0,3,2,0,Ciudad de México
2020-02-19,0,0,0,3,2,0,Ciudad de México
2020-02-20,0,0,0,3,2,0,Ciudad de México
2020-02-21,0,0,0,3,2,0,Ciudad de México
2020-02-22,1,0,0,4,2,0,Ciudad de México
2020-02-23,1,0,0,5,2,0,Ciudad de México
2020-02-24,0,0,0,5,2,0,Ciudad de México
2020-02-25,1,0,0,6,2,0,Ciudad de México
2020-02-26,0,0,0,6,2,0,Ciudad de México
2020-02-27,1,3,0,7,5,0,Ciudad de México
2020-02-28,2,0,0,9,5,0,Ciudad de México
2020-02-29,1,0,0,10,5,0,Ciudad de México
2020-03-01,2,0,0,12,5,0,Ciudad de México
2020-03-02,4,1,0,16,6,0,Ciudad de México
2020-03-03,2,0,0,18,6,0,Ciudad de México
2020-03-04,3,0,0,21,6,0,Ciudad de México
2020-03-05,2,1,0,23,7,0,Ciudad de México
2020-03-06,5,0,0,28,7,0,Ciudad de México
2020-03-07,8,0,0,36,7,0,Ciudad de México
2020-03-08,5,1,0,41,8,0,Ciudad de México
2020-03-09,18,0,0,59,8,0,Ciudad de México
2020-03-10,21,3,0,80,11,0,Ciudad de México
2020-03-11,19,12,0,99,23,0,Ciudad de México
2020-03-12,15,17,0,114,40,0,Ciudad de México
2020-03-13,32,24,0,146,64,0,Ciudad de México
2020-03-14,33,21,0,179,85,0,Ciudad de México
2020-03-15,33,10,0,212,95,0,Ciudad de México
2020-03-16,39,25,0,251,120,0,Ciudad de México
2020-03-17,22,31,0,273,151,0,Ciudad de México
2020-03-18,24,31,0,297,182,0,Ciudad de México
2020-03-19,32,37,0,329,219,0,Ciudad de México
2020-03-20,48,22,0,377,241,0,Ciudad de México
2020-03-21,19,11,0,396,252,0,Ciudad de México
2020-03-22,27,10,0,423,262,0,Ciudad de México
2020-03-23,39,25,1,462,287,1,Ciudad de México
2020-03-24,38,32,0,500,319,1,Ciudad de México
2020-03-25,37,23,1,537,342,2,Ciudad de México
2020-03-26,75,42,3,612,384,5,Ciudad de México
2020-03-27,51,38,3,663,422,8,Ciudad de México
2020-03-28,51,41,1,714,463,9,Ciudad de México
2020-03-29,43,33,2,757,496,11,Ciudad de México
2020-03-30,82,65,4,839,561,15,Ciudad de México
2020-03-31,63,42,6,902,603,21,Ciudad de México
2020-04-01,107,46,5,1009,649,26,Ciudad de México
2020-04-02,93,55,5,1102,704,31,Ciudad de México
2020-04-03,98,73,7,1200,777,38,Ciudad de México
2020-04-04,110,46,4,1310,823,42,Ciudad de México
2020-04-05,104,45,3,1414,868,45,Ciudad de México
2020-04-06,126,100,15,1540,968,60,Ciudad de México
2020-04-07,128,115,9,1668,1083,69,Ciudad de México
2020-04-08,130,117,5,1798,1200,74,Ciudad de México
2020-04-09,151,118,14,1949,1318,88,Ciudad de México
2020-04-10,247,126,19,2196,1444,107,Ciudad de México
2020-04-11,163,92,19,2359,1536,126,Ciudad de México
2020-04-12,158,107,6,2517,1643,132,Ciudad de México
2020-04-13,216,207,11,2733,1850,143,Ciudad de México
2020-04-14,168,206,16,2901,2056,159,Ciudad de México
2020-04-15,221,189,15,3122,2245,174,Ciudad de México
2020-04-16,183,215,15,3305,2460,189,Ciudad de México
2020-04-17,197,260,7,3502,2720,196,Ciudad de México
2020-04-18,204,139,12,3706,2859,208,Ciudad de México
2020-04-19,146,133,12,3852,2992,220,Ciudad de México
2020-04-20,137,302,9,3989,3294,229,Ciudad de México
2020-04-21,63,275,11,4052,3569,240,Ciudad de México
2020-04-22,58,260,9,4110,3829,249,Ciudad de México
2020-04-23,34,169,8,4144,3998,257,Ciudad de México
2020-04-24,5,97,5,4149,4095,262,Ciudad de México
2020-04-25,2,48,4,4151,4143,266,Ciudad de México
2020-04-26,1,7,4,4152,4150,270,Ciudad de México
2020-04-27,0,2,0,4152,4152,270,Ciudad de México
2020-03-06,1,0,0,1,0,0,Durango
2020-03-07,0,0,0,1,0,0,Durango
2020-03-08,0,0,0,1,0,0,Durango
2020-03-09,1,0,0,2,0,0,Durango
2020-03-10,0,0,0,2,0,0,Durango
2020-03-11,1,1,0,3,1,0,Durango
2020-03-12,0,0,0,3,1,0,Durango
2020-03-13,0,1,0,3,2,0,Durango
2020-03-14,0,1,0,3,3,0,Durango
2020-03-15,1,0,0,4,3,0,Durango
2020-03-16,0,0,0,4,3,0,Durango
2020-03-17,0,1,0,4,4,0,Durango
2020-03-18,2,1,1,6,5,1,Durango
2020-03-19,1,0,0,7,5,1,Durango
2020-03-20,0,0,0,7,5,1,Durango
2020-03-21,0,1,0,7,6,1,Durango
2020-03-22,0,0,0,7,6,1,Durango
2020-03-23,2,1,0,9,7,1,Durango
2020-03-24,1,1,1,10,8,2,Durango
2020-03-25,1,1,0,11,9,2,Durango
2020-03-26,0,0,0,11,9,2,Durango
2020-03-27,0,0,0,11,9,2,Durango
2020-03-28,1,0,0,12,9,2,Durango
2020-03-29,1,0,0,13,9,2,Durango
2020-03-30,2,2,0,15,11,2,Durango
2020-03-31,0,2,1,15,13,3,Durango
2020-04-01,0,1,1,15,14,4,Durango
2020-04-02,1,0,0,16,14,4,Durango
2020-04-03,0,0,0,16,14,4,Durango
2020-04-04,0,0,0,16,14,4,Durango
2020-04-05,0,0,0,16,14,4,Durango
2020-04-06,1,1,0,17,15,4,Durango
2020-04-07,0,0,0,17,15,4,Durango
2020-04-08,1,0,0,18,15,4,Durango
2020-04-09,0,1,0,18,16,4,Durango
2020-04-10,4,0,0,22,16,4,Durango
2020-04-11,4,0,0,26,16,4,Durango
2020-04-12,1,0,0,27,16,4,Durango
2020-04-13,3,0,0,30,16,4,Durango
2020-04-14,6,0,0,36,16,4,Durango
2020-04-15,0,2,0,36,18,4,Durango
2020-04-16,1,2,0,37,20,4,Durango
2020-04-17,0,0,0,37,20,4,Durango
2020-04-18,1,2,0,38,22,4,Durango
2020-04-19,1,10,0,39,32,4,Durango
2020-04-20,4,4,0,43,36,4,Durango
2020-04-21,1,3,1,44,39,5,Durango
2020-04-22,1,2,0,45,41,5,Durango
2020-04-23,0,1,0,45,42,5,Durango
2020-04-24,0,1,1,45,43,6,Durango
2020-04-25,0,1,0,45,44,6,Durango
2020-04-26,0,1,0,45,45,6,Durango
2020-04-27,0,0,0,45,45,6,Durango
2020-02-07,1,1,0,1,1,0,Guanajuato
2020-02-08,0,0,0,1,1,0,Guanajuato
2020-02-09,0,0,0,1,1,0,Guanajuato
2020-02-10,0,0,0,1,1,0,Guanajuato
2020-02-11,0,0,0,1,1,0,Guanajuato
2020-02-12,0,0,0,1,1,0,Guanajuato
2020-02-13,0,0,0,1,1,0,Guanajuato
2020-02-14,0,0,0,1,1,0,Guanajuato
2020-02-15,0,0,0,1,1,0,Guanajuato
2020-02-16,0,0,0,1,1,0,Guanajuato
2020-02-17,0,0,0,1,1,0,Guanajuato
2020-02-18,0,0,0,1,1,0,Guanajuato
2020-02-19,0,0,0,1,1,0,Guanajuato
2020-02-20,0,0,0,1,1,0,Guanajuato
2020-02-21,0,0,0,1,1,0,Guanajuato
2020-02-22,0,0,0,1,1,0,Guanajuato
2020-02-23,0,0,0,1,1,0,Guanajuato
2020-02-24,0,0,0,1,1,0,Guanajuato
2020-02-25,0,0,0,1,1,0,Guanajuato
2020-02-26,0,0,0,1,1,0,Guanajuato
2020-02-27,0,0,0,1,1,0,Guanajuato
2020-02-28,0,0,0,1,1,0,Guanajuato
2020-02-29,0,0,0,1,1,0,Guanajuato
2020-03-01,0,0,0,1,1,0,Guanajuato
2020-03-02,0,0,0,1,1,0,Guanajuato
2020-03-03,0,0,0,1,1,0,Guanajuato
2020-03-04,0,0,0,1,1,0,Guanajuato
2020-03-05,0,0,0,1,1,0,Guanajuato
2020-03-06,0,0,0,1,1,0,Guanajuato
2020-03-07,0,0,0,1,1,0,Guanajuato
2020-03-08,0,0,0,1,1,0,Guanajuato
2020-03-09,0,0,0,1,1,0,Guanajuato
2020-03-10,1,0,0,2,1,0,Guanajuato
2020-03-11,0,0,0,2,1,0,Guanajuato
2020-03-12,2,0,0,4,1,0,Guanajuato
2020-03-13,0,1,0,4,2,0,Guanajuato
2020-03-14,3,0,0,7,2,0,Guanajuato
2020-03-15,3,2,0,10,4,0,Guanajuato
2020-03-16,10,2,0,20,6,0,Guanajuato
2020-03-17,4,0,0,24,6,0,Guanajuato
2020-03-18,2,1,0,26,7,0,Guanajuato
2020-03-19,1,1,0,27,8,0,Guanajuato
2020-03-20,7,4,0,34,12,0,Guanajuato
2020-03-21,4,11,0,38,23,0,Guanajuato
2020-03-22,5,1,0,43,24,0,Guanajuato
2020-03-23,2,6,0,45,30,0,Guanajuato
2020-03-24,3,1,0,48,31,0,Guanajuato
2020-03-25,3,4,0,51,35,0,Guanajuato
2020-03-26,5,6,0,56,41,0,Guanajuato
2020-03-27,5,5,0,61,46,0,Guanajuato
2020-03-28,1,4,0,62,50,0,Guanajuato
2020-03-29,0,1,0,62,51,0,Guanajuato
2020-03-30,1,4,0,63,55,0,Guanajuato
2020-03-31,1,2,0,64,57,0,Guanajuato
2020-04-01,7,1,0,71,58,0,Guanajuato
2020-04-02,7,2,0,78,60,0,Guanajuato
2020-04-03,5,4,0,83,64,0,Guanajuato
2020-04-04,3,3,0,86,67,0,Guanajuato
2020-04-05,5,3,2,91,70,2,Guanajuato
2020-04-06,2,7,0,93,77,2,Guanajuato
2020-04-07,1,6,1,94,83,3,Guanajuato
2020-04-08,3,8,0,97,91,3,Guanajuato
2020-04-09,4,2,1,101,93,4,Guanajuato
2020-04-10,5,2,1,106,95,5,Guanajuato
2020-04-11,4,3,0,110,98,5,Guanajuato
2020-04-12,7,1,0,117,99,5,Guanajuato
2020-04-13,10,2,0,127,101,5,Guanajuato
2020-04-14,20,3,2,147,104,7,Guanajuato
2020-04-15,16,13,1,163,117,8,Guanajuato
2020-04-16,13,12,0,176,129,8,Guanajuato
2020-04-17,6,28,3,182,157,11,Guanajuato
2020-04-18,13,10,0,195,167,11,Guanajuato
2020-04-19,6,9,0,201,176,11,Guanajuato
2020-04-20,7,10,0,208,186,11,Guanajuato
2020-04-21,5,8,2,213,194,13,Guanajuato
2020-04-22,2,11,3,215,205,16,Guanajuato
2020-04-23,1,8,3,216,213,19,Guanajuato
2020-04-24,0,3,1,216,216,20,Guanajuato
2020-04-25,0,0,1,216,216,21,Guanajuato
2020-04-26,0,0,0,216,216,21,Guanajuato
2020-04-27,0,0,0,216,216,21,Guanajuato
2020-03-08,1,0,0,1,0,0,Guerrero
2020-03-09,1,0,0,2,0,0,Guerrero
2020-03-10,0,0,0,2,0,0,Guerrero
2020-03-11,0,0,0,2,0,0,Guerrero
2020-03-12,1,0,0,3,0,0,Guerrero
2020-03-13,1,2,0,4,2,0,Guerrero
2020-03-14,0,0,0,4,2,0,Guerrero
2020-03-15,2,0,0,6,2,0,Guerrero
2020-03-16,1,1,0,7,3,0,Guerrero
2020-03-17,2,3,0,9,6,0,Guerrero
2020-03-18,2,1,0,11,7,0,Guerrero
2020-03-19,2,0,0,13,7,0,Guerrero
2020-03-20,3,0,0,16,7,0,Guerrero
2020-03-21,3,1,0,19,8,0,Guerrero
2020-03-22,1,0,0,20,8,0,Guerrero
2020-03-23,3,1,0,23,9,0,Guerrero
2020-03-24,1,0,0,24,9,0,Guerrero
2020-03-25,1,3,0,25,12,0,Guerrero
2020-03-26,3,4,0,28,16,0,Guerrero
2020-03-27,0,3,0,28,19,0,Guerrero
2020-03-28,1,3,1,29,22,1,Guerrero
2020-03-29,2,1,0,31,23,1,Guerrero
2020-03-30,5,2,0,36,25,1,Guerrero
2020-03-31,5,5,0,41,30,1,Guerrero
2020-04-01,4,3,0,45,33,1,Guerrero
2020-04-02,5,1,0,50,34,1,Guerrero
2020-04-03,8,1,0,58,35,1,Guerrero
2020-04-04,10,3,2,68,38,3,Guerrero
2020-04-05,6,3,0,74,41,3,Guerrero
2020-04-06,8,8,2,82,49,5,Guerrero
2020-04-07,5,11,0,87,60,5,Guerrero
2020-04-08,13,6,0,100,66,5,Guerrero
2020-04-09,7,7,1,107,73,6,Guerrero
2020-04-10,12,5,0,119,78,6,Guerrero
2020-04-11,7,5,0,126,83,6,Guerrero
2020-04-12,5,11,1,131,94,7,Guerrero
2020-04-13,14,16,1,145,110,8,Guerrero
2020-04-14,2,6,1,147,116,9,Guerrero
2020-04-15,11,6,3,158,122,12,Guerrero
2020-04-16,4,10,0,162,132,12,Guerrero
2020-04-17,5,9,1,167,141,13,Guerrero
2020-04-18,7,8,3,174,149,16,Guerrero
2020-04-19,12,6,4,186,155,20,Guerrero
2020-04-20,10,15,1,196,170,21,Guerrero
2020-04-21,13,6,6,209,176,27,Guerrero
2020-04-22,2,8,3,211,184,30,Guerrero
2020-04-23,3,13,1,214,197,31,Guerrero
2020-04-24,1,13,0,215,210,31,Guerrero
2020-04-25,0,4,1,215,214,32,Guerrero
2020-04-26,0,1,0,215,215,32,Guerrero
2020-04-27,0,0,0,215,215,32,Guerrero
2020-02-22,1,0,0,1,0,0,Hidalgo
2020-02-23,0,0,0,1,0,0,Hidalgo
2020-02-24,0,0,0,1,0,0,Hidalgo
2020-02-25,0,0,0,1,0,0,Hidalgo
2020-02-26,0,0,0,1,0,0,Hidalgo
2020-02-27,0,1,0,1,1,0,Hidalgo
2020-02-28,0,0,0,1,1,0,Hidalgo
2020-02-29,0,0,0,1,1,0,Hidalgo
2020-03-01,0,0,0,1,1,0,Hidalgo
2020-03-02,0,0,0,1,1,0,Hidalgo
2020-03-03,0,0,0,1,1,0,Hidalgo
2020-03-04,0,0,0,1,1,0,Hidalgo
2020-03-05,0,0,0,1,1,0,Hidalgo
2020-03-06,0,0,0,1,1,0,Hidalgo
2020-03-07,1,0,0,2,1,0,Hidalgo
2020-03-08,1,0,0,3,1,0,Hidalgo
2020-03-09,0,0,0,3,1,0,Hidalgo
2020-03-10,0,0,0,3,1,0,Hidalgo
2020-03-11,0,0,0,3,1,0,Hidalgo
2020-03-12,1,0,0,4,1,0,Hidalgo
2020-03-13,3,0,0,7,1,0,Hidalgo
2020-03-14,1,0,0,8,1,0,Hidalgo
2020-03-15,0,1,0,8,2,0,Hidalgo
2020-03-16,1,0,0,9,2,0,Hidalgo
2020-03-17,0,2,0,9,4,0,Hidalgo
2020-03-18,2,0,0,11,4,0,Hidalgo
2020-03-19,2,0,0,13,4,0,Hidalgo
2020-03-20,3,3,0,16,7,0,Hidalgo
2020-03-21,1,3,0,17,10,0,Hidalgo
2020-03-22,0,0,0,17,10,0,Hidalgo
2020-03-23,5,1,0,22,11,0,Hidalgo
2020-03-24,3,1,0,25,12,0,Hidalgo
2020-03-25,2,4,0,27,16,0,Hidalgo
2020-03-26,3,4,0,30,20,0,Hidalgo
2020-03-27,4,5,1,34,25,1,Hidalgo
2020-03-28,2,0,1,36,25,2,Hidalgo
2020-03-29,5,2,0,41,27,2,Hidalgo
2020-03-30,7,7,1,48,34,3,Hidalgo
2020-03-31,4,7,0,52,41,3,Hidalgo
2020-04-01,0,4,1,52,45,4,Hidalgo
2020-04-02,0,1,0,52,46,4,Hidalgo
2020-04-03,4,2,1,56,48,5,Hidalgo
2020-04-04,1,2,0,57,50,5,Hidalgo
2020-04-05,4,1,0,61,51,5,Hidalgo
2020-04-06,8,3,0,69,54,5,Hidalgo
2020-04-07,1,3,0,70,57,5,Hidalgo
2020-04-08,3,1,2,73,58,7,Hidalgo
2020-04-09,4,0,0,77,58,7,Hidalgo
2020-04-10,7,7,0,84,65,7,Hidalgo
2020-04-11,8,3,0,92,68,7,Hidalgo
2020-04-12,5,5,0,97,73,7,Hidalgo
2020-04-13,11,7,0,108,80,7,Hidalgo
2020-04-14,5,6,2,113,86,9,Hidalgo
2020-04-15,5,4,2,118,90,11,Hidalgo
2020-04-16,13,4,0,131,94,11,Hidalgo
2020-04-17,8,7,0,139,101,11,Hidalgo
2020-04-18,15,4,2,154,105,13,Hidalgo
2020-04-19,6,12,1,160,117,14,Hidalgo
2020-04-20,16,9,0,176,126,14,Hidalgo
2020-04-21,7,9,0,183,135,14,Hidalgo
2020-04-22,5,12,1,188,147,15,Hidalgo
2020-04-23,1,19,1,189,166,16,Hidalgo
2020-04-24,1,11,0,190,177,16,Hidalgo
2020-04-25,0,13,3,190,190,19,Hidalgo
2020-04-26,0,0,0,190,190,19,Hidalgo
2020-04-27,0,0,0,190,190,19,Hidalgo
2020-03-01,2,0,0,2,0,0,Jalisco
2020-03-02,0,0,0,2,0,0,Jalisco
2020-03-03,0,0,0,2,0,0,Jalisco
2020-03-04,1,0,0,3,0,0,Jalisco
2020-03-05,0,0,0,3,0,0,Jalisco
2020-03-06,2,0,0,5,0,0,Jalisco
2020-03-07,1,0,0,6,0,0,Jalisco
2020-03-08,3,0,0,9,0,0,Jalisco
2020-03-09,3,0,0,12,0,0,Jalisco
2020-03-10,4,0,0,16,0,0,Jalisco
2020-03-11,6,1,0,22,1,0,Jalisco
2020-03-12,8,3,0,30,4,0,Jalisco
2020-03-13,8,3,0,38,7,0,Jalisco
2020-03-14,8,5,0,46,12,0,Jalisco
2020-03-15,2,2,0,48,14,0,Jalisco
2020-03-16,6,12,0,54,26,0,Jalisco
2020-03-17,12,6,0,66,32,0,Jalisco
2020-03-18,8,17,0,74,49,0,Jalisco
2020-03-19,0,10,0,74,59,0,Jalisco
2020-03-20,8,5,1,82,64,1,Jalisco
2020-03-21,10,1,0,92,65,1,Jalisco
2020-03-22,6,3,0,98,68,1,Jalisco
2020-03-23,5,7,0,103,75,1,Jalisco
2020-03-24,4,7,0,107,82,1,Jalisco
2020-03-25,4,7,0,111,89,1,Jalisco
2020-03-26,1,6,2,112,95,3,Jalisco
2020-03-27,8,7,0,120,102,3,Jalisco
2020-03-28,2,2,0,122,104,3,Jalisco
2020-03-29,4,2,0,126,106,3,Jalisco
2020-03-30,8,7,0,134,113,3,Jalisco
2020-03-31,5,7,1,139,120,4,Jalisco
2020-04-01,3,2,0,142,122,4,Jalisco
2020-04-02,8,8,2,150,130,6,Jalisco
2020-04-03,8,11,0,158,141,6,Jalisco
2020-04-04,3,1,0,161,142,6,Jalisco
2020-04-05,3,2,1,164,144,7,Jalisco
2020-04-06,6,3,0,170,147,7,Jalisco
2020-04-07,10,5,1,180,152,8,Jalisco
2020-04-08,8,9,1,188,161,9,Jalisco
2020-04-09,6,5,0,194,166,9,Jalisco
2020-04-10,6,8,1,200,174,10,Jalisco
2020-04-11,4,5,1,204,179,11,Jalisco
2020-04-12,7,5,0,211,184,11,Jalisco
2020-04-13,9,10,0,220,194,11,Jalisco
2020-04-14,13,4,0,233,198,11,Jalisco
2020-04-15,6,11,0,239,209,11,Jalisco
2020-04-16,13,8,1,252,217,12,Jalisco
2020-04-17,11,12,1,263,229,13,Jalisco
2020-04-18,6,6,0,269,235,13,Jalisco
2020-04-19,5,4,2,274,239,15,Jalisco
2020-04-20,13,9,1,287,248,16,Jalisco
2020-04-21,7,14,1,294,262,17,Jalisco
2020-04-22,8,15,3,302,277,20,Jalisco
2020-04-23,0,13,0,302,290,20,Jalisco
2020-04-24,1,11,3,303,301,23,Jalisco
2020-04-25,0,2,2,303,303,25,Jalisco
2020-04-26,0,0,0,303,303,25,Jalisco
2020-04-27,0,0,0,303,303,25,Jalisco
2020-02-17,1,0,0,1,0,0,México
2020-02-18,0,0,0,1,0,0,México
2020-02-19,1,0,0,2,0,0,México
2020-02-20,0,0,0,2,0,0,México
2020-02-21,1,0,0,3,0,0,México
2020-02-22,0,0,0,3,0,0,México
2020-02-23,0,0,0,3,0,0,México
2020-02-24,0,0,0,3,0,0,México
2020-02-25,0,0,0,3,0,0,México
2020-02-26,1,0,0,4,0,0,México
2020-02-27,0,0,0,4,0,0,México
2020-02-28,0,1,0,4,1,0,México
2020-02-29,1,0,0,5,1,0,México
2020-03-01,0,0,0,5,1,0,México
2020-03-02,2,1,0,7,2,0,México
2020-03-03,3,0,0,10,2,0,México
2020-03-04,1,2,0,11,4,0,México
2020-03-05,1,0,0,12,4,0,México
2020-03-06,0,0,0,12,4,0,México
2020-03-07,5,0,0,17,4,0,México
2020-03-08,3,2,0,20,6,0,México
2020-03-09,11,1,0,31,7,0,México
2020-03-10,2,2,0,33,9,0,México
2020-03-11,5,2,0,38,11,0,México
2020-03-12,7,2,0,45,13,0,México
2020-03-13,10,12,0,55,25,0,México
2020-03-14,10,4,0,65,29,0,México
2020-03-15,13,10,0,78,39,0,México
2020-03-16,19,6,0,97,45,0,México
2020-03-17,11,7,0,108,52,0,México
2020-03-18,11,6,1,119,58,1,México
2020-03-19,9,12,0,128,70,1,México
2020-03-20,18,10,0,146,80,1,México
2020-03-21,17,6,0,163,86,1,México
2020-03-22,19,5,1,182,91,2,México
2020-03-23,27,14,0,209,105,2,México
2020-03-24,25,22,0,234,127,2,México
2020-03-25,32,21,0,266,148,2,México
2020-03-26,40,25,0,306,173,2,México
2020-03-27,46,40,0,352,213,2,México
2020-03-28,30,24,3,382,237,5,México
2020-03-29,32,17,1,414,254,6,México
2020-03-30,58,50,0,472,304,6,México
2020-03-31,45,31,2,517,335,8,México
2020-04-01,65,47,0,582,382,8,México
2020-04-02,46,42,4,628,424,12,México
2020-04-03,56,45,3,684,469,15,México
2020-04-04,63,30,4,747,499,19,México
2020-04-05,53,38,3,800,537,22,México
2020-04-06,94,67,4,894,604,26,México
2020-04-07,60,65,9,954,669,35,México
2020-04-08,94,79,5,1048,748,40,México
2020-04-09,77,42,1,1125,790,41,México
2020-04-10,130,69,4,1255,859,45,México
2020-04-11,97,64,9,1352,923,54,México
2020-04-12,104,61,9,1456,984,63,México
2020-04-13,139,131,9,1595,1115,72,México
2020-04-14,116,118,8,1711,1233,80,México
2020-04-15,150,146,15,1861,1379,95,México
2020-04-16,124,137,7,1985,1516,102,México
2020-04-17,125,109,6,2110,1625,108,México
2020-04-18,111,109,14,2221,1734,122,México
2020-04-19,84,111,8,2305,1845,130,México
2020-04-20,62,179,7,2367,2024,137,México
2020-04-21,40,185,11,2407,2209,148,México
2020-04-22,22,106,6,2429,2315,154,México
2020-04-23,18,74,8,2447,2389,162,México
2020-04-24,6,47,7,2453,2436,169,México
2020-04-25,2,18,5,2455,2454,174,México
2020-04-26,0,1,3,2455,2455,177,México
2020-04-27,0,0,0,2455,2455,177,México
2020-03-09,1,0,0,1,0,0,Michoacán
2020-03-10,0,0,0,1,0,0,Michoacán
2020-03-11,0,0,0,1,0,0,Michoacán
2020-03-12,0,0,0,1,0,0,Michoacán
2020-03-13,0,0,0,1,0,0,Michoacán
2020-03-14,0,0,0,1,0,0,Michoacán
2020-03-15,8,0,0,9,0,0,Michoacán
2020-03-16,1,0,0,10,0,0,Michoacán
2020-03-17,2,0,0,12,0,0,Michoacán
2020-03-18,4,1,0,16,1,0,Michoacán
2020-03-19,0,1,0,16,2,0,Michoacán
2020-03-20,1,2,0,17,4,0,Michoacán
2020-03-21,0,5,0,17,9,0,Michoacán
2020-03-22,4,0,0,21,9,0,Michoacán
2020-03-23,4,3,0,25,12,0,Michoacán
2020-03-24,2,3,0,27,15,0,Michoacán
2020-03-25,4,2,0,31,17,0,Michoacán
2020-03-26,2,3,1,33,20,1,Michoacán
2020-03-27,3,1,0,36,21,1,Michoacán
2020-03-28,1,1,0,37,22,1,Michoacán
2020-03-29,1,3,0,38,25,1,Michoacán
2020-03-30,2,0,0,40,25,1,Michoacán
2020-03-31,1,4,0,41,29,1,Michoacán
2020-04-01,10,4,0,51,33,1,Michoacán
2020-04-02,3,0,0,54,33,1,Michoacán
2020-04-03,3,6,2,57,39,3,Michoacán
2020-04-04,3,2,1,60,41,4,Michoacán
2020-04-05,6,2,0,66,43,4,Michoacán
2020-04-06,5,6,1,71,49,5,Michoacán
2020-04-07,15,6,0,86,55,5,Michoacán
2020-04-08,8,4,1,94,59,6,Michoacán
2020-04-09,7,9,1,101,68,7,Michoacán
2020-04-10,10,3,1,111,71,8,Michoacán
2020-04-11,8,2,1,119,73,9,Michoacán
2020-04-12,10,4,0,129,77,9,Michoacán
2020-04-13,17,13,4,146,90,13,Michoacán
2020-04-14,8,15,1,154,105,14,Michoacán
2020-04-15,5,9,0,159,114,14,Michoacán
2020-04-16,11,8,2,170,122,16,Michoacán
2020-04-17,15,13,0,185,135,16,Michoacán
2020-04-18,10,7,1,195,142,17,Michoacán
2020-04-19,4,9,2,199,151,19,Michoacán
2020-04-20,9,25,4,208,176,23,Michoacán
2020-04-21,3,12,0,211,188,23,Michoacán
2020-04-22,2,9,1,213,197,24,Michoacán
2020-04-23,0,11,3,213,208,27,Michoacán
2020-04-24,0,4,2,213,212,29,Michoacán
2020-04-25,0,1,4,213,213,33,Michoacán
2020-04-26,0,0,0,213,213,33,Michoacán
2020-04-27,0,0,0,213,213,33,Michoacán
2020-03-02,1,0,0,1,0,0,Morelos
2020-03-03,0,0,0,1,0,0,Morelos
2020-03-04,0,0,0,1,0,0,Morelos
2020-03-05,0,0,0,1,0,0,Morelos
2020-03-06,0,0,0,1,0,0,Morelos
2020-03-07,0,0,0,1,0,0,Morelos
2020-03-08,0,0,0,1,0,0,Morelos
2020-03-09,0,0,0,1,0,0,Morelos
2020-03-10,1,0,0,2,0,0,Morelos
2020-03-11,0,0,0,2,0,0,Morelos
2020-03-12,0,0,0,2,0,0,Morelos
2020-03-13,0,0,0,2,0,0,Morelos
2020-03-14,1,1,0,3,1,0,Morelos
2020-03-15,0,0,0,3,1,0,Morelos
2020-03-16,1,0,0,4,1,0,Morelos
2020-03-17,1,1,0,5,2,0,Morelos
2020-03-18,1,1,0,6,3,0,Morelos
2020-03-19,1,0,0,7,3,0,Morelos
2020-03-20,1,1,0,8,4,0,Morelos
2020-03-21,2,1,0,10,5,0,Morelos
2020-03-22,2,0,0,12,5,0,Morelos
2020-03-23,3,2,0,15,7,0,Morelos
2020-03-24,0,3,0,15,10,0,Morelos
2020-03-25,1,0,0,16,10,0,Morelos
2020-03-26,2,0,0,18,10,0,Morelos
2020-03-27,2,0,0,20,10,0,Morelos
2020-03-28,3,2,1,23,12,1,Morelos
2020-03-29,1,1,1,24,13,2,Morelos
2020-03-30,4,2,0,28,15,2,Morelos
2020-03-31,3,1,1,31,16,3,Morelos
2020-04-01,9,3,1,40,19,4,Morelos
2020-04-02,4,8,0,44,27,4,Morelos
2020-04-03,3,1,0,47,28,4,Morelos
2020-04-04,6,2,0,53,30,4,Morelos
2020-04-05,6,3,0,59,33,4,Morelos
2020-04-06,2,8,1,61,41,5,Morelos
2020-04-07,3,7,1,64,48,6,Morelos
2020-04-08,6,6,1,70,54,7,Morelos
2020-04-09,1,6,0,71,60,7,Morelos
2020-04-10,10,1,0,81,61,7,Morelos
2020-04-11,4,1,0,85,62,7,Morelos
2020-04-12,5,3,0,90,65,7,Morelos
2020-04-13,13,7,3,103,72,10,Morelos
2020-04-14,6,10,0,109,82,10,Morelos
2020-04-15,10,7,1,119,89,11,Morelos
2020-04-16,10,8,1,129,97,12,Morelos
2020-04-17,11,5,2,140,102,14,Morelos
2020-04-18,24,3,0,164,105,14,Morelos
2020-04-19,11,10,3,175,115,17,Morelos
2020-04-20,12,19,2,187,134,19,Morelos
2020-04-21,3,13,0,190,147,19,Morelos
2020-04-22,3,19,5,193,166,24,Morelos
2020-04-23,1,17,3,194,183,27,Morelos
2020-04-24,0,11,1,194,194,28,Morelos
2020-04-25,0,0,0,194,194,28,Morelos
2020-04-26,0,0,0,194,194,28,Morelos
2020-04-27,0,0,0,194,194,28,Morelos
2020-01-06,1,1,0,1,1,0,Nayarit
2020-01-07,0,0,0,1,1,0,Nayarit
2020-01-08,0,0,0,1,1,0,Nayarit
2020-01-09,0,0,0,1,1,0,Nayarit
2020-01-10,0,0,0,1,1,0,Nayarit
2020-01-11,0,0,0,1,1,0,Nayarit
2020-01-12,0,0,0,1,1,0,Nayarit
2020-01-13,0,0,0,1,1,0,Nayarit
2020-01-14,0,0,0,1,1,0,Nayarit
2020-01-15,0,0,0,1,1,0,Nayarit
2020-01-16,0,0,0,1,1,0,Nayarit
2020-01-17,0,0,0,1,1,0,Nayarit
2020-01-18,0,0,0,1,1,0,Nayarit
2020-01-19,0,0,0,1,1,0,Nayarit
2020-01-20,0,0,0,1,1,0,Nayarit
2020-01-21,0,0,0,1,1,0,Nayarit
2020-01-22,0,0,0,1,1,0,Nayarit
2020-01-23,0,0,0,1,1,0,Nayarit
2020-01-24,0,0,0,1,1,0,Nayarit
2020-01-25,0,0,0,1,1,0,Nayarit
2020-01-26,0,0,0,1,1,0,Nayarit
2020-01-27,0,0,0,1,1,0,Nayarit
2020-01-28,0,0,0,1,1,0,Nayarit
2020-01-29,0,0,0,1,1,0,Nayarit
2020-01-30,0,0,0,1,1,0,Nayarit
2020-01-31,0,0,0,1,1,0,Nayarit
2020-02-01,0,0,0,1,1,0,Nayarit
2020-02-02,0,0,0,1,1,0,Nayarit
2020-02-03,0,0,0,1,1,0,Nayarit
2020-02-04,0,0,0,1,1,0,Nayarit
2020-02-05,0,0,0,1,1,0,Nayarit
2020-02-06,0,0,0,1,1,0,Nayarit
2020-02-07,0,0,0,1,1,0,Nayarit
2020-02-08,0,0,0,1,1,0,Nayarit
2020-02-09,0,0,0,1,1,0,Nayarit
2020-02-10,0,0,0,1,1,0,Nayarit
2020-02-11,0,0,0,1,1,0,Nayarit
2020-02-12,0,0,0,1,1,0,Nayarit
2020-02-13,0,0,0,1,1,0,Nayarit
2020-02-14,0,0,0,1,1,0,Nayarit
2020-02-15,0,0,0,1,1,0,Nayarit
2020-02-16,0,0,0,1,1,0,Nayarit
2020-02-17,0,0,0,1,1,0,Nayarit
2020-02-18,0,0,0,1,1,0,Nayarit
2020-02-19,0,0,0,1,1,0,Nayarit
2020-02-20,0,0,0,1,1,0,Nayarit
2020-02-21,0,0,0,1,1,0,Nayarit
2020-02-22,0,0,0,1,1,0,Nayarit
2020-02-23,0,0,0,1,1,0,Nayarit
2020-02-24,0,0,0,1,1,0,Nayarit
2020-02-25,0,0,0,1,1,0,Nayarit
2020-02-26,0,0,0,1,1,0,Nayarit
2020-02-27,0,0,0,1,1,0,Nayarit
2020-02-28,0,0,0,1,1,0,Nayarit
2020-02-29,0,0,0,1,1,0,Nayarit
2020-03-01,0,0,0,1,1,0,Nayarit
2020-03-02,0,0,0,1,1,0,Nayarit
2020-03-03,0,0,0,1,1,0,Nayarit
2020-03-04,0,0,0,1,1,0,Nayarit
2020-03-05,0,0,0,1,1,0,Nayarit
2020-03-06,0,0,0,1,1,0,Nayarit
2020-03-07,0,0,0,1,1,0,Nayarit
2020-03-08,0,0,0,1,1,0,Nayarit
2020-03-09,0,0,0,1,1,0,Nayarit
2020-03-10,1,0,0,2,1,0,Nayarit
2020-03-11,0,0,0,2,1,0,Nayarit
2020-03-12,0,0,0,2,1,0,Nayarit
2020-03-13,0,0,0,2,1,0,Nayarit
2020-03-14,0,0,0,2,1,0,Nayarit
2020-03-15,1,0,0,3,1,0,Nayarit
2020-03-16,0,0,0,3,1,0,Nayarit
2020-03-17,1,0,0,4,1,0,Nayarit
2020-03-18,0,1,0,4,2,0,Nayarit
2020-03-19,1,1,0,5,3,0,Nayarit
2020-03-20,0,0,0,5,3,0,Nayarit
2020-03-21,1,0,0,6,3,0,Nayarit
2020-03-22,0,0,0,6,3,0,Nayarit
2020-03-23,0,2,0,6,5,0,Nayarit
2020-03-24,2,3,0,8,8,0,Nayarit
2020-03-25,0,0,0,8,8,0,Nayarit
2020-03-26,0,0,0,8,8,0,Nayarit
2020-03-27,2,0,0,10,8,0,Nayarit
2020-03-28,0,0,0,10,8,0,Nayarit
2020-03-29,0,0,0,10,8,0,Nayarit
2020-03-30,0,0,1,10,8,1,Nayarit
2020-03-31,3,2,0,13,10,1,Nayarit
2020-04-01,2,0,0,15,10,1,Nayarit
2020-04-02,3,0,0,18,10,1,Nayarit
2020-04-03,1,1,0,19,11,1,Nayarit
2020-04-04,3,4,0,22,15,1,Nayarit
2020-04-05,4,2,0,26,17,1,Nayarit
2020-04-06,1,2,0,27,19,1,Nayarit
2020-04-07,1,2,0,28,21,1,Nayarit
2020-04-08,3,2,2,31,23,3,Nayarit
2020-04-09,2,2,1,33,25,4,Nayarit
2020-04-10,4,0,0,37,25,4,Nayarit
2020-04-11,1,2,0,38,27,4,Nayarit
2020-04-12,1,3,1,39,30,5,Nayarit
2020-04-13,3,4,0,42,34,5,Nayarit
2020-04-14,3,2,0,45,36,5,Nayarit
2020-04-15,1,2,0,46,38,5,Nayarit
2020-04-16,2,3,0,48,41,5,Nayarit
2020-04-17,8,4,1,56,45,6,Nayarit
2020-04-18,3,2,0,59,47,6,Nayarit
2020-04-19,2,2,0,61,49,6,Nayarit
2020-04-20,1,1,1,62,50,7,Nayarit
2020-04-21,1,3,0,63,53,7,Nayarit
2020-04-22,0,4,0,63,57,7,Nayarit
2020-04-23,1,4,0,64,61,7,Nayarit
2020-04-24,0,3,0,64,64,7,Nayarit
2020-04-25,0,0,0,64,64,7,Nayarit
2020-04-26,0,0,0,64,64,7,Nayarit
2020-04-27,0,0,0,64,64,7,Nayarit
2020-03-02,1,0,0,1,0,0,Nuevo León
2020-03-03,0,0,0,1,0,0,Nuevo León
2020-03-04,1,0,0,2,0,0,Nuevo León
2020-03-05,1,0,0,3,0,0,Nuevo León
2020-03-06,1,0,0,4,0,0,Nuevo León
2020-03-07,2,0,0,6,0,0,Nuevo León
2020-03-08,0,0,0,6,0,0,Nuevo León
2020-03-09,9,0,0,15,0,0,Nuevo León
2020-03-10,2,2,0,17,2,0,Nuevo León
2020-03-11,5,4,0,22,6,0,Nuevo León
2020-03-12,2,0,0,24,6,0,Nuevo León
2020-03-13,6,5,0,30,11,0,Nuevo León
2020-03-14,8,6,0,38,17,0,Nuevo León
2020-03-15,7,0,0,45,17,0,Nuevo León
2020-03-16,3,6,0,48,23,0,Nuevo León
2020-03-17,8,6,0,56,29,0,Nuevo León
2020-03-18,6,9,0,62,38,0,Nuevo León
2020-03-19,5,4,0,67,42,0,Nuevo León
2020-03-20,5,12,0,72,54,0,Nuevo León
2020-03-21,3,4,0,75,58,0,Nuevo León
2020-03-22,4,4,0,79,62,0,Nuevo León
2020-03-23,3,5,0,82,67,0,Nuevo León
2020-03-24,1,5,0,83,72,0,Nuevo León
2020-03-25,2,0,0,85,72,0,Nuevo León
2020-03-26,3,2,0,88,74,0,Nuevo León
2020-03-27,2,8,0,90,82,0,Nuevo León
2020-03-28,1,2,0,91,84,0,Nuevo León
2020-03-29,2,3,0,93,87,0,Nuevo León
2020-03-30,4,4,0,97,91,0,Nuevo León
2020-03-31,7,0,0,104,91,0,Nuevo León
2020-04-01,5,0,0,109,91,0,Nuevo León
2020-04-02,10,5,0,119,96,0,Nuevo León
2020-04-03,7,2,2,126,98,2,Nuevo León
2020-04-04,2,3,0,128,101,2,Nuevo León
2020-04-05,7,2,1,135,103,3,Nuevo León
2020-04-06,10,10,0,145,113,3,Nuevo León
2020-04-07,13,6,2,158,119,5,Nuevo León
2020-04-08,10,8,0,168,127,5,Nuevo León
2020-04-09,11,1,0,179,128,5,Nuevo León
2020-04-10,22,22,0,201,150,5,Nuevo León
2020-04-11,14,8,0,215,158,5,Nuevo León
2020-04-12,6,15,0,221,173,5,Nuevo León
2020-04-13,10,18,0,231,191,5,Nuevo León
2020-04-14,8,16,0,239,207,5,Nuevo León
2020-04-15,5,3,0,244,210,5,Nuevo León
2020-04-16,8,11,0,252,221,5,Nuevo León
2020-04-17,7,8,0,259,229,5,Nuevo León
2020-04-18,6,7,0,265,236,5,Nuevo León
2020-04-19,4,1,1,269,237,6,Nuevo León
2020-04-20,4,12,1,273,249,7,Nuevo León
2020-04-21,5,15,0,278,264,7,Nuevo León
2020-04-22,5,10,1,283,274,8,Nuevo León
2020-04-23,1,4,1,284,278,9,Nuevo León
2020-04-24,0,4,0,284,282,9,Nuevo León
2020-04-25,0,2,0,284,284,9,Nuevo León
2020-04-26,0,0,0,284,284,9,Nuevo León
2020-04-27,0,0,0,284,284,9,Nuevo León
2020-03-09,1,0,0,1,0,0,Oaxaca
2020-03-10,1,0,0,2,0,0,Oaxaca
2020-03-11,0,0,0,2,0,0,Oaxaca
2020-03-12,2,0,0,4,0,0,Oaxaca
2020-03-13,0,2,0,4,2,0,Oaxaca
2020-03-14,0,0,0,4,2,0,Oaxaca
2020-03-15,0,0,0,4,2,0,Oaxaca
2020-03-16,1,0,0,5,2,0,Oaxaca
2020-03-17,0,0,0,5,2,0,Oaxaca
2020-03-18,0,0,0,5,2,0,Oaxaca
2020-03-19,2,1,0,7,3,0,Oaxaca
2020-03-20,3,1,0,10,4,0,Oaxaca
2020-03-21,1,1,0,11,5,0,Oaxaca
2020-03-22,1,1,0,12,6,0,Oaxaca
2020-03-23,4,2,0,16,8,0,Oaxaca
2020-03-24,1,1,0,17,9,0,Oaxaca
2020-03-25,1,3,0,18,12,0,Oaxaca
2020-03-26,3,3,0,21,15,0,Oaxaca
2020-03-27,3,1,0,24,16,0,Oaxaca
2020-03-28,4,1,0,28,17,0,Oaxaca
2020-03-29,3,2,1,31,19,1,Oaxaca
2020-03-30,3,2,0,34,21,1,Oaxaca
2020-03-31,1,5,0,35,26,1,Oaxaca
2020-04-01,0,1,0,35,27,1,Oaxaca
2020-04-02,0,0,0,35,27,1,Oaxaca
2020-04-03,5,3,0,40,30,1,Oaxaca
2020-04-04,2,2,0,42,32,1,Oaxaca
2020-04-05,3,2,0,45,34,1,Oaxaca
2020-04-06,5,6,0,50,40,1,Oaxaca
2020-04-07,0,0,0,50,40,1,Oaxaca
2020-04-08,2,4,0,52,44,1,Oaxaca
2020-04-09,6,0,1,58,44,2,Oaxaca
2020-04-10,7,2,0,65,46,2,Oaxaca
2020-04-11,0,1,1,65,47,3,Oaxaca
2020-04-12,4,2,0,69,49,3,Oaxaca
2020-04-13,1,5,0,70,54,3,Oaxaca
2020-04-14,10,4,1,80,58,4,Oaxaca
2020-04-15,8,7,0,88,65,4,Oaxaca
2020-04-16,4,4,1,92,69,5,Oaxaca
2020-04-17,2,8,1,94,77,6,Oaxaca
2020-04-18,6,3,0,100,80,6,Oaxaca
2020-04-19,6,3,0,106,83,6,Oaxaca
2020-04-20,4,5,1,110,88,7,Oaxaca
2020-04-21,1,2,1,111,90,8,Oaxaca
2020-04-22,1,8,1,112,98,9,Oaxaca
2020-04-23,1,7,4,113,105,13,Oaxaca
2020-04-24,4,5,1,117,110,14,Oaxaca
2020-04-25,0,4,0,117,114,14,Oaxaca
2020-04-26,0,3,1,117,117,15,Oaxaca
2020-04-27,0,0,0,117,117,15,Oaxaca
2020-03-05,2,0,0,2,0,0,Puebla
2020-03-06,0,0,0,2,0,0,Puebla
2020-03-07,0,0,0,2,0,0,Puebla
2020-03-08,2,0,0,4,0,0,Puebla
2020-03-09,4,0,0,8,0,0,Puebla
2020-03-10,3,0,0,11,0,0,Puebla
2020-03-11,2,1,0,13,1,0,Puebla
2020-03-12,1,1,0,14,2,0,Puebla
2020-03-13,4,4,0,18,6,0,Puebla
2020-03-14,4,2,0,22,8,0,Puebla
2020-03-15,3,3,0,25,11,0,Puebla
2020-03-16,11,2,0,36,13,0,Puebla
2020-03-17,4,3,0,40,16,0,Puebla
2020-03-18,6,3,0,46,19,0,Puebla
2020-03-19,1,5,0,47,24,0,Puebla
2020-03-20,10,5,0,57,29,0,Puebla
2020-03-21,9,4,0,66,33,0,Puebla
2020-03-22,9,1,0,75,34,0,Puebla
2020-03-23,15,8,0,90,42,0,Puebla
2020-03-24,7,15,0,97,57,0,Puebla
2020-03-25,4,6,0,101,63,0,Puebla
2020-03-26,6,14,0,107,77,0,Puebla
2020-03-27,13,8,1,120,85,1,Puebla
2020-03-28,24,12,1,144,97,2,Puebla
2020-03-29,25,4,0,169,101,2,Puebla
2020-03-30,19,14,0,188,115,2,Puebla
2020-03-31,9,21,1,197,136,3,Puebla
2020-04-01,16,13,1,213,149,4,Puebla
2020-04-02,23,18,1,236,167,5,Puebla
2020-04-03,17,14,1,253,181,6,Puebla
2020-04-04,12,10,3,265,191,9,Puebla
2020-04-05,12,6,3,277,197,12,Puebla
2020-04-06,18,22,4,295,219,16,Puebla
2020-04-07,6,12,7,301,231,23,Puebla
2020-04-08,6,20,1,307,251,24,Puebla
2020-04-09,10,11,1,317,262,25,Puebla
2020-04-10,16,8,4,333,270,29,Puebla
2020-04-11,19,14,5,352,284,34,Puebla
2020-04-12,17,4,2,369,288,36,Puebla
2020-04-13,25,21,2,394,309,38,Puebla
2020-04-14,16,10,4,410,319,42,Puebla
2020-04-15,14,23,1,424,342,43,Puebla
2020-04-16,21,17,4,445,359,47,Puebla
2020-04-17,24,28,2,469,387,49,Puebla
2020-04-18,22,23,5,491,410,54,Puebla
2020-04-19,18,14,4,509,424,58,Puebla
2020-04-20,13,24,3,522,448,61,Puebla
2020-04-21,14,16,2,536,464,63,Puebla
2020-04-22,5,25,3,541,489,66,Puebla
2020-04-23,8,27,3,549,516,69,Puebla
2020-04-24,2,21,0,551,537,69,Puebla
2020-04-25,1,13,0,552,550,69,Puebla
2020-04-26,0,2,0,552,552,69,Puebla
2020-04-27,0,0,0,552,552,69,Puebla
2020-03-05,1,0,0,1,0,0,Querétaro
2020-03-06,0,0,0,1,0,0,Querétaro
2020-03-07,0,0,0,1,0,0,Querétaro
2020-03-08,1,0,0,2,0,0,Querétaro
2020-03-09,1,0,0,3,0,0,Querétaro
2020-03-10,4,2,0,7,2,0,Querétaro
2020-03-11,1,1,0,8,3,0,Querétaro
2020-03-12,0,1,0,8,4,0,Querétaro
2020-03-13,1,2,0,9,6,0,Querétaro
2020-03-14,1,1,0,10,7,0,Querétaro
2020-03-15,1,0,0,11,7,0,Querétaro
2020-03-16,3,0,0,14,7,0,Querétaro
2020-03-17,3,2,0,17,9,0,Querétaro
2020-03-18,2,2,0,19,11,0,Querétaro
2020-03-19,0,3,0,19,14,0,Querétaro
2020-03-20,3,0,0,22,14,0,Querétaro
2020-03-21,2,1,0,24,15,0,Querétaro
2020-03-22,2,0,0,26,15,0,Querétaro
2020-03-23,3,3,0,29,18,0,Querétaro
2020-03-24,0,4,0,29,22,0,Querétaro
2020-03-25,3,2,0,32,24,0,Querétaro
2020-03-26,3,1,0,35,25,0,Querétaro
2020-03-27,2,3,0,37,28,0,Querétaro
2020-03-28,2,0,1,39,28,1,Querétaro
2020-03-29,1,1,0,40,29,1,Querétaro
2020-03-30,1,1,0,41,30,1,Querétaro
2020-03-31,1,5,0,42,35,1,Querétaro
2020-04-01,4,4,0,46,39,1,Querétaro
2020-04-02,2,1,1,48,40,2,Querétaro
2020-04-03,4,4,0,52,44,2,Querétaro
2020-04-04,3,1,0,55,45,2,Querétaro
2020-04-05,2,0,0,57,45,2,Querétaro
2020-04-06,3,4,0,60,49,2,Querétaro
2020-04-07,3,4,0,63,53,2,Querétaro
2020-04-08,1,3,0,64,56,2,Querétaro
2020-04-09,3,3,0,67,59,2,Querétaro
2020-04-10,4,2,1,71,61,3,Querétaro
2020-04-11,5,2,1,76,63,4,Querétaro
2020-04-12,6,1,0,82,64,4,Querétaro
2020-04-13,1,6,0,83,70,4,Querétaro
2020-04-14,3,7,1,86,77,5,Querétaro
2020-04-15,6,2,1,92,79,6,Querétaro
2020-04-16,2,5,0,94,84,6,Querétaro
2020-04-17,5,5,0,99,89,6,Querétaro
2020-04-18,7,2,0,106,91,6,Querétaro
2020-04-19,3,2,0,109,93,6,Querétaro
2020-04-20,5,5,0,114,98,6,Querétaro
2020-04-21,3,1,1,117,99,7,Querétaro
2020-04-22,3,6,0,120,105,7,Querétaro
2020-04-23,1,9,0,121,114,7,Querétaro
2020-04-24,0,7,0,121,121,7,Querétaro
2020-04-25,0,0,1,121,121,8,Querétaro
2020-04-26,0,0,1,121,121,9,Querétaro
2020-04-27,0,0,0,121,121,9,Querétaro
2020-03-01,1,0,0,1,0,0,Quintana Roo
2020-03-02,0,0,0,1,0,0,Quintana Roo
2020-03-03,0,0,0,1,0,0,Quintana Roo
2020-03-04,0,0,0,1,0,0,Quintana Roo
2020-03-05,0,0,0,1,0,0,Quintana Roo
2020-03-06,0,0,0,1,0,0,Quintana Roo
2020-03-07,0,0,0,1,0,0,Quintana Roo
2020-03-08,1,0,0,2,0,0,Quintana Roo
2020-03-09,1,0,0,3,0,0,Quintana Roo
2020-03-10,2,0,0,5,0,0,Quintana Roo
2020-03-11,3,2,0,8,2,0,Quintana Roo
2020-03-12,1,1,0,9,3,0,Quintana Roo
2020-03-13,3,0,0,12,3,0,Quintana Roo
2020-03-14,4,4,0,16,7,0,Quintana Roo
2020-03-15,6,0,0,22,7,0,Quintana Roo
2020-03-16,2,3,0,24,10,0,Quintana Roo
2020-03-17,3,4,0,27,14,0,Quintana Roo
2020-03-18,7,2,0,34,16,0,Quintana Roo
2020-03-19,4,5,0,38,21,0,Quintana Roo
2020-03-20,8,0,0,46,21,0,Quintana Roo
2020-03-21,9,3,0,55,24,0,Quintana Roo
2020-03-22,6,4,0,61,28,0,Quintana Roo
2020-03-23,10,4,0,71,32,0,Quintana Roo
2020-03-24,6,9,0,77,41,0,Quintana Roo
2020-03-25,13,11,0,90,52,0,Quintana Roo
2020-03-26,6,9,1,96,61,1,Quintana Roo
2020-03-27,21,7,1,117,68,2,Quintana Roo
2020-03-28,16,7,1,133,75,3,Quintana Roo
2020-03-29,18,3,0,151,78,3,Quintana Roo
2020-03-30,17,22,0,168,100,3,Quintana Roo
2020-03-31,13,14,2,181,114,5,Quintana Roo
2020-04-01,19,23,1,200,137,6,Quintana Roo
2020-04-02,15,12,2,215,149,8,Quintana Roo
2020-04-03,18,13,2,233,162,10,Quintana Roo
2020-04-04,14,8,1,247,170,11,Quintana Roo
2020-04-05,25,10,1,272,180,12,Quintana Roo
2020-04-06,28,29,2,300,209,14,Quintana Roo
2020-04-07,15,18,2,315,227,16,Quintana Roo
2020-04-08,20,26,3,335,253,19,Quintana Roo
2020-04-09,25,9,3,360,262,22,Quintana Roo
2020-04-10,31,23,2,391,285,24,Quintana Roo
2020-04-11,32,17,2,423,302,26,Quintana Roo
2020-04-12,28,21,4,451,323,30,Quintana Roo
2020-04-13,24,22,5,475,345,35,Quintana Roo
2020-04-14,25,19,3,500,364,38,Quintana Roo
2020-04-15,25,22,0,525,386,38,Quintana Roo
2020-04-16,29,31,1,554,417,39,Quintana Roo
2020-04-17,23,36,3,577,453,42,Quintana Roo
2020-04-18,24,36,6,601,489,48,Quintana Roo
2020-04-19,16,20,6,617,509,54,Quintana Roo
2020-04-20,22,43,9,639,552,63,Quintana Roo
2020-04-21,9,33,5,648,585,68,Quintana Roo
2020-04-22,4,29,6,652,614,74,Quintana Roo
2020-04-23,0,24,4,652,638,78,Quintana Roo
2020-04-24,1,9,4,653,647,82,Quintana Roo
2020-04-25,0,6,2,653,653,84,Quintana Roo
2020-04-26,0,0,2,653,653,86,Quintana Roo
2020-04-27,0,0,0,653,653,86,Quintana Roo
2020-03-07,1,0,0,1,0,0,San Luis Potosí
2020-03-08,0,0,0,1,0,0,San Luis Potosí
2020-03-09,1,0,0,2,0,0,San Luis Potosí
2020-03-10,0,0,0,2,0,0,San Luis Potosí
2020-03-11,1,0,0,3,0,0,San Luis Potosí
2020-03-12,1,0,0,4,0,0,San Luis Potosí
2020-03-13,0,2,0,4,2,0,San Luis Potosí
2020-03-14,1,0,0,5,2,0,San Luis Potosí
2020-03-15,4,0,0,9,2,0,San Luis Potosí
2020-03-16,2,1,0,11,3,0,San Luis Potosí
2020-03-17,1,5,0,12,8,0,San Luis Potosí
2020-03-18,4,1,0,16,9,0,San Luis Potosí
2020-03-19,2,3,0,18,12,0,San Luis Potosí
2020-03-20,1,3,0,19,15,0,San Luis Potosí
2020-03-21,2,4,0,21,19,0,San Luis Potosí
2020-03-22,3,1,0,24,20,0,San Luis Potosí
2020-03-23,0,2,0,24,22,0,San Luis Potosí
2020-03-24,5,0,1,29,22,1,San Luis Potosí
2020-03-25,3,0,1,32,22,2,San Luis Potosí
2020-03-26,1,1,0,33,23,2,San Luis Potosí
2020-03-27,3,6,0,36,29,2,San Luis Potosí
2020-03-28,1,0,0,37,29,2,San Luis Potosí
2020-03-29,2,6,0,39,35,2,San Luis Potosí
2020-03-30,1,3,1,40,38,3,San Luis Potosí
2020-03-31,4,2,0,44,40,3,San Luis Potosí
2020-04-01,2,0,0,46,40,3,San Luis Potosí
2020-04-02,3,0,0,49,40,3,San Luis Potosí
2020-04-03,4,0,0,53,40,3,San Luis Potosí
2020-04-04,3,3,0,56,43,3,San Luis Potosí
2020-04-05,0,1,0,56,44,3,San Luis Potosí
2020-04-06,1,2,1,57,46,4,San Luis Potosí
2020-04-07,0,4,0,57,50,4,San Luis Potosí
2020-04-08,1,1,0,58,51,4,San Luis Potosí
2020-04-09,1,4,0,59,55,4,San Luis Potosí
2020-04-10,2,1,0,61,56,4,San Luis Potosí
2020-04-11,0,2,0,61,58,4,San Luis Potosí
2020-04-12,1,0,0,62,58,4,San Luis Potosí
2020-04-13,3,1,0,65,59,4,San Luis Potosí
2020-04-14,4,0,0,69,59,4,San Luis Potosí
2020-04-15,1,2,0,70,61,4,San Luis Potosí
2020-04-16,1,2,0,71,63,4,San Luis Potosí
2020-04-17,1,7,1,72,70,5,San Luis Potosí
2020-04-18,1,1,1,73,71,6,San Luis Potosí
2020-04-19,0,0,0,73,71,6,San Luis Potosí
2020-04-20,5,0,0,78,71,6,San Luis Potosí
2020-04-21,2,1,0,80,72,6,San Luis Potosí
2020-04-22,2,0,0,82,72,6,San Luis Potosí
2020-04-23,1,3,0,83,75,6,San Luis Potosí
2020-04-24,0,3,0,83,78,6,San Luis Potosí
2020-04-25,0,5,0,83,83,6,San Luis Potosí
2020-04-26,0,0,0,83,83,6,San Luis Potosí
2020-04-27,0,0,0,83,83,6,San Luis Potosí
2020-03-01,1,0,0,1,0,0,Sinaloa
2020-03-02,0,0,0,1,0,0,Sinaloa
2020-03-03,0,0,0,1,0,0,Sinaloa
2020-03-04,0,0,0,1,0,0,Sinaloa
2020-03-05,0,0,0,1,0,0,Sinaloa
2020-03-06,0,0,0,1,0,0,Sinaloa
2020-03-07,0,0,0,1,0,0,Sinaloa
2020-03-08,0,0,0,1,0,0,Sinaloa
2020-03-09,1,0,0,2,0,0,Sinaloa
2020-03-10,0,0,0,2,0,0,Sinaloa
2020-03-11,0,0,0,2,0,0,Sinaloa
2020-03-12,1,0,0,3,0,0,Sinaloa
2020-03-13,0,1,0,3,1,0,Sinaloa
2020-03-14,2,0,0,5,1,0,Sinaloa
2020-03-15,2,0,0,7,1,0,Sinaloa
2020-03-16,3,1,0,10,2,0,Sinaloa
2020-03-17,2,1,0,12,3,0,Sinaloa
2020-03-18,1,0,0,13,3,0,Sinaloa
2020-03-19,3,1,0,16,4,0,Sinaloa
2020-03-20,6,1,0,22,5,0,Sinaloa
2020-03-21,6,0,0,28,5,0,Sinaloa
2020-03-22,6,1,0,34,6,0,Sinaloa
2020-03-23,16,2,0,50,8,0,Sinaloa
2020-03-24,12,6,0,62,14,0,Sinaloa
2020-03-25,9,7,0,71,21,0,Sinaloa
2020-03-26,11,9,1,82,30,1,Sinaloa
2020-03-27,13,9,0,95,39,1,Sinaloa
2020-03-28,10,5,1,105,44,2,Sinaloa
2020-03-29,15,6,1,120,50,3,Sinaloa
2020-03-30,16,11,0,136,61,3,Sinaloa
2020-03-31,24,15,1,160,76,4,Sinaloa
2020-04-01,18,14,2,178,90,6,Sinaloa
2020-04-02,21,28,3,199,118,9,Sinaloa
2020-04-03,27,9,2,226,127,11,Sinaloa
2020-04-04,25,10,5,251,137,16,Sinaloa
2020-04-05,22,15,0,273,152,16,Sinaloa
2020-04-06,29,28,1,302,180,17,Sinaloa
2020-04-07,29,20,2,331,200,19,Sinaloa
2020-04-08,38,29,6,369,229,25,Sinaloa
2020-04-09,35,12,6,404,241,31,Sinaloa
2020-04-10,46,33,9,450,274,40,Sinaloa
2020-04-11,37,23,8,487,297,48,Sinaloa
2020-04-12,37,22,6,524,319,54,Sinaloa
2020-04-13,39,41,7,563,360,61,Sinaloa
2020-04-14,32,47,4,595,407,65,Sinaloa
2020-04-15,25,50,4,620,457,69,Sinaloa
2020-04-16,31,40,3,651,497,72,Sinaloa
2020-04-17,34,37,4,685,534,76,Sinaloa
2020-04-18,23,28,4,708,562,80,Sinaloa
2020-04-19,30,31,3,738,593,83,Sinaloa
2020-04-20,28,56,8,766,649,91,Sinaloa
2020-04-21,13,42,5,779,691,96,Sinaloa
2020-04-22,12,38,7,791,729,103,Sinaloa
2020-04-23,3,40,6,794,769,109,Sinaloa
2020-04-24,1,25,3,795,794,112,Sinaloa
2020-04-25,0,0,4,795,794,116,Sinaloa
2020-04-26,0,1,4,795,795,120,Sinaloa
2020-04-27,0,0,2,795,795,122,Sinaloa
2020-03-11,2,0,0,2,0,0,Sonora
2020-03-12,2,0,0,4,0,0,Sonora
2020-03-13,0,0,0,4,0,0,Sonora
2020-03-14,0,0,0,4,0,0,Sonora
2020-03-15,1,1,0,5,1,0,Sonora
2020-03-16,2,0,0,7,1,0,Sonora
2020-03-17,2,1,0,9,2,0,Sonora
2020-03-18,1,1,0,10,3,0,Sonora
2020-03-19,2,0,0,12,3,0,Sonora
2020-03-20,2,1,0,14,4,0,Sonora
2020-03-21,0,1,0,14,5,0,Sonora
2020-03-22,2,0,0,16,5,0,Sonora
2020-03-23,2,3,0,18,8,0,Sonora
2020-03-24,2,3,0,20,11,0,Sonora
2020-03-25,1,3,0,21,14,0,Sonora
2020-03-26,4,0,0,25,14,0,Sonora
2020-03-27,4,4,0,29,18,0,Sonora
2020-03-28,5,3,0,34,21,0,Sonora
2020-03-29,0,0,0,34,21,0,Sonora
2020-03-30,1,1,1,35,22,1,Sonora
2020-03-31,4,5,0,39,27,1,Sonora
2020-04-01,10,1,0,49,28,1,Sonora
2020-04-02,2,2,0,51,30,1,Sonora
2020-04-03,5,1,0,56,31,1,Sonora
2020-04-04,7,6,0,63,37,1,Sonora
2020-04-05,4,2,2,67,39,3,Sonora
2020-04-06,17,10,1,84,49,4,Sonora
2020-04-07,6,9,1,90,58,5,Sonora
2020-04-08,8,9,1,98,67,6,Sonora
2020-04-09,10,4,1,108,71,7,Sonora
2020-04-10,11,4,0,119,75,7,Sonora
2020-04-11,5,5,1,124,80,8,Sonora
2020-04-12,5,3,3,129,83,11,Sonora
2020-04-13,6,14,0,135,97,11,Sonora
2020-04-14,7,5,1,142,102,12,Sonora
2020-04-15,1,11,1,143,113,13,Sonora
2020-04-16,9,6,0,152,119,13,Sonora
2020-04-17,6,8,1,158,127,14,Sonora
2020-04-18,8,12,0,166,139,14,Sonora
2020-04-19,1,5,0,167,144,14,Sonora
2020-04-20,8,6,2,175,150,16,Sonora
2020-04-21,3,10,2,178,160,18,Sonora
2020-04-22,1,11,1,179,171,19,Sonora
2020-04-23,2,3,0,181,174,19,Sonora
2020-04-24,1,8,1,182,182,20,Sonora
2020-04-25,0,0,0,182,182,20,Sonora
2020-04-26,0,0,0,182,182,20,Sonora
2020-04-27,0,0,0,182,182,20,Sonora
2020-01-08,1,1,0,1,1,0,Tabasco
2020-01-09,0,0,0,1,1,0,Tabasco
2020-01-10,0,0,0,1,1,0,Tabasco
2020-01-11,0,0,0,1,1,0,Tabasco
2020-01-12,0,0,0,1,1,0,Tabasco
2020-01-13,0,0,0,1,1,0,Tabasco
2020-01-14,0,0,0,1,1,0,Tabasco
2020-01-15,0,0,0,1,1,0,Tabasco
2020-01-16,0,0,0,1,1,0,Tabasco
2020-01-17,0,0,0,1,1,0,Tabasco
2020-01-18,0,0,0,1,1,0,Tabasco
2020-01-19,0,0,0,1,1,0,Tabasco
2020-01-20,0,0,0,1,1,0,Tabasco
2020-01-21,0,0,0,1,1,0,Tabasco
2020-01-22,0,0,0,1,1,0,Tabasco
2020-01-23,0,0,0,1,1,0,Tabasco
2020-01-24,0,0,0,1,1,0,Tabasco
2020-01-25,0,0,0,1,1,0,Tabasco
2020-01-26,0,0,0,1,1,0,Tabasco
2020-01-27,0,0,0,1,1,0,Tabasco
2020-01-28,0,0,0,1,1,0,Tabasco
2020-01-29,0,0,0,1,1,0,Tabasco
2020-01-30,0,0,0,1,1,0,Tabasco
2020-01-31,0,0,0,1,1,0,Tabasco
2020-02-01,0,0,0,1,1,0,Tabasco
2020-02-02,0,0,0,1,1,0,Tabasco
2020-02-03,0,0,0,1,1,0,Tabasco
2020-02-04,0,0,0,1,1,0,Tabasco
2020-02-05,0,0,0,1,1,0,Tabasco
2020-02-06,0,0,0,1,1,0,Tabasco
2020-02-07,0,0,0,1,1,0,Tabasco
2020-02-08,0,0,0,1,1,0,Tabasco
2020-02-09,0,0,0,1,1,0,Tabasco
2020-02-10,0,0,0,1,1,0,Tabasco
2020-02-11,0,0,0,1,1,0,Tabasco
2020-02-12,0,0,0,1,1,0,Tabasco
2020-02-13,0,0,0,1,1,0,Tabasco
2020-02-14,0,0,0,1,1,0,Tabasco
2020-02-15,0,0,0,1,1,0,Tabasco
2020-02-16,0,0,0,1,1,0,Tabasco
2020-02-17,0,0,0,1,1,0,Tabasco
2020-02-18,0,0,0,1,1,0,Tabasco
2020-02-19,0,0,0,1,1,0,Tabasco
2020-02-20,0,0,0,1,1,0,Tabasco
2020-02-21,0,0,0,1,1,0,Tabasco
2020-02-22,0,0,0,1,1,0,Tabasco
2020-02-23,0,0,0,1,1,0,Tabasco
2020-02-24,0,0,0,1,1,0,Tabasco
2020-02-25,0,0,0,1,1,0,Tabasco
2020-02-26,0,0,0,1,1,0,Tabasco
2020-02-27,0,0,0,1,1,0,Tabasco
2020-02-28,0,0,0,1,1,0,Tabasco
2020-02-29,0,0,0,1,1,0,Tabasco
2020-03-01,0,0,0,1,1,0,Tabasco
2020-03-02,0,0,0,1,1,0,Tabasco
2020-03-03,0,0,0,1,1,0,Tabasco
2020-03-04,0,0,0,1,1,0,Tabasco
2020-03-05,0,0,0,1,1,0,Tabasco
2020-03-06,0,0,0,1,1,0,Tabasco
2020-03-07,0,0,0,1,1,0,Tabasco
2020-03-08,0,0,0,1,1,0,Tabasco
2020-03-09,3,0,0,4,1,0,Tabasco
2020-03-10,2,0,0,6,1,0,Tabasco
2020-03-11,0,0,0,6,1,0,Tabasco
2020-03-12,0,0,0,6,1,0,Tabasco
2020-03-13,2,0,0,8,1,0,Tabasco
2020-03-14,2,0,0,10,1,0,Tabasco
2020-03-15,1,0,0,11,1,0,Tabasco
2020-03-16,3,0,0,14,1,0,Tabasco
2020-03-17,2,1,0,16,2,0,Tabasco
2020-03-18,5,2,0,21,4,0,Tabasco
2020-03-19,8,2,0,29,6,0,Tabasco
2020-03-20,4,2,0,33,8,0,Tabasco
2020-03-21,5,0,0,38,8,0,Tabasco
2020-03-22,3,0,0,41,8,0,Tabasco
2020-03-23,7,3,0,48,11,0,Tabasco
2020-03-24,6,10,0,54,21,0,Tabasco
2020-03-25,11,3,0,65,24,0,Tabasco
2020-03-26,6,5,0,71,29,0,Tabasco
2020-03-27,7,10,0,78,39,0,Tabasco
2020-03-28,16,1,0,94,40,0,Tabasco
2020-03-29,12,9,0,106,49,0,Tabasco
2020-03-30,12,9,0,118,58,0,Tabasco
2020-03-31,10,11,1,128,69,1,Tabasco
2020-04-01,12,9,3,140,78,4,Tabasco
2020-04-02,17,15,0,157,93,4,Tabasco
2020-04-03,13,20,1,170,113,5,Tabasco
2020-04-04,24,3,0,194,116,5,Tabasco
2020-04-05,16,8,3,210,124,8,Tabasco
2020-04-06,29,7,3,239,131,11,Tabasco
2020-04-07,32,13,0,271,144,11,Tabasco
2020-04-08,31,17,1,302,161,12,Tabasco
2020-04-09,39,11,1,341,172,13,Tabasco
2020-04-10,47,14,0,388,186,13,Tabasco
2020-04-11,25,18,1,413,204,14,Tabasco
2020-04-12,38,27,2,451,231,16,Tabasco
2020-04-13,44,30,4,495,261,20,Tabasco
2020-04-14,59,46,5,554,307,25,Tabasco
2020-04-15,39,37,3,593,344,28,Tabasco
2020-04-16,39,40,3,632,384,31,Tabasco
2020-04-17,40,53,10,672,437,41,Tabasco
2020-04-18,44,46,9,716,483,50,Tabasco
2020-04-19,41,41,8,757,524,58,Tabasco
2020-04-20,23,68,7,780,592,65,Tabasco
2020-04-21,18,72,3,798,664,68,Tabasco
2020-04-22,13,60,10,811,724,78,Tabasco
2020-04-23,7,41,8,818,765,86,Tabasco
2020-04-24,1,40,7,819,805,93,Tabasco
2020-04-25,0,14,3,819,819,96,Tabasco
2020-04-26,0,0,4,819,819,100,Tabasco
2020-04-27,0,0,0,819,819,100,Tabasco
2020-03-13,1,0,0,1,0,0,Tamaulipas
2020-03-14,2,0,0,3,0,0,Tamaulipas
2020-03-15,0,1,0,3,1,0,Tamaulipas
2020-03-16,3,1,0,6,2,0,Tamaulipas
2020-03-17,0,0,0,6,2,0,Tamaulipas
2020-03-18,0,0,0,6,2,0,Tamaulipas
2020-03-19,0,1,0,6,3,0,Tamaulipas
2020-03-20,3,1,0,9,4,0,Tamaulipas
2020-03-21,2,0,0,11,4,0,Tamaulipas
2020-03-22,1,2,0,12,6,0,Tamaulipas
2020-03-23,1,1,0,13,7,0,Tamaulipas
2020-03-24,1,1,0,14,8,0,Tamaulipas
2020-03-25,3,0,0,17,8,0,Tamaulipas
2020-03-26,4,0,0,21,8,0,Tamaulipas
2020-03-27,3,1,0,24,9,0,Tamaulipas
2020-03-28,1,2,0,25,11,0,Tamaulipas
2020-03-29,0,3,0,25,14,0,Tamaulipas
2020-03-30,9,4,0,34,18,0,Tamaulipas
2020-03-31,5,4,0,39,22,0,Tamaulipas
2020-04-01,5,6,0,44,28,0,Tamaulipas
2020-04-02,4,1,0,48,29,0,Tamaulipas
2020-04-03,1,4,1,49,33,1,Tamaulipas
2020-04-04,8,3,1,57,36,2,Tamaulipas
2020-04-05,2,1,0,59,37,2,Tamaulipas
2020-04-06,4,8,1,63,45,3,Tamaulipas
2020-04-07,6,4,0,69,49,3,Tamaulipas
2020-04-08,3,3,0,72,52,3,Tamaulipas
2020-04-09,4,4,0,76,56,3,Tamaulipas
2020-04-10,6,3,0,82,59,3,Tamaulipas
2020-04-11,8,2,0,90,61,3,Tamaulipas
2020-04-12,8,7,0,98,68,3,Tamaulipas
2020-04-13,22,5,0,120,73,3,Tamaulipas
2020-04-14,11,16,1,131,89,4,Tamaulipas
2020-04-15,9,14,1,140,103,5,Tamaulipas
2020-04-16,16,22,0,156,125,5,Tamaulipas
2020-04-17,19,15,1,175,140,6,Tamaulipas
2020-04-18,15,7,0,190,147,6,Tamaulipas
2020-04-19,7,5,0,197,152,6,Tamaulipas
2020-04-20,18,19,3,215,171,9,Tamaulipas
2020-04-21,13,14,0,228,185,9,Tamaulipas
2020-04-22,9,16,0,237,201,9,Tamaulipas
2020-04-23,17,25,2,254,226,11,Tamaulipas
2020-04-24,5,18,0,259,244,11,Tamaulipas
2020-04-25,15,20,0,274,264,11,Tamaulipas
2020-04-26,13,23,1,287,287,12,Tamaulipas
2020-04-27,0,0,0,287,287,12,Tamaulipas
2020-03-16,2,0,0,2,0,0,Tlaxcala
2020-03-17,0,0,0,2,0,0,Tlaxcala
2020-03-18,0,0,0,2,0,0,Tlaxcala
2020-03-19,0,0,0,2,0,0,Tlaxcala
2020-03-20,0,0,0,2,0,0,Tlaxcala
2020-03-21,0,0,0,2,0,0,Tlaxcala
2020-03-22,1,0,0,3,0,0,Tlaxcala
2020-03-23,1,1,0,4,1,0,Tlaxcala
2020-03-24,2,2,0,6,3,0,Tlaxcala
2020-03-25,2,0,0,8,3,0,Tlaxcala
2020-03-26,0,0,0,8,3,0,Tlaxcala
2020-03-27,1,1,0,9,4,0,Tlaxcala
2020-03-28,9,2,0,18,6,0,Tlaxcala
2020-03-29,2,0,0,20,6,0,Tlaxcala
2020-03-30,4,1,0,24,7,0,Tlaxcala
2020-03-31,3,0,0,27,7,0,Tlaxcala
2020-04-01,5,4,0,32,11,0,Tlaxcala
2020-04-02,5,1,0,37,12,0,Tlaxcala
2020-04-03,4,0,0,41,12,0,Tlaxcala
2020-04-04,8,2,0,49,14,0,Tlaxcala
2020-04-05,1,6,0,50,20,0,Tlaxcala
2020-04-06,2,8,0,52,28,0,Tlaxcala
2020-04-07,6,7,0,58,35,0,Tlaxcala
2020-04-08,9,6,1,67,41,1,Tlaxcala
2020-04-09,1,1,0,68,42,1,Tlaxcala
2020-04-10,11,5,0,79,47,1,Tlaxcala
2020-04-11,1,6,0,80,53,1,Tlaxcala
2020-04-12,2,2,3,82,55,4,Tlaxcala
2020-04-13,6,5,0,88,60,4,Tlaxcala
2020-04-14,9,6,1,97,66,5,Tlaxcala
2020-04-15,7,4,0,104,70,5,Tlaxcala
2020-04-16,8,6,0,112,76,5,Tlaxcala
2020-04-17,7,5,1,119,81,6,Tlaxcala
2020-04-18,3,4,0,122,85,6,Tlaxcala
2020-04-19,4,10,2,126,95,8,Tlaxcala
2020-04-20,3,8,0,129,103,8,Tlaxcala
2020-04-21,6,8,2,135,111,10,Tlaxcala
2020-04-22,1,6,0,136,117,10,Tlaxcala
2020-04-23,2,9,1,138,126,11,Tlaxcala
2020-04-24,1,9,1,139,135,12,Tlaxcala
2020-04-25,0,4,1,139,139,13,Tlaxcala
2020-04-26,0,0,1,139,139,14,Tlaxcala
2020-04-27,0,0,0,139,139,14,Tlaxcala
2020-03-03,1,0,0,1,0,0,Veracruz
2020-03-04,0,0,0,1,0,0,Veracruz
2020-03-05,0,0,0,1,0,0,Veracruz
2020-03-06,0,0,0,1,0,0,Veracruz
2020-03-07,0,0,0,1,0,0,Veracruz
2020-03-08,0,0,0,1,0,0,Veracruz
2020-03-09,0,0,0,1,0,0,Veracruz
2020-03-10,0,0,0,1,0,0,Veracruz
2020-03-11,0,0,0,1,0,0,Veracruz
2020-03-12,4,0,0,5,0,0,Veracruz
2020-03-13,0,0,0,5,0,0,Veracruz
2020-03-14,3,0,0,8,0,0,Veracruz
2020-03-15,2,2,0,10,2,0,Veracruz
2020-03-16,2,0,0,12,2,0,Veracruz
2020-03-17,2,0,0,14,2,0,Veracruz
2020-03-18,4,7,0,18,9,0,Veracruz
2020-03-19,2,5,0,20,14,0,Veracruz
2020-03-20,7,1,0,27,15,0,Veracruz
2020-03-21,1,1,0,28,16,0,Veracruz
2020-03-22,1,0,0,29,16,0,Veracruz
2020-03-23,5,4,0,34,20,0,Veracruz
2020-03-24,0,2,0,34,22,0,Veracruz
2020-03-25,3,2,0,37,24,0,Veracruz
2020-03-26,4,4,0,41,28,0,Veracruz
2020-03-27,5,1,0,46,29,0,Veracruz
2020-03-28,3,1,1,49,30,1,Veracruz
2020-03-29,4,1,0,53,31,1,Veracruz
2020-03-30,4,3,0,57,34,1,Veracruz
2020-03-31,5,2,0,62,36,1,Veracruz
2020-04-01,5,8,1,67,44,2,Veracruz
2020-04-02,11,5,0,78,49,2,Veracruz
2020-04-03,6,7,1,84,56,3,Veracruz
2020-04-04,5,2,0,89,58,3,Veracruz
2020-04-05,9,2,0,98,60,3,Veracruz
2020-04-06,12,6,0,110,66,3,Veracruz
2020-04-07,12,11,0,122,77,3,Veracruz
2020-04-08,21,4,0,143,81,3,Veracruz
2020-04-09,17,12,1,160,93,4,Veracruz
2020-04-10,19,9,0,179,102,4,Veracruz
2020-04-11,20,14,0,199,116,4,Veracruz
2020-04-12,24,9,3,223,125,7,Veracruz
2020-04-13,28,13,1,251,138,8,Veracruz
2020-04-14,17,13,1,268,151,9,Veracruz
2020-04-15,29,29,0,297,180,9,Veracruz
2020-04-16,22,34,1,319,214,10,Veracruz
2020-04-17,17,31,1,336,245,11,Veracruz
2020-04-18,24,17,2,360,262,13,Veracruz
2020-04-19,13,17,5,373,279,18,Veracruz
2020-04-20,27,30,3,400,309,21,Veracruz
2020-04-21,13,36,3,413,345,24,Veracruz
2020-04-22,4,21,3,417,366,27,Veracruz
2020-04-23,5,28,1,422,394,28,Veracruz
2020-04-24,0,20,1,422,414,29,Veracruz
2020-04-25,1,9,3,423,423,32,Veracruz
2020-04-26,0,0,1,423,423,33,Veracruz
2020-04-27,0,0,0,423,423,33,Veracruz
2020-02-19,1,0,0,1,0,0,Yucatán
2020-02-20,0,0,0,1,0,0,Yucatán
2020-02-21,0,0,0,1,0,0,Yucatán
2020-02-22,0,0,0,1,0,0,Yucatán
2020-02-23,0,0,0,1,0,0,Yucatán
2020-02-24,0,0,0,1,0,0,Yucatán
2020-02-25,0,0,0,1,0,0,Yucatán
2020-02-26,0,0,0,1,0,0,Yucatán
2020-02-27,0,0,0,1,0,0,Yucatán
2020-02-28,0,0,0,1,0,0,Yucatán
2020-02-29,0,0,0,1,0,0,Yucatán
2020-03-01,0,0,0,1,0,0,Yucatán
2020-03-02,0,0,0,1,0,0,Yucatán
2020-03-03,0,0,0,1,0,0,Yucatán
2020-03-04,0,0,0,1,0,0,Yucatán
2020-03-05,0,0,0,1,0,0,Yucatán
2020-03-06,0,0,0,1,0,0,Yucatán
2020-03-07,1,0,0,2,0,0,Yucatán
2020-03-08,3,0,0,5,0,0,Yucatán
2020-03-09,1,0,0,6,0,0,Yucatán
2020-03-10,2,0,0,8,0,0,Yucatán
2020-03-11,3,0,0,11,0,0,Yucatán
2020-03-12,1,1,0,12,1,0,Yucatán
2020-03-13,5,0,0,17,1,0,Yucatán
2020-03-14,3,0,0,20,1,0,Yucatán
2020-03-15,1,4,0,21,5,0,Yucatán
2020-03-16,2,2,0,23,7,0,Yucatán
2020-03-17,7,6,0,30,13,0,Yucatán
2020-03-18,5,0,0,35,13,0,Yucatán
2020-03-19,8,2,0,43,15,0,Yucatán
2020-03-20,4,5,0,47,20,0,Yucatán
2020-03-21,4,0,0,51,20,0,Yucatán
2020-03-22,5,8,0,56,28,0,Yucatán
2020-03-23,3,5,0,59,33,0,Yucatán
2020-03-24,3,8,0,62,41,0,Yucatán
2020-03-25,1,3,0,63,44,0,Yucatán
2020-03-26,3,0,0,66,44,0,Yucatán
2020-03-27,4,3,0,70,47,0,Yucatán
2020-03-28,6,4,0,76,51,0,Yucatán
2020-03-29,7,2,0,83,53,0,Yucatán
2020-03-30,5,10,0,88,63,0,Yucatán
2020-03-31,6,4,0,94,67,0,Yucatán
2020-04-01,7,8,0,101,75,0,Yucatán
2020-04-02,7,2,0,108,77,0,Yucatán
2020-04-03,11,8,2,119,85,2,Yucatán
2020-04-04,7,2,0,126,87,2,Yucatán
2020-04-05,4,5,0,130,92,2,Yucatán
2020-04-06,11,13,1,141,105,3,Yucatán
2020-04-07,12,11,2,153,116,5,Yucatán
2020-04-08,12,9,0,165,125,5,Yucatán
2020-04-09,3,10,0,168,135,5,Yucatán
2020-04-10,5,4,2,173,139,7,Yucatán
2020-04-11,17,7,0,190,146,7,Yucatán
2020-04-12,18,6,0,208,152,7,Yucatán
2020-04-13,14,17,0,222,169,7,Yucatán
2020-04-14,10,18,0,232,187,7,Yucatán
2020-04-15,11,23,3,243,210,10,Yucatán
2020-04-16,14,13,1,257,223,11,Yucatán
2020-04-17,12,12,1,269,235,12,Yucatán
2020-04-18,19,6,0,288,241,12,Yucatán
2020-04-19,18,4,1,306,245,13,Yucatán
2020-04-20,17,21,1,323,266,14,Yucatán
2020-04-21,16,18,3,339,284,17,Yucatán
2020-04-22,6,15,1,345,299,18,Yucatán
2020-04-23,7,27,3,352,326,21,Yucatán
2020-04-24,1,25,2,353,351,23,Yucatán
2020-04-25,0,2,0,353,353,23,Yucatán
2020-04-26,0,0,0,353,353,23,Yucatán
2020-04-27,0,0,0,353,353,23,Yucatán
2020-03-09,1,0,0,1,0,0,Zacatecas
2020-03-10,0,0,0,1,0,0,Zacatecas
2020-03-11,0,0,0,1,0,0,Zacatecas
2020-03-12,1,0,0,2,0,0,Zacatecas
2020-03-13,0,0,0,2,0,0,Zacatecas
2020-03-14,0,0,0,2,0,0,Zacatecas
2020-03-15,0,0,0,2,0,0,Zacatecas
2020-03-16,1,1,0,3,1,0,Zacatecas
2020-03-17,0,0,0,3,1,0,Zacatecas
2020-03-18,1,0,0,4,1,0,Zacatecas
2020-03-19,3,0,0,7,1,0,Zacatecas
2020-03-20,0,1,0,7,2,0,Zacatecas
2020-03-21,2,1,0,9,3,0,Zacatecas
2020-03-22,1,1,0,10,4,0,Zacatecas
2020-03-23,0,0,0,10,4,0,Zacatecas
2020-03-24,0,1,0,10,5,0,Zacatecas
2020-03-25,0,0,0,10,5,0,Zacatecas
2020-03-26,0,0,0,10,5,0,Zacatecas
2020-03-27,0,3,0,10,8,0,Zacatecas
2020-03-28,0,1,0,10,9,0,Zacatecas
2020-03-29,0,0,0,10,9,0,Zacatecas
2020-03-30,0,0,0,10,9,0,Zacatecas
2020-03-31,2,0,1,12,9,1,Zacatecas
2020-04-01,0,0,0,12,9,1,Zacatecas
2020-04-02,2,1,0,14,10,1,Zacatecas
2020-04-03,2,0,0,16,10,1,Zacatecas
2020-04-04,0,1,1,16,11,2,Zacatecas
2020-04-05,0,1,0,16,12,2,Zacatecas
2020-04-06,0,1,0,16,13,2,Zacatecas
2020-04-07,1,0,0,17,13,2,Zacatecas
2020-04-08,6,2,0,23,15,2,Zacatecas
2020-04-09,1,1,0,24,16,2,Zacatecas
2020-04-10,5,0,0,29,16,2,Zacatecas
2020-04-11,4,2,0,33,18,2,Zacatecas
2020-04-12,2,1,0,35,19,2,Zacatecas
2020-04-13,2,0,0,37,19,2,Zacatecas
2020-04-14,2,1,0,39,20,2,Zacatecas
2020-04-15,1,6,0,40,26,2,Zacatecas
2020-04-16,7,3,0,47,29,2,Zacatecas
2020-04-17,2,2,0,49,31,2,Zacatecas
2020-04-18,5,7,0,54,38,2,Zacatecas
2020-04-19,5,1,1,59,39,3,Zacatecas
2020-04-20,3,10,0,62,49,3,Zacatecas
2020-04-21,2,1,0,64,50,3,Zacatecas
2020-04-22,2,2,0,66,52,3,Zacatecas
2020-04-23,0,8,1,66,60,4,Zacatecas
2020-04-24,0,5,0,66,65,4,Zacatecas
2020-04-25,0,1,0,66,66,4,Zacatecas
2020-04-26,0,0,0,66,66,4,Zacatecas
2020-04-27,0,0,0,66,66,4,Zacatecas
