fecha,sintomas_nuevos,ingreso_nuevos,muertes_nuevas,sintomas_acumulados,ingreso_acumulados,muertes_acumuladas,estado
2020-03-10,1,0,0,1,0,0,Aguascalientes
2020-03-11,0,0,0,1,0,0,Aguascalientes
2020-03-12,1,0,0,2,0,0,Aguascalientes
2020-03-13,0,0,0,2,0,0,Aguascalientes
2020-03-14,1,1,0,3,1,0,Aguascalientes
2020-03-15,1,0,0,4,1,0,Aguascalientes
2020-03-16,2,0,0,6,1,0,Aguascalientes
2020-03-17,2,1,0,8,2,0,Aguascalientes
2020-03-18,4,2,0,12,4,0,Aguascalientes
2020-03-19,2,1,0,14,5,0,Aguascalientes
2020-03-20,3,2,0,17,7,0,Aguascalientes
2020-03-21,0,1,0,17,8,0,Aguascalientes
2020-03-22,5,1,0,22,9,0,Aguascalientes
2020-03-23,9,4,0,31,13,0,Aguascalientes
2020-03-24,5,0,0,36,13,0,Aguascalientes
2020-03-25,5,17,0,41,30,0,Aguascalientes
2020-03-26,4,4,0,45,34,0,Aguascalientes
2020-03-27,5,6,0,50,40,0,Aguascalientes
2020-03-28,2,5,0,52,45,0,Aguascalientes
2020-03-29,2,3,0,54,48,0,Aguascalientes
2020-03-30,3,4,0,57,52,0,Aguascalientes
2020-03-31,1,1,0,58,53,0,Aguascalientes
2020-04-01,1,0,0,59,53,0,Aguascalientes
2020-04-02,2,0,0,61,53,0,Aguascalientes
2020-04-03,1,1,0,62,54,0,Aguascalientes
2020-04-04,0,0,0,62,54,0,Aguascalientes
2020-04-05,1,3,0,63,57,0,Aguascalientes
2020-04-06,4,4,0,67,61,0,Aguascalientes
2020-04-07,5,1,0,72,62,0,Aguascalientes
2020-04-08,2,1,0,74,63,0,Aguascalientes
2020-04-09,2,0,0,76,63,0,Aguascalientes
2020-04-10,1,2,1,77,65,1,Aguascalientes
2020-04-11,6,1,0,83,66,1,Aguascalientes
2020-04-12,2,2,0,85,68,1,Aguascalientes
2020-04-13,1,5,1,86,73,2,Aguascalientes
2020-04-14,4,0,0,90,73,2,Aguascalientes
2020-04-15,7,9,0,97,82,2,Aguascalientes
2020-04-16,3,4,0,100,86,2,Aguascalientes
2020-04-17,2,9,0,102,95,2,Aguascalientes
2020-04-18,2,6,0,104,101,2,Aguascalientes
2020-04-19,1,1,0,105,102,2,Aguascalientes
2020-04-20,0,1,0,105,103,2,Aguascalientes
2020-04-21,0,0,0,105,103,2,Aguascalientes
2020-04-22,0,2,0,105,105,2,Aguascalientes
2020-04-23,0,0,0,105,105,2,Aguascalientes
2020-01-17,1,0,0,1,0,0,Baja California
2020-01-18,0,0,0,1,0,0,Baja California
2020-01-19,0,0,0,1,0,0,Baja California
2020-01-20,0,0,0,1,0,0,Baja California
2020-01-21,0,0,0,1,0,0,Baja California
2020-01-22,0,0,0,1,0,0,Baja California
2020-01-23,0,0,0,1,0,0,Baja California
2020-01-24,0,0,0,1,0,0,Baja California
2020-01-25,0,0,0,1,0,0,Baja California
2020-01-26,0,0,0,1,0,0,Baja California
2020-01-27,0,0,0,1,0,0,Baja California
2020-01-28,0,0,0,1,0,0,Baja California
2020-01-29,0,0,0,1,0,0,Baja California
2020-01-30,0,0,0,1,0,0,Baja California
2020-01-31,0,0,0,1,0,0,Baja California
2020-02-01,0,0,0,1,0,0,Baja California
2020-02-02,0,0,0,1,0,0,Baja California
2020-02-03,0,0,0,1,0,0,Baja California
2020-02-04,0,0,0,1,0,0,Baja California
2020-02-05,0,0,0,1,0,0,Baja California
2020-02-06,1,0,0,2,0,0,Baja California
2020-02-07,1,0,0,3,0,0,Baja California
2020-02-08,0,0,0,3,0,0,Baja California
2020-02-09,0,0,0,3,0,0,Baja California
2020-02-10,0,0,0,3,0,0,Baja California
2020-02-11,0,0,0,3,0,0,Baja California
2020-02-12,0,1,0,3,1,0,Baja California
2020-02-13,0,0,0,3,1,0,Baja California
2020-02-14,0,0,0,3,1,0,Baja California
2020-02-15,0,0,0,3,1,0,Baja California
2020-02-16,0,0,0,3,1,0,Baja California
2020-02-17,1,0,0,4,1,0,Baja California
2020-02-18,0,0,0,4,1,0,Baja California
2020-02-19,0,1,0,4,2,0,Baja California
2020-02-20,0,0,0,4,2,0,Baja California
2020-02-21,0,0,0,4,2,0,Baja California
2020-02-22,0,0,0,4,2,0,Baja California
2020-02-23,0,0,0,4,2,0,Baja California
2020-02-24,0,0,0,4,2,0,Baja California
2020-02-25,0,0,0,4,2,0,Baja California
2020-02-26,0,0,0,4,2,0,Baja California
2020-02-27,0,0,0,4,2,0,Baja California
2020-02-28,0,0,0,4,2,0,Baja California
2020-02-29,0,0,0,4,2,0,Baja California
2020-03-01,0,0,0,4,2,0,Baja California
2020-03-02,0,0,0,4,2,0,Baja California
2020-03-03,0,0,0,4,2,0,Baja California
2020-03-04,0,0,0,4,2,0,Baja California
2020-03-05,0,0,0,4,2,0,Baja California
2020-03-06,0,0,0,4,2,0,Baja California
2020-03-07,0,0,0,4,2,0,Baja California
2020-03-08,0,0,0,4,2,0,Baja California
2020-03-09,1,0,0,5,2,0,Baja California
2020-03-10,0,0,0,5,2,0,Baja California
2020-03-11,2,1,0,7,3,0,Baja California
2020-03-12,2,0,0,9,3,0,Baja California
2020-03-13,4,0,0,13,3,0,Baja California
2020-03-14,2,0,0,15,3,0,Baja California
2020-03-15,2,0,0,17,3,0,Baja California
2020-03-16,5,1,0,22,4,0,Baja California
2020-03-17,5,3,0,27,7,0,Baja California
2020-03-18,11,4,0,38,11,0,Baja California
2020-03-19,10,5,0,48,16,0,Baja California
2020-03-20,16,6,0,64,22,0,Baja California
2020-03-21,6,3,0,70,25,0,Baja California
2020-03-22,7,2,0,77,27,0,Baja California
2020-03-23,15,10,0,92,37,0,Baja California
2020-03-24,20,9,0,112,46,0,Baja California
2020-03-25,17,8,0,129,54,0,Baja California
2020-03-26,23,11,0,152,65,0,Baja California
2020-03-27,25,18,0,177,83,0,Baja California
2020-03-28,24,7,0,201,90,0,Baja California
2020-03-29,36,20,1,237,110,1,Baja California
2020-03-30,38,28,2,275,138,3,Baja California
2020-03-31,32,41,2,307,179,5,Baja California
2020-04-01,53,61,2,360,240,7,Baja California
2020-04-02,61,26,5,421,266,12,Baja California
2020-04-03,48,36,3,469,302,15,Baja California
2020-04-04,53,24,5,522,326,20,Baja California
2020-04-05,45,19,2,567,345,22,Baja California
2020-04-06,48,64,8,615,409,30,Baja California
2020-04-07,47,36,4,662,445,34,Baja California
2020-04-08,62,68,5,724,513,39,Baja California
2020-04-09,68,58,4,792,571,43,Baja California
2020-04-10,77,46,6,869,617,49,Baja California
2020-04-11,54,39,7,923,656,56,Baja California
2020-04-12,55,37,10,978,693,66,Baja California
2020-04-13,28,80,5,1006,773,71,Baja California
2020-04-14,33,104,8,1039,877,79,Baja California
2020-04-15,9,69,14,1048,946,93,Baja California
2020-04-16,23,57,6,1071,1003,99,Baja California
2020-04-17,9,35,8,1080,1038,107,Baja California
2020-04-18,1,16,2,1081,1054,109,Baja California
2020-04-19,2,5,9,1083,1059,118,Baja California
2020-04-20,0,23,5,1083,1082,123,Baja California
2020-04-21,0,1,3,1083,1083,126,Baja California
2020-04-22,0,0,0,1083,1083,126,Baja California
2020-04-23,0,0,0,1083,1083,126,Baja California
2020-03-13,1,0,0,1,0,0,Baja California Sur
2020-03-14,0,0,0,1,0,0,Baja California Sur
2020-03-15,0,0,0,1,0,0,Baja California Sur
2020-03-16,3,0,0,4,0,0,Baja California Sur
2020-03-17,1,0,0,5,0,0,Baja California Sur
2020-03-18,1,1,0,6,1,0,Baja California Sur
2020-03-19,0,0,0,6,1,0,Baja California Sur
2020-03-20,1,1,0,7,2,0,Baja California Sur
2020-03-21,4,1,0,11,3,0,Baja California Sur
2020-03-22,5,0,0,16,3,0,Baja California Sur
2020-03-23,5,4,0,21,7,0,Baja California Sur
2020-03-24,2,2,0,23,9,0,Baja California Sur
2020-03-25,5,0,0,28,9,0,Baja California Sur
2020-03-26,5,2,0,33,11,0,Baja California Sur
2020-03-27,8,4,0,41,15,0,Baja California Sur
2020-03-28,10,4,0,51,19,0,Baja California Sur
2020-03-29,4,1,1,55,20,1,Baja California Sur
2020-03-30,13,13,0,68,33,1,Baja California Sur
2020-03-31,13,7,1,81,40,2,Baja California Sur
2020-04-01,17,5,0,98,45,2,Baja California Sur
2020-04-02,17,11,0,115,56,2,Baja California Sur
2020-04-03,21,16,0,136,72,2,Baja California Sur
2020-04-04,19,6,1,155,78,3,Baja California Sur
2020-04-05,17,5,1,172,83,4,Baja California Sur
2020-04-06,13,18,0,185,101,4,Baja California Sur
2020-04-07,5,24,0,190,125,4,Baja California Sur
2020-04-08,6,23,1,196,148,5,Baja California Sur
2020-04-09,6,25,0,202,173,5,Baja California Sur
2020-04-10,10,9,0,212,182,5,Baja California Sur
2020-04-11,10,7,1,222,189,6,Baja California Sur
2020-04-12,9,5,1,231,194,7,Baja California Sur
2020-04-13,1,11,0,232,205,7,Baja California Sur
2020-04-14,3,14,0,235,219,7,Baja California Sur
2020-04-15,4,5,0,239,224,7,Baja California Sur
2020-04-16,1,9,1,240,233,8,Baja California Sur
2020-04-17,0,5,1,240,238,9,Baja California Sur
2020-04-18,0,1,0,240,239,9,Baja California Sur
2020-04-19,1,1,0,241,240,9,Baja California Sur
2020-04-20,0,0,1,241,240,10,Baja California Sur
2020-04-21,0,1,0,241,241,10,Baja California Sur
2020-04-22,0,0,1,241,241,11,Baja California Sur
2020-04-23,0,0,0,241,241,11,Baja California Sur
2020-02-23,1,0,0,1,0,0,Campeche
2020-02-24,0,0,0,1,0,0,Campeche
2020-02-25,0,0,0,1,0,0,Campeche
2020-02-26,0,0,0,1,0,0,Campeche
2020-02-27,0,0,0,1,0,0,Campeche
2020-02-28,0,0,0,1,0,0,Campeche
2020-02-29,0,0,0,1,0,0,Campeche
2020-03-01,0,0,0,1,0,0,Campeche
2020-03-02,0,0,0,1,0,0,Campeche
2020-03-03,0,0,0,1,0,0,Campeche
2020-03-04,0,0,0,1,0,0,Campeche
2020-03-05,0,0,0,1,0,0,Campeche
2020-03-06,0,0,0,1,0,0,Campeche
2020-03-07,0,0,0,1,0,0,Campeche
2020-03-08,0,0,0,1,0,0,Campeche
2020-03-09,0,0,0,1,0,0,Campeche
2020-03-10,0,0,0,1,0,0,Campeche
2020-03-11,0,0,0,1,0,0,Campeche
2020-03-12,1,1,0,2,1,0,Campeche
2020-03-13,0,0,0,2,1,0,Campeche
2020-03-14,0,0,0,2,1,0,Campeche
2020-03-15,0,0,0,2,1,0,Campeche
2020-03-16,0,0,0,2,1,0,Campeche
2020-03-17,0,0,0,2,1,0,Campeche
2020-03-18,1,0,0,3,1,0,Campeche
2020-03-19,0,0,0,3,1,0,Campeche
2020-03-20,1,0,0,4,1,0,Campeche
2020-03-21,0,0,0,4,1,0,Campeche
2020-03-22,0,0,0,4,1,0,Campeche
2020-03-23,1,1,0,5,2,0,Campeche
2020-03-24,0,0,0,5,2,0,Campeche
2020-03-25,2,0,0,7,2,0,Campeche
2020-03-26,0,1,0,7,3,0,Campeche
2020-03-27,3,3,0,10,6,0,Campeche
2020-03-28,2,0,0,12,6,0,Campeche
2020-03-29,0,1,0,12,7,0,Campeche
2020-03-30,2,0,0,14,7,0,Campeche
2020-03-31,3,0,0,17,7,0,Campeche
2020-04-01,1,1,0,18,8,0,Campeche
2020-04-02,2,2,0,20,10,0,Campeche
2020-04-03,4,1,0,24,11,0,Campeche
2020-04-04,6,0,0,30,11,0,Campeche
2020-04-05,1,3,0,31,14,0,Campeche
2020-04-06,7,2,2,38,16,2,Campeche
2020-04-07,4,0,0,42,16,2,Campeche
2020-04-08,6,0,0,48,16,2,Campeche
2020-04-09,2,2,0,50,18,2,Campeche
2020-04-10,4,2,1,54,20,3,Campeche
2020-04-11,6,17,0,60,37,3,Campeche
2020-04-12,2,5,0,62,42,3,Campeche
2020-04-13,3,4,0,65,46,3,Campeche
2020-04-14,1,6,1,66,52,4,Campeche
2020-04-15,2,3,0,68,55,4,Campeche
2020-04-16,2,4,0,70,59,4,Campeche
2020-04-17,0,1,1,70,60,5,Campeche
2020-04-18,0,6,0,70,66,5,Campeche
2020-04-19,0,1,1,70,67,6,Campeche
2020-04-20,0,1,0,70,68,6,Campeche
2020-04-21,0,2,0,70,70,6,Campeche
2020-04-22,0,0,0,70,70,6,Campeche
2020-04-23,0,0,0,70,70,6,Campeche
2020-02-18,1,1,0,1,1,0,Coahuila
2020-02-19,0,0,0,1,1,0,Coahuila
2020-02-20,0,0,0,1,1,0,Coahuila
2020-02-21,0,0,0,1,1,0,Coahuila
2020-02-22,0,0,0,1,1,0,Coahuila
2020-02-23,0,0,0,1,1,0,Coahuila
2020-02-24,0,0,0,1,1,0,Coahuila
2020-02-25,0,0,0,1,1,0,Coahuila
2020-02-26,0,0,0,1,1,0,Coahuila
2020-02-27,1,0,0,2,1,0,Coahuila
2020-02-28,0,1,0,2,2,0,Coahuila
2020-02-29,0,0,0,2,2,0,Coahuila
2020-03-01,0,0,0,2,2,0,Coahuila
2020-03-02,0,0,0,2,2,0,Coahuila
2020-03-03,0,0,0,2,2,0,Coahuila
2020-03-04,0,0,0,2,2,0,Coahuila
2020-03-05,0,0,0,2,2,0,Coahuila
2020-03-06,0,0,0,2,2,0,Coahuila
2020-03-07,0,0,0,2,2,0,Coahuila
2020-03-08,0,0,0,2,2,0,Coahuila
2020-03-09,0,0,0,2,2,0,Coahuila
2020-03-10,0,0,0,2,2,0,Coahuila
2020-03-11,0,0,0,2,2,0,Coahuila
2020-03-12,0,0,0,2,2,0,Coahuila
2020-03-13,1,0,0,3,2,0,Coahuila
2020-03-14,0,0,0,3,2,0,Coahuila
2020-03-15,0,0,0,3,2,0,Coahuila
2020-03-16,2,1,0,5,3,0,Coahuila
2020-03-17,3,2,0,8,5,0,Coahuila
2020-03-18,4,2,0,12,7,0,Coahuila
2020-03-19,2,3,0,14,10,0,Coahuila
2020-03-20,6,4,0,20,14,0,Coahuila
2020-03-21,8,0,0,28,14,0,Coahuila
2020-03-22,3,0,0,31,14,0,Coahuila
2020-03-23,10,1,0,41,15,0,Coahuila
2020-03-24,7,5,0,48,20,0,Coahuila
2020-03-25,7,0,0,55,20,0,Coahuila
2020-03-26,10,3,0,65,23,0,Coahuila
2020-03-27,18,4,0,83,27,0,Coahuila
2020-03-28,15,4,1,98,31,1,Coahuila
2020-03-29,15,11,0,113,42,1,Coahuila
2020-03-30,21,18,1,134,60,2,Coahuila
2020-03-31,11,13,1,145,73,3,Coahuila
2020-04-01,13,18,0,158,91,3,Coahuila
2020-04-02,11,16,2,169,107,5,Coahuila
2020-04-03,10,21,1,179,128,6,Coahuila
2020-04-04,14,10,0,193,138,6,Coahuila
2020-04-05,7,4,2,200,142,8,Coahuila
2020-04-06,13,24,1,213,166,9,Coahuila
2020-04-07,12,7,4,225,173,13,Coahuila
2020-04-08,10,19,0,235,192,13,Coahuila
2020-04-09,7,7,1,242,199,14,Coahuila
2020-04-10,6,11,1,248,210,15,Coahuila
2020-04-11,7,7,0,255,217,15,Coahuila
2020-04-12,5,5,0,260,222,15,Coahuila
2020-04-13,8,13,0,268,235,15,Coahuila
2020-04-14,6,13,3,274,248,18,Coahuila
2020-04-15,4,13,1,278,261,19,Coahuila
2020-04-16,3,4,3,281,265,22,Coahuila
2020-04-17,1,8,0,282,273,22,Coahuila
2020-04-18,1,1,0,283,274,22,Coahuila
2020-04-19,1,2,1,284,276,23,Coahuila
2020-04-20,1,2,3,285,278,26,Coahuila
2020-04-21,5,12,1,290,290,27,Coahuila
2020-04-22,0,0,1,290,290,28,Coahuila
2020-04-23,0,0,1,290,290,29,Coahuila
2020-03-12,1,0,0,1,0,0,Colima
2020-03-13,0,0,0,1,0,0,Colima
2020-03-14,0,1,0,1,1,0,Colima
2020-03-15,1,0,0,2,1,0,Colima
2020-03-16,0,1,0,2,2,0,Colima
2020-03-17,0,0,0,2,2,0,Colima
2020-03-18,0,0,0,2,2,0,Colima
2020-03-19,0,0,0,2,2,0,Colima
2020-03-20,0,0,0,2,2,0,Colima
2020-03-21,0,0,0,2,2,0,Colima
2020-03-22,0,0,0,2,2,0,Colima
2020-03-23,0,0,0,2,2,0,Colima
2020-03-24,1,1,0,3,3,0,Colima
2020-03-25,1,0,0,4,3,0,Colima
2020-03-26,0,0,0,4,3,0,Colima
2020-03-27,0,0,0,4,3,0,Colima
2020-03-28,2,0,0,6,3,0,Colima
2020-03-29,1,0,0,7,3,0,Colima
2020-03-30,0,1,0,7,4,0,Colima
2020-03-31,0,1,0,7,5,0,Colima
2020-04-01,0,2,0,7,7,0,Colima
2020-04-02,0,0,0,7,7,0,Colima
2020-04-03,0,0,0,7,7,0,Colima
2020-04-04,0,0,0,7,7,0,Colima
2020-04-05,0,0,0,7,7,0,Colima
2020-04-06,1,0,0,8,7,0,Colima
2020-04-07,0,0,0,8,7,0,Colima
2020-04-08,0,0,0,8,7,0,Colima
2020-04-09,0,0,0,8,7,0,Colima
2020-04-10,0,0,0,8,7,0,Colima
2020-04-11,2,0,0,10,7,0,Colima
2020-04-12,2,2,0,12,9,0,Colima
2020-04-13,0,0,1,12,9,1,Colima
2020-04-14,0,0,0,12,9,1,Colima
2020-04-15,2,1,0,14,10,1,Colima
2020-04-16,0,1,1,14,11,2,Colima
2020-04-17,0,2,0,14,13,2,Colima
2020-04-18,1,1,0,15,14,2,Colima
2020-04-19,0,1,0,15,15,2,Colima
2020-04-20,0,0,0,15,15,2,Colima
2020-04-21,0,0,0,15,15,2,Colima
2020-04-22,0,0,0,15,15,2,Colima
2020-04-23,0,0,0,15,15,2,Colima
2020-02-25,1,0,0,1,0,0,Chiapas
2020-02-26,0,0,0,1,0,0,Chiapas
2020-02-27,0,0,0,1,0,0,Chiapas
2020-02-28,0,0,0,1,0,0,Chiapas
2020-02-29,0,1,0,1,1,0,Chiapas
2020-03-01,0,0,0,1,1,0,Chiapas
2020-03-02,0,0,0,1,1,0,Chiapas
2020-03-03,0,0,0,1,1,0,Chiapas
2020-03-04,0,0,0,1,1,0,Chiapas
2020-03-05,0,0,0,1,1,0,Chiapas
2020-03-06,0,0,0,1,1,0,Chiapas
2020-03-07,0,0,0,1,1,0,Chiapas
2020-03-08,0,0,0,1,1,0,Chiapas
2020-03-09,0,0,0,1,1,0,Chiapas
2020-03-10,0,0,0,1,1,0,Chiapas
2020-03-11,0,0,0,1,1,0,Chiapas
2020-03-12,0,0,0,1,1,0,Chiapas
2020-03-13,1,0,0,2,1,0,Chiapas
2020-03-14,1,0,0,3,1,0,Chiapas
2020-03-15,0,0,0,3,1,0,Chiapas
2020-03-16,0,0,0,3,1,0,Chiapas
2020-03-17,0,0,0,3,1,0,Chiapas
2020-03-18,0,1,0,3,2,0,Chiapas
2020-03-19,0,0,0,3,2,0,Chiapas
2020-03-20,2,0,0,5,2,0,Chiapas
2020-03-21,2,0,0,7,2,0,Chiapas
2020-03-22,3,0,0,10,2,0,Chiapas
2020-03-23,4,3,0,14,5,0,Chiapas
2020-03-24,1,0,0,15,5,0,Chiapas
2020-03-25,4,2,0,19,7,0,Chiapas
2020-03-26,0,0,0,19,7,0,Chiapas
2020-03-27,3,5,0,22,12,0,Chiapas
2020-03-28,4,1,0,26,13,0,Chiapas
2020-03-29,1,0,0,27,13,0,Chiapas
2020-03-30,1,1,0,28,14,0,Chiapas
2020-03-31,3,2,0,31,16,0,Chiapas
2020-04-01,2,4,0,33,20,0,Chiapas
2020-04-02,2,3,0,35,23,0,Chiapas
2020-04-03,4,5,0,39,28,0,Chiapas
2020-04-04,3,2,0,42,30,0,Chiapas
2020-04-05,1,1,0,43,31,0,Chiapas
2020-04-06,2,5,1,45,36,1,Chiapas
2020-04-07,5,2,0,50,38,1,Chiapas
2020-04-08,4,4,0,54,42,1,Chiapas
2020-04-09,1,3,1,55,45,2,Chiapas
2020-04-10,2,3,0,57,48,2,Chiapas
2020-04-11,5,0,1,62,48,3,Chiapas
2020-04-12,2,0,0,64,48,3,Chiapas
2020-04-13,6,6,0,70,54,3,Chiapas
2020-04-14,4,4,0,74,58,3,Chiapas
2020-04-15,7,4,0,81,62,3,Chiapas
2020-04-16,9,3,0,90,65,3,Chiapas
2020-04-17,3,8,0,93,73,3,Chiapas
2020-04-18,1,3,0,94,76,3,Chiapas
2020-04-19,1,5,1,95,81,4,Chiapas
2020-04-20,0,7,0,95,88,4,Chiapas
2020-04-21,0,6,0,95,94,4,Chiapas
2020-04-22,0,1,1,95,95,5,Chiapas
2020-04-23,0,0,0,95,95,5,Chiapas
2020-03-12,1,0,0,1,0,0,Chihuahua
2020-03-13,1,0,0,2,0,0,Chihuahua
2020-03-14,0,1,0,2,1,0,Chihuahua
2020-03-15,1,0,0,3,1,0,Chihuahua
2020-03-16,1,0,0,4,1,0,Chihuahua
2020-03-17,1,0,0,5,1,0,Chihuahua
2020-03-18,2,1,0,7,2,0,Chihuahua
2020-03-19,1,1,0,8,3,0,Chihuahua
2020-03-20,3,3,0,11,6,0,Chihuahua
2020-03-21,1,1,0,12,7,0,Chihuahua
2020-03-22,1,1,0,13,8,0,Chihuahua
2020-03-23,1,0,0,14,8,0,Chihuahua
2020-03-24,4,1,0,18,9,0,Chihuahua
2020-03-25,4,1,0,22,10,0,Chihuahua
2020-03-26,5,2,0,27,12,0,Chihuahua
2020-03-27,0,2,0,27,14,0,Chihuahua
2020-03-28,4,2,0,31,16,0,Chihuahua
2020-03-29,6,5,0,37,21,0,Chihuahua
2020-03-30,1,3,0,38,24,0,Chihuahua
2020-03-31,10,5,0,48,29,0,Chihuahua
2020-04-01,6,6,0,54,35,0,Chihuahua
2020-04-02,10,6,0,64,41,0,Chihuahua
2020-04-03,13,6,2,77,47,2,Chihuahua
2020-04-04,3,6,1,80,53,3,Chihuahua
2020-04-05,6,10,1,86,63,4,Chihuahua
2020-04-06,7,8,2,93,71,6,Chihuahua
2020-04-07,9,6,5,102,77,11,Chihuahua
2020-04-08,12,8,5,114,85,16,Chihuahua
2020-04-09,6,5,4,120,90,20,Chihuahua
2020-04-10,15,7,1,135,97,21,Chihuahua
2020-04-11,10,9,0,145,106,21,Chihuahua
2020-04-12,5,6,4,150,112,25,Chihuahua
2020-04-13,6,14,3,156,126,28,Chihuahua
2020-04-14,6,10,1,162,136,29,Chihuahua
2020-04-15,16,11,3,178,147,32,Chihuahua
2020-04-16,6,16,2,184,163,34,Chihuahua
2020-04-17,5,7,4,189,170,38,Chihuahua
2020-04-18,5,2,2,194,172,40,Chihuahua
2020-04-19,0,5,1,194,177,41,Chihuahua
2020-04-20,0,12,0,194,189,41,Chihuahua
2020-04-21,0,5,1,194,194,42,Chihuahua
2020-04-22,0,0,0,194,194,42,Chihuahua
2020-04-23,0,0,0,194,194,42,Chihuahua
2020-02-17,2,0,0,2,0,0,Ciudad de México
2020-02-18,0,0,0,2,0,0,Ciudad de México
2020-02-19,0,0,0,2,0,0,Ciudad de México
2020-02-20,0,0,0,2,0,0,Ciudad de México
2020-02-21,0,0,0,2,0,0,Ciudad de México
2020-02-22,1,0,0,3,0,0,Ciudad de México
2020-02-23,1,0,0,4,0,0,Ciudad de México
2020-02-24,0,0,0,4,0,0,Ciudad de México
2020-02-25,1,0,0,5,0,0,Ciudad de México
2020-02-26,1,0,0,6,0,0,Ciudad de México
2020-02-27,0,2,0,6,2,0,Ciudad de México
2020-02-28,2,0,0,8,2,0,Ciudad de México
2020-02-29,2,0,0,10,2,0,Ciudad de México
2020-03-01,2,0,0,12,2,0,Ciudad de México
2020-03-02,3,0,0,15,2,0,Ciudad de México
2020-03-03,4,0,0,19,2,0,Ciudad de México
2020-03-04,5,1,0,24,3,0,Ciudad de México
2020-03-05,0,1,0,24,4,0,Ciudad de México
2020-03-06,4,0,0,28,4,0,Ciudad de México
2020-03-07,8,0,0,36,4,0,Ciudad de México
2020-03-08,7,2,0,43,6,0,Ciudad de México
2020-03-09,22,0,0,65,6,0,Ciudad de México
2020-03-10,25,3,0,90,9,0,Ciudad de México
2020-03-11,22,17,0,112,26,0,Ciudad de México
2020-03-12,21,18,0,133,44,0,Ciudad de México
2020-03-13,35,27,0,168,71,0,Ciudad de México
2020-03-14,38,25,0,206,96,0,Ciudad de México
2020-03-15,36,16,0,242,112,0,Ciudad de México
2020-03-16,42,24,0,284,136,0,Ciudad de México
2020-03-17,27,36,0,311,172,0,Ciudad de México
2020-03-18,28,36,1,339,208,1,Ciudad de México
2020-03-19,33,46,0,372,254,1,Ciudad de México
2020-03-20,49,23,0,421,277,1,Ciudad de México
2020-03-21,23,12,0,444,289,1,Ciudad de México
2020-03-22,28,13,1,472,302,2,Ciudad de México
2020-03-23,44,27,1,516,329,3,Ciudad de México
2020-03-24,38,30,0,554,359,3,Ciudad de México
2020-03-25,47,21,1,601,380,4,Ciudad de México
2020-03-26,80,38,3,681,418,7,Ciudad de México
2020-03-27,63,40,3,744,458,10,Ciudad de México
2020-03-28,60,49,2,804,507,12,Ciudad de México
2020-03-29,53,44,2,857,551,14,Ciudad de México
2020-03-30,95,69,4,952,620,18,Ciudad de México
2020-03-31,73,46,7,1025,666,25,Ciudad de México
2020-04-01,117,61,6,1142,727,31,Ciudad de México
2020-04-02,109,63,5,1251,790,36,Ciudad de México
2020-04-03,107,80,7,1358,870,43,Ciudad de México
2020-04-04,122,50,6,1480,920,49,Ciudad de México
2020-04-05,122,56,3,1602,976,52,Ciudad de México
2020-04-06,151,117,14,1753,1093,66,Ciudad de México
2020-04-07,132,136,10,1885,1229,76,Ciudad de México
2020-04-08,143,132,6,2028,1361,82,Ciudad de México
2020-04-09,164,130,13,2192,1491,95,Ciudad de México
2020-04-10,266,138,20,2458,1629,115,Ciudad de México
2020-04-11,155,110,20,2613,1739,135,Ciudad de México
2020-04-12,158,119,7,2771,1858,142,Ciudad de México
2020-04-13,190,238,14,2961,2096,156,Ciudad de México
2020-04-14,150,242,17,3111,2338,173,Ciudad de México
2020-04-15,168,207,21,3279,2545,194,Ciudad de México
2020-04-16,110,226,20,3389,2771,214,Ciudad de México
2020-04-17,116,254,6,3505,3025,220,Ciudad de México
2020-04-18,95,139,15,3600,3164,235,Ciudad de México
2020-04-19,55,132,13,3655,3296,248,Ciudad de México
2020-04-20,21,260,9,3676,3556,257,Ciudad de México
2020-04-21,9,114,7,3685,3670,264,Ciudad de México
2020-04-22,0,15,4,3685,3685,268,Ciudad de México
2020-04-23,0,0,0,3685,3685,268,Ciudad de México
2020-03-06,1,0,0,1,0,0,Durango
2020-03-07,0,0,0,1,0,0,Durango
2020-03-08,0,0,0,1,0,0,Durango
2020-03-09,1,0,0,2,0,0,Durango
2020-03-10,0,0,0,2,0,0,Durango
2020-03-11,1,1,0,3,1,0,Durango
2020-03-12,0,0,0,3,1,0,Durango
2020-03-13,0,1,0,3,2,0,Durango
2020-03-14,0,1,0,3,3,0,Durango
2020-03-15,1,0,0,4,3,0,Durango
2020-03-16,0,0,0,4,3,0,Durango
2020-03-17,0,1,0,4,4,0,Durango
2020-03-18,2,1,1,6,5,1,Durango
2020-03-19,1,0,0,7,5,1,Durango
2020-03-20,0,0,0,7,5,1,Durango
2020-03-21,0,1,0,7,6,1,Durango
2020-03-22,0,0,0,7,6,1,Durango
2020-03-23,2,1,0,9,7,1,Durango
2020-03-24,1,1,1,10,8,2,Durango
2020-03-25,1,1,0,11,9,2,Durango
2020-03-26,0,0,0,11,9,2,Durango
2020-03-27,0,0,0,11,9,2,Durango
2020-03-28,1,0,0,12,9,2,Durango
2020-03-29,1,0,0,13,9,2,Durango
2020-03-30,1,2,0,14,11,2,Durango
2020-03-31,0,2,1,14,13,3,Durango
2020-04-01,0,1,1,14,14,4,Durango
2020-04-02,1,0,0,15,14,4,Durango
2020-04-03,1,1,0,16,15,4,Durango
2020-04-04,0,0,0,16,15,4,Durango
2020-04-05,0,0,0,16,15,4,Durango
2020-04-06,1,1,0,17,16,4,Durango
2020-04-07,0,0,0,17,16,4,Durango
2020-04-08,1,0,0,18,16,4,Durango
2020-04-09,0,0,0,18,16,4,Durango
2020-04-10,4,0,0,22,16,4,Durango
2020-04-11,4,0,0,26,16,4,Durango
2020-04-12,1,0,0,27,16,4,Durango
2020-04-13,3,0,0,30,16,4,Durango
2020-04-14,4,0,0,34,16,4,Durango
2020-04-15,0,2,0,34,18,4,Durango
2020-04-16,2,2,0,36,20,4,Durango
2020-04-17,0,0,0,36,20,4,Durango
2020-04-18,0,2,0,36,22,4,Durango
2020-04-19,1,10,0,37,32,4,Durango
2020-04-20,1,3,0,38,35,4,Durango
2020-04-21,1,4,1,39,39,5,Durango
2020-04-22,0,0,0,39,39,5,Durango
2020-04-23,0,0,0,39,39,5,Durango
2020-02-07,1,1,0,1,1,0,Guanajuato
2020-02-08,0,0,0,1,1,0,Guanajuato
2020-02-09,0,0,0,1,1,0,Guanajuato
2020-02-10,0,0,0,1,1,0,Guanajuato
2020-02-11,0,0,0,1,1,0,Guanajuato
2020-02-12,0,0,0,1,1,0,Guanajuato
2020-02-13,0,0,0,1,1,0,Guanajuato
2020-02-14,0,0,0,1,1,0,Guanajuato
2020-02-15,0,0,0,1,1,0,Guanajuato
2020-02-16,0,0,0,1,1,0,Guanajuato
2020-02-17,0,0,0,1,1,0,Guanajuato
2020-02-18,0,0,0,1,1,0,Guanajuato
2020-02-19,0,0,0,1,1,0,Guanajuato
2020-02-20,0,0,0,1,1,0,Guanajuato
2020-02-21,0,0,0,1,1,0,Guanajuato
2020-02-22,0,0,0,1,1,0,Guanajuato
2020-02-23,0,0,0,1,1,0,Guanajuato
2020-02-24,0,0,0,1,1,0,Guanajuato
2020-02-25,0,0,0,1,1,0,Guanajuato
2020-02-26,0,0,0,1,1,0,Guanajuato
2020-02-27,0,0,0,1,1,0,Guanajuato
2020-02-28,0,0,0,1,1,0,Guanajuato
2020-02-29,0,0,0,1,1,0,Guanajuato
2020-03-01,0,0,0,1,1,0,Guanajuato
2020-03-02,0,0,0,1,1,0,Guanajuato
2020-03-03,0,0,0,1,1,0,Guanajuato
2020-03-04,0,0,0,1,1,0,Guanajuato
2020-03-05,0,0,0,1,1,0,Guanajuato
2020-03-06,0,0,0,1,1,0,Guanajuato
2020-03-07,0,0,0,1,1,0,Guanajuato
2020-03-08,0,0,0,1,1,0,Guanajuato
2020-03-09,0,0,0,1,1,0,Guanajuato
2020-03-10,1,0,0,2,1,0,Guanajuato
2020-03-11,0,0,0,2,1,0,Guanajuato
2020-03-12,2,0,0,4,1,0,Guanajuato
2020-03-13,0,1,0,4,2,0,Guanajuato
2020-03-14,3,0,0,7,2,0,Guanajuato
2020-03-15,3,2,0,10,4,0,Guanajuato
2020-03-16,10,2,0,20,6,0,Guanajuato
2020-03-17,3,0,0,23,6,0,Guanajuato
2020-03-18,2,1,0,25,7,0,Guanajuato
2020-03-19,1,0,0,26,7,0,Guanajuato
2020-03-20,7,4,0,33,11,0,Guanajuato
2020-03-21,4,11,0,37,22,0,Guanajuato
2020-03-22,5,1,0,42,23,0,Guanajuato
2020-03-23,1,6,0,43,29,0,Guanajuato
2020-03-24,3,1,0,46,30,0,Guanajuato
2020-03-25,3,3,0,49,33,0,Guanajuato
2020-03-26,5,6,0,54,39,0,Guanajuato
2020-03-27,4,5,0,58,44,0,Guanajuato
2020-03-28,1,4,0,59,48,0,Guanajuato
2020-03-29,0,1,0,59,49,0,Guanajuato
2020-03-30,1,4,0,60,53,0,Guanajuato
2020-03-31,1,1,0,61,54,0,Guanajuato
2020-04-01,7,1,0,68,55,0,Guanajuato
2020-04-02,7,2,0,75,57,0,Guanajuato
2020-04-03,5,4,0,80,61,0,Guanajuato
2020-04-04,3,3,0,83,64,0,Guanajuato
2020-04-05,5,3,2,88,67,2,Guanajuato
2020-04-06,2,7,0,90,74,2,Guanajuato
2020-04-07,1,6,1,91,80,3,Guanajuato
2020-04-08,3,8,0,94,88,3,Guanajuato
2020-04-09,4,2,1,98,90,4,Guanajuato
2020-04-10,5,2,1,103,92,5,Guanajuato
2020-04-11,4,3,0,107,95,5,Guanajuato
2020-04-12,7,1,0,114,96,5,Guanajuato
2020-04-13,10,2,0,124,98,5,Guanajuato
2020-04-14,21,3,2,145,101,7,Guanajuato
2020-04-15,14,14,1,159,115,8,Guanajuato
2020-04-16,10,12,0,169,127,8,Guanajuato
2020-04-17,4,27,2,173,154,10,Guanajuato
2020-04-18,7,10,0,180,164,10,Guanajuato
2020-04-19,2,9,0,182,173,10,Guanajuato
2020-04-20,0,6,0,182,179,10,Guanajuato
2020-04-21,0,3,1,182,182,11,Guanajuato
2020-04-22,0,0,3,182,182,14,Guanajuato
2020-04-23,0,0,0,182,182,14,Guanajuato
2020-03-08,1,0,0,1,0,0,Guerrero
2020-03-09,1,0,0,2,0,0,Guerrero
2020-03-10,0,0,0,2,0,0,Guerrero
2020-03-11,0,0,0,2,0,0,Guerrero
2020-03-12,1,0,0,3,0,0,Guerrero
2020-03-13,1,2,0,4,2,0,Guerrero
2020-03-14,0,0,0,4,2,0,Guerrero
2020-03-15,2,0,0,6,2,0,Guerrero
2020-03-16,1,1,0,7,3,0,Guerrero
2020-03-17,1,2,0,8,5,0,Guerrero
2020-03-18,2,1,0,10,6,0,Guerrero
2020-03-19,2,0,0,12,6,0,Guerrero
2020-03-20,3,0,0,15,6,0,Guerrero
2020-03-21,3,1,0,18,7,0,Guerrero
2020-03-22,1,0,0,19,7,0,Guerrero
2020-03-23,3,1,0,22,8,0,Guerrero
2020-03-24,1,0,0,23,8,0,Guerrero
2020-03-25,1,3,0,24,11,0,Guerrero
2020-03-26,3,4,0,27,15,0,Guerrero
2020-03-27,1,3,0,28,18,0,Guerrero
2020-03-28,1,3,1,29,21,1,Guerrero
2020-03-29,2,1,0,31,22,1,Guerrero
2020-03-30,4,3,0,35,25,1,Guerrero
2020-03-31,5,5,0,40,30,1,Guerrero
2020-04-01,4,3,0,44,33,1,Guerrero
2020-04-02,5,1,0,49,34,1,Guerrero
2020-04-03,8,1,0,57,35,1,Guerrero
2020-04-04,10,2,2,67,37,3,Guerrero
2020-04-05,6,3,0,73,40,3,Guerrero
2020-04-06,8,8,2,81,48,5,Guerrero
2020-04-07,4,11,0,85,59,5,Guerrero
2020-04-08,12,6,0,97,65,5,Guerrero
2020-04-09,7,7,1,104,72,6,Guerrero
2020-04-10,9,4,0,113,76,6,Guerrero
2020-04-11,6,5,0,119,81,6,Guerrero
2020-04-12,5,11,1,124,92,7,Guerrero
2020-04-13,13,15,1,137,107,8,Guerrero
2020-04-14,2,6,1,139,113,9,Guerrero
2020-04-15,6,5,2,145,118,11,Guerrero
2020-04-16,3,10,0,148,128,11,Guerrero
2020-04-17,2,8,1,150,136,12,Guerrero
2020-04-18,4,4,2,154,140,14,Guerrero
2020-04-19,2,3,2,156,143,16,Guerrero
2020-04-20,1,12,1,157,155,17,Guerrero
2020-04-21,0,2,4,157,157,21,Guerrero
2020-04-22,0,0,1,157,157,22,Guerrero
2020-04-23,0,0,0,157,157,22,Guerrero
2020-03-07,1,0,0,1,0,0,Hidalgo
2020-03-08,1,0,0,2,0,0,Hidalgo
2020-03-09,0,0,0,2,0,0,Hidalgo
2020-03-10,0,0,0,2,0,0,Hidalgo
2020-03-11,0,0,0,2,0,0,Hidalgo
2020-03-12,1,0,0,3,0,0,Hidalgo
2020-03-13,2,0,0,5,0,0,Hidalgo
2020-03-14,1,0,0,6,0,0,Hidalgo
2020-03-15,0,1,0,6,1,0,Hidalgo
2020-03-16,1,0,0,7,1,0,Hidalgo
2020-03-17,0,2,0,7,3,0,Hidalgo
2020-03-18,2,0,0,9,3,0,Hidalgo
2020-03-19,1,0,0,10,3,0,Hidalgo
2020-03-20,3,3,0,13,6,0,Hidalgo
2020-03-21,1,3,0,14,9,0,Hidalgo
2020-03-22,0,0,0,14,9,0,Hidalgo
2020-03-23,5,1,0,19,10,0,Hidalgo
2020-03-24,3,0,0,22,10,0,Hidalgo
2020-03-25,3,4,0,25,14,0,Hidalgo
2020-03-26,2,4,0,27,18,0,Hidalgo
2020-03-27,4,4,1,31,22,1,Hidalgo
2020-03-28,1,0,1,32,22,2,Hidalgo
2020-03-29,4,2,0,36,24,2,Hidalgo
2020-03-30,6,7,1,42,31,3,Hidalgo
2020-03-31,4,6,0,46,37,3,Hidalgo
2020-04-01,1,3,0,47,40,3,Hidalgo
2020-04-02,0,1,0,47,41,3,Hidalgo
2020-04-03,4,2,2,51,43,5,Hidalgo
2020-04-04,1,2,0,52,45,5,Hidalgo
2020-04-05,4,2,0,56,47,5,Hidalgo
2020-04-06,6,1,0,62,48,5,Hidalgo
2020-04-07,1,2,0,63,50,5,Hidalgo
2020-04-08,3,2,2,66,52,7,Hidalgo
2020-04-09,1,0,0,67,52,7,Hidalgo
2020-04-10,6,8,0,73,60,7,Hidalgo
2020-04-11,7,3,1,80,63,8,Hidalgo
2020-04-12,5,5,0,85,68,8,Hidalgo
2020-04-13,10,4,0,95,72,8,Hidalgo
2020-04-14,3,2,2,98,74,10,Hidalgo
2020-04-15,3,3,2,101,77,12,Hidalgo
2020-04-16,6,3,0,107,80,12,Hidalgo
2020-04-17,2,8,0,109,88,12,Hidalgo
2020-04-18,5,4,2,114,92,14,Hidalgo
2020-04-19,0,11,1,114,103,15,Hidalgo
2020-04-20,1,6,0,115,109,15,Hidalgo
2020-04-21,0,6,0,115,115,15,Hidalgo
2020-04-22,0,0,0,115,115,15,Hidalgo
2020-04-23,0,0,0,115,115,15,Hidalgo
2020-03-01,2,0,0,2,0,0,Jalisco
2020-03-02,0,0,0,2,0,0,Jalisco
2020-03-03,0,0,0,2,0,0,Jalisco
2020-03-04,1,0,0,3,0,0,Jalisco
2020-03-05,0,0,0,3,0,0,Jalisco
2020-03-06,2,0,0,5,0,0,Jalisco
2020-03-07,1,0,0,6,0,0,Jalisco
2020-03-08,3,0,0,9,0,0,Jalisco
2020-03-09,3,0,0,12,0,0,Jalisco
2020-03-10,4,0,0,16,0,0,Jalisco
2020-03-11,5,1,0,21,1,0,Jalisco
2020-03-12,8,3,0,29,4,0,Jalisco
2020-03-13,7,2,0,36,6,0,Jalisco
2020-03-14,8,5,0,44,11,0,Jalisco
2020-03-15,3,1,0,47,12,0,Jalisco
2020-03-16,6,12,0,53,24,0,Jalisco
2020-03-17,12,6,0,65,30,0,Jalisco
2020-03-18,6,17,0,71,47,0,Jalisco
2020-03-19,0,8,0,71,55,0,Jalisco
2020-03-20,8,5,1,79,60,1,Jalisco
2020-03-21,10,1,0,89,61,1,Jalisco
2020-03-22,6,3,0,95,64,1,Jalisco
2020-03-23,5,8,0,100,72,1,Jalisco
2020-03-24,4,7,0,104,79,1,Jalisco
2020-03-25,4,7,0,108,86,1,Jalisco
2020-03-26,1,6,2,109,92,3,Jalisco
2020-03-27,8,7,0,117,99,3,Jalisco
2020-03-28,2,2,0,119,101,3,Jalisco
2020-03-29,4,2,0,123,103,3,Jalisco
2020-03-30,8,7,0,131,110,3,Jalisco
2020-03-31,5,7,1,136,117,4,Jalisco
2020-04-01,3,2,0,139,119,4,Jalisco
2020-04-02,8,8,2,147,127,6,Jalisco
2020-04-03,8,11,0,155,138,6,Jalisco
2020-04-04,4,1,0,159,139,6,Jalisco
2020-04-05,3,2,1,162,141,7,Jalisco
2020-04-06,6,3,0,168,144,7,Jalisco
2020-04-07,10,5,1,178,149,8,Jalisco
2020-04-08,9,10,1,187,159,9,Jalisco
2020-04-09,7,5,0,194,164,9,Jalisco
2020-04-10,8,8,1,202,172,10,Jalisco
2020-04-11,4,5,1,206,177,11,Jalisco
2020-04-12,5,5,0,211,182,11,Jalisco
2020-04-13,8,11,0,219,193,11,Jalisco
2020-04-14,8,4,0,227,197,11,Jalisco
2020-04-15,5,10,0,232,207,11,Jalisco
2020-04-16,8,8,1,240,215,12,Jalisco
2020-04-17,6,12,1,246,227,13,Jalisco
2020-04-18,4,6,0,250,233,13,Jalisco
2020-04-19,2,3,1,252,236,14,Jalisco
2020-04-20,4,10,1,256,246,15,Jalisco
2020-04-21,0,9,1,256,255,16,Jalisco
2020-04-22,0,1,3,256,256,19,Jalisco
2020-04-23,0,0,0,256,256,19,Jalisco
2020-02-19,1,0,0,1,0,0,México
2020-02-20,0,0,0,1,0,0,México
2020-02-21,1,0,0,2,0,0,México
2020-02-22,0,0,0,2,0,0,México
2020-02-23,0,0,0,2,0,0,México
2020-02-24,0,0,0,2,0,0,México
2020-02-25,0,0,0,2,0,0,México
2020-02-26,0,0,0,2,0,0,México
2020-02-27,0,0,0,2,0,0,México
2020-02-28,0,1,0,2,1,0,México
2020-02-29,0,0,0,2,1,0,México
2020-03-01,0,0,0,2,1,0,México
2020-03-02,2,0,0,4,1,0,México
2020-03-03,1,0,0,5,1,0,México
2020-03-04,0,1,0,5,2,0,México
2020-03-05,3,0,0,8,2,0,México
2020-03-06,1,0,0,9,2,0,México
2020-03-07,5,0,0,14,2,0,México
2020-03-08,1,1,0,15,3,0,México
2020-03-09,8,1,0,23,4,0,México
2020-03-10,2,2,0,25,6,0,México
2020-03-11,2,1,0,27,7,0,México
2020-03-12,3,1,0,30,8,0,México
2020-03-13,8,11,0,38,19,0,México
2020-03-14,5,2,0,43,21,0,México
2020-03-15,11,4,0,54,25,0,México
2020-03-16,15,6,0,69,31,0,México
2020-03-17,6,2,0,75,33,0,México
2020-03-18,10,2,0,85,35,0,México
2020-03-19,9,6,0,94,41,0,México
2020-03-20,17,10,0,111,51,0,México
2020-03-21,12,6,0,123,57,0,México
2020-03-22,18,3,0,141,60,0,México
2020-03-23,21,9,0,162,69,0,México
2020-03-24,25,25,0,187,94,0,México
2020-03-25,22,24,0,209,118,0,México
2020-03-26,31,28,0,240,146,0,México
2020-03-27,33,36,0,273,182,0,México
2020-03-28,22,15,2,295,197,2,México
2020-03-29,23,7,1,318,204,3,México
2020-03-30,47,45,0,365,249,3,México
2020-03-31,34,27,1,399,276,4,México
2020-04-01,51,34,0,450,310,4,México
2020-04-02,29,34,4,479,344,8,México
2020-04-03,41,37,3,520,381,11,México
2020-04-04,49,26,3,569,407,14,México
2020-04-05,35,27,3,604,434,17,México
2020-04-06,65,50,4,669,484,21,México
2020-04-07,41,44,8,710,528,29,México
2020-04-08,61,59,4,771,587,33,México
2020-04-09,49,29,1,820,616,34,México
2020-04-10,77,54,3,897,670,37,México
2020-04-11,71,42,7,968,712,44,México
2020-04-12,64,41,8,1032,753,52,México
2020-04-13,70,91,6,1102,844,58,México
2020-04-14,48,76,6,1150,920,64,México
2020-04-15,43,106,7,1193,1026,71,México
2020-04-16,33,76,3,1226,1102,74,México
2020-04-17,10,57,5,1236,1159,79,México
2020-04-18,5,53,6,1241,1212,85,México
2020-04-19,2,22,4,1243,1234,89,México
2020-04-20,1,5,3,1244,1239,92,México
2020-04-21,1,4,2,1245,1243,94,México
2020-04-22,0,2,1,1245,1245,95,México
2020-04-23,0,0,0,1245,1245,95,México
2020-03-09,1,0,0,1,0,0,Michoacán
2020-03-10,0,0,0,1,0,0,Michoacán
2020-03-11,0,0,0,1,0,0,Michoacán
2020-03-12,0,0,0,1,0,0,Michoacán
2020-03-13,0,0,0,1,0,0,Michoacán
2020-03-14,0,0,0,1,0,0,Michoacán
2020-03-15,8,0,0,9,0,0,Michoacán
2020-03-16,1,0,0,10,0,0,Michoacán
2020-03-17,2,0,0,12,0,0,Michoacán
2020-03-18,4,1,0,16,1,0,Michoacán
2020-03-19,0,1,0,16,2,0,Michoacán
2020-03-20,1,2,0,17,4,0,Michoacán
2020-03-21,0,5,0,17,9,0,Michoacán
2020-03-22,4,0,0,21,9,0,Michoacán
2020-03-23,4,3,0,25,12,0,Michoacán
2020-03-24,2,3,0,27,15,0,Michoacán
2020-03-25,4,2,0,31,17,0,Michoacán
2020-03-26,2,3,1,33,20,1,Michoacán
2020-03-27,3,1,0,36,21,1,Michoacán
2020-03-28,1,2,0,37,23,1,Michoacán
2020-03-29,1,3,0,38,26,1,Michoacán
2020-03-30,2,0,0,40,26,1,Michoacán
2020-03-31,1,4,0,41,30,1,Michoacán
2020-04-01,9,2,0,50,32,1,Michoacán
2020-04-02,3,0,0,53,32,1,Michoacán
2020-04-03,2,6,1,55,38,2,Michoacán
2020-04-04,3,2,2,58,40,4,Michoacán
2020-04-05,6,2,0,64,42,4,Michoacán
2020-04-06,5,6,1,69,48,5,Michoacán
2020-04-07,14,6,0,83,54,5,Michoacán
2020-04-08,8,4,1,91,58,6,Michoacán
2020-04-09,7,9,1,98,67,7,Michoacán
2020-04-10,10,2,1,108,69,8,Michoacán
2020-04-11,8,2,1,116,71,9,Michoacán
2020-04-12,9,4,0,125,75,9,Michoacán
2020-04-13,13,13,4,138,88,13,Michoacán
2020-04-14,6,15,1,144,103,14,Michoacán
2020-04-15,5,9,0,149,112,14,Michoacán
2020-04-16,6,7,2,155,119,16,Michoacán
2020-04-17,8,12,0,163,131,16,Michoacán
2020-04-18,3,7,1,166,138,17,Michoacán
2020-04-19,1,10,3,167,148,20,Michoacán
2020-04-20,1,18,4,168,166,24,Michoacán
2020-04-21,0,1,0,168,167,24,Michoacán
2020-04-22,0,1,0,168,168,24,Michoacán
2020-04-23,0,0,0,168,168,24,Michoacán
2020-03-14,1,0,0,1,0,0,Morelos
2020-03-15,0,0,0,1,0,0,Morelos
2020-03-16,1,0,0,2,0,0,Morelos
2020-03-17,1,1,0,3,1,0,Morelos
2020-03-18,0,1,0,3,2,0,Morelos
2020-03-19,1,0,0,4,2,0,Morelos
2020-03-20,1,0,0,5,2,0,Morelos
2020-03-21,2,1,0,7,3,0,Morelos
2020-03-22,2,0,0,9,3,0,Morelos
2020-03-23,3,2,0,12,5,0,Morelos
2020-03-24,0,3,0,12,8,0,Morelos
2020-03-25,0,0,0,12,8,0,Morelos
2020-03-26,2,0,0,14,8,0,Morelos
2020-03-27,1,0,0,15,8,0,Morelos
2020-03-28,2,1,1,17,9,1,Morelos
2020-03-29,1,0,1,18,9,2,Morelos
2020-03-30,5,2,0,23,11,2,Morelos
2020-03-31,3,1,1,26,12,3,Morelos
2020-04-01,8,3,1,34,15,4,Morelos
2020-04-02,4,7,0,38,22,4,Morelos
2020-04-03,3,1,0,41,23,4,Morelos
2020-04-04,5,2,0,46,25,4,Morelos
2020-04-05,6,3,0,52,28,4,Morelos
2020-04-06,2,7,1,54,35,5,Morelos
2020-04-07,2,7,1,56,42,6,Morelos
2020-04-08,6,6,1,62,48,7,Morelos
2020-04-09,1,5,0,63,53,7,Morelos
2020-04-10,8,1,0,71,54,7,Morelos
2020-04-11,4,1,0,75,55,7,Morelos
2020-04-12,5,3,0,80,58,7,Morelos
2020-04-13,11,6,3,91,64,10,Morelos
2020-04-14,6,8,0,97,72,10,Morelos
2020-04-15,5,6,1,102,78,11,Morelos
2020-04-16,3,8,0,105,86,11,Morelos
2020-04-17,4,5,2,109,91,13,Morelos
2020-04-18,3,2,0,112,93,13,Morelos
2020-04-19,0,6,3,112,99,16,Morelos
2020-04-20,0,10,2,112,109,18,Morelos
2020-04-21,0,3,0,112,112,18,Morelos
2020-04-22,0,0,2,112,112,20,Morelos
2020-04-23,0,0,0,112,112,20,Morelos
2020-01-06,1,1,0,1,1,0,Nayarit
2020-01-07,0,0,0,1,1,0,Nayarit
2020-01-08,0,0,0,1,1,0,Nayarit
2020-01-09,0,0,0,1,1,0,Nayarit
2020-01-10,0,0,0,1,1,0,Nayarit
2020-01-11,0,0,0,1,1,0,Nayarit
2020-01-12,0,0,0,1,1,0,Nayarit
2020-01-13,0,0,0,1,1,0,Nayarit
2020-01-14,0,0,0,1,1,0,Nayarit
2020-01-15,0,0,0,1,1,0,Nayarit
2020-01-16,0,0,0,1,1,0,Nayarit
2020-01-17,0,0,0,1,1,0,Nayarit
2020-01-18,0,0,0,1,1,0,Nayarit
2020-01-19,0,0,0,1,1,0,Nayarit
2020-01-20,0,0,0,1,1,0,Nayarit
2020-01-21,0,0,0,1,1,0,Nayarit
2020-01-22,0,0,0,1,1,0,Nayarit
2020-01-23,0,0,0,1,1,0,Nayarit
2020-01-24,0,0,0,1,1,0,Nayarit
2020-01-25,0,0,0,1,1,0,Nayarit
2020-01-26,0,0,0,1,1,0,Nayarit
2020-01-27,0,0,0,1,1,0,Nayarit
2020-01-28,0,0,0,1,1,0,Nayarit
2020-01-29,0,0,0,1,1,0,Nayarit
2020-01-30,0,0,0,1,1,0,Nayarit
2020-01-31,0,0,0,1,1,0,Nayarit
2020-02-01,0,0,0,1,1,0,Nayarit
2020-02-02,0,0,0,1,1,0,Nayarit
2020-02-03,0,0,0,1,1,0,Nayarit
2020-02-04,0,0,0,1,1,0,Nayarit
2020-02-05,0,0,0,1,1,0,Nayarit
2020-02-06,0,0,0,1,1,0,Nayarit
2020-02-07,0,0,0,1,1,0,Nayarit
2020-02-08,0,0,0,1,1,0,Nayarit
2020-02-09,0,0,0,1,1,0,Nayarit
2020-02-10,0,0,0,1,1,0,Nayarit
2020-02-11,0,0,0,1,1,0,Nayarit
2020-02-12,0,0,0,1,1,0,Nayarit
2020-02-13,0,0,0,1,1,0,Nayarit
2020-02-14,0,0,0,1,1,0,Nayarit
2020-02-15,0,0,0,1,1,0,Nayarit
2020-02-16,0,0,0,1,1,0,Nayarit
2020-02-17,0,0,0,1,1,0,Nayarit
2020-02-18,0,0,0,1,1,0,Nayarit
2020-02-19,0,0,0,1,1,0,Nayarit
2020-02-20,0,0,0,1,1,0,Nayarit
2020-02-21,0,0,0,1,1,0,Nayarit
2020-02-22,0,0,0,1,1,0,Nayarit
2020-02-23,0,0,0,1,1,0,Nayarit
2020-02-24,0,0,0,1,1,0,Nayarit
2020-02-25,0,0,0,1,1,0,Nayarit
2020-02-26,0,0,0,1,1,0,Nayarit
2020-02-27,0,0,0,1,1,0,Nayarit
2020-02-28,0,0,0,1,1,0,Nayarit
2020-02-29,0,0,0,1,1,0,Nayarit
2020-03-01,0,0,0,1,1,0,Nayarit
2020-03-02,0,0,0,1,1,0,Nayarit
2020-03-03,0,0,0,1,1,0,Nayarit
2020-03-04,0,0,0,1,1,0,Nayarit
2020-03-05,0,0,0,1,1,0,Nayarit
2020-03-06,0,0,0,1,1,0,Nayarit
2020-03-07,0,0,0,1,1,0,Nayarit
2020-03-08,0,0,0,1,1,0,Nayarit
2020-03-09,0,0,0,1,1,0,Nayarit
2020-03-10,1,0,0,2,1,0,Nayarit
2020-03-11,0,0,0,2,1,0,Nayarit
2020-03-12,0,0,0,2,1,0,Nayarit
2020-03-13,0,0,0,2,1,0,Nayarit
2020-03-14,0,0,0,2,1,0,Nayarit
2020-03-15,0,0,0,2,1,0,Nayarit
2020-03-16,0,0,0,2,1,0,Nayarit
2020-03-17,1,0,0,3,1,0,Nayarit
2020-03-18,0,1,0,3,2,0,Nayarit
2020-03-19,1,1,0,4,3,0,Nayarit
2020-03-20,0,0,0,4,3,0,Nayarit
2020-03-21,1,0,0,5,3,0,Nayarit
2020-03-22,0,0,0,5,3,0,Nayarit
2020-03-23,0,1,0,5,4,0,Nayarit
2020-03-24,2,3,0,7,7,0,Nayarit
2020-03-25,0,0,0,7,7,0,Nayarit
2020-03-26,0,0,0,7,7,0,Nayarit
2020-03-27,2,0,0,9,7,0,Nayarit
2020-03-28,1,1,0,10,8,0,Nayarit
2020-03-29,0,0,0,10,8,0,Nayarit
2020-03-30,0,0,1,10,8,1,Nayarit
2020-03-31,3,2,0,13,10,1,Nayarit
2020-04-01,2,0,0,15,10,1,Nayarit
2020-04-02,3,0,0,18,10,1,Nayarit
2020-04-03,1,1,0,19,11,1,Nayarit
2020-04-04,2,4,0,21,15,1,Nayarit
2020-04-05,4,2,0,25,17,1,Nayarit
2020-04-06,1,2,0,26,19,1,Nayarit
2020-04-07,1,2,0,27,21,1,Nayarit
2020-04-08,2,1,2,29,22,3,Nayarit
2020-04-09,1,2,1,30,24,4,Nayarit
2020-04-10,3,0,0,33,24,4,Nayarit
2020-04-11,1,2,0,34,26,4,Nayarit
2020-04-12,1,3,1,35,29,5,Nayarit
2020-04-13,3,2,0,38,31,5,Nayarit
2020-04-14,3,2,0,41,33,5,Nayarit
2020-04-15,1,2,0,42,35,5,Nayarit
2020-04-16,2,3,0,44,38,5,Nayarit
2020-04-17,4,3,1,48,41,6,Nayarit
2020-04-18,1,2,0,49,43,6,Nayarit
2020-04-19,0,2,0,49,45,6,Nayarit
2020-04-20,0,1,1,49,46,7,Nayarit
2020-04-21,0,1,0,49,47,7,Nayarit
2020-04-22,0,2,0,49,49,7,Nayarit
2020-04-23,0,0,0,49,49,7,Nayarit
2020-03-02,1,0,0,1,0,0,Nuevo León
2020-03-03,0,0,0,1,0,0,Nuevo León
2020-03-04,1,0,0,2,0,0,Nuevo León
2020-03-05,1,0,0,3,0,0,Nuevo León
2020-03-06,1,0,0,4,0,0,Nuevo León
2020-03-07,2,0,0,6,0,0,Nuevo León
2020-03-08,0,0,0,6,0,0,Nuevo León
2020-03-09,9,0,0,15,0,0,Nuevo León
2020-03-10,2,2,0,17,2,0,Nuevo León
2020-03-11,5,4,0,22,6,0,Nuevo León
2020-03-12,2,0,0,24,6,0,Nuevo León
2020-03-13,6,5,0,30,11,0,Nuevo León
2020-03-14,8,6,0,38,17,0,Nuevo León
2020-03-15,7,0,0,45,17,0,Nuevo León
2020-03-16,3,6,0,48,23,0,Nuevo León
2020-03-17,8,6,0,56,29,0,Nuevo León
2020-03-18,6,9,0,62,38,0,Nuevo León
2020-03-19,5,4,0,67,42,0,Nuevo León
2020-03-20,5,12,0,72,54,0,Nuevo León
2020-03-21,3,4,0,75,58,0,Nuevo León
2020-03-22,4,4,0,79,62,0,Nuevo León
2020-03-23,3,5,0,82,67,0,Nuevo León
2020-03-24,1,5,0,83,72,0,Nuevo León
2020-03-25,3,0,0,86,72,0,Nuevo León
2020-03-26,3,2,0,89,74,0,Nuevo León
2020-03-27,2,8,0,91,82,0,Nuevo León
2020-03-28,1,2,0,92,84,0,Nuevo León
2020-03-29,2,3,0,94,87,0,Nuevo León
2020-03-30,5,5,0,99,92,0,Nuevo León
2020-03-31,7,0,0,106,92,0,Nuevo León
2020-04-01,6,1,0,112,93,0,Nuevo León
2020-04-02,11,5,0,123,98,0,Nuevo León
2020-04-03,7,1,3,130,99,3,Nuevo León
2020-04-04,2,3,0,132,102,3,Nuevo León
2020-04-05,8,2,1,140,104,4,Nuevo León
2020-04-06,9,12,0,149,116,4,Nuevo León
2020-04-07,12,6,2,161,122,6,Nuevo León
2020-04-08,11,7,0,172,129,6,Nuevo León
2020-04-09,12,2,0,184,131,6,Nuevo León
2020-04-10,23,22,0,207,153,6,Nuevo León
2020-04-11,14,8,0,221,161,6,Nuevo León
2020-04-12,7,15,0,228,176,6,Nuevo León
2020-04-13,7,18,0,235,194,6,Nuevo León
2020-04-14,6,13,0,241,207,6,Nuevo León
2020-04-15,4,11,0,245,218,6,Nuevo León
2020-04-16,4,9,0,249,227,6,Nuevo León
2020-04-17,5,5,0,254,232,6,Nuevo León
2020-04-18,2,5,0,256,237,6,Nuevo León
2020-04-19,1,1,0,257,238,6,Nuevo León
2020-04-20,1,11,1,258,249,7,Nuevo León
2020-04-21,1,10,0,259,259,7,Nuevo León
2020-04-22,0,0,0,259,259,7,Nuevo León
2020-04-23,0,0,0,259,259,7,Nuevo León
2020-03-09,1,0,0,1,0,0,Oaxaca
2020-03-10,1,0,0,2,0,0,Oaxaca
2020-03-11,0,0,0,2,0,0,Oaxaca
2020-03-12,1,0,0,3,0,0,Oaxaca
2020-03-13,0,2,0,3,2,0,Oaxaca
2020-03-14,0,0,0,3,2,0,Oaxaca
2020-03-15,0,0,0,3,2,0,Oaxaca
2020-03-16,1,0,0,4,2,0,Oaxaca
2020-03-17,0,0,0,4,2,0,Oaxaca
2020-03-18,0,0,0,4,2,0,Oaxaca
2020-03-19,2,1,0,6,3,0,Oaxaca
2020-03-20,3,0,0,9,3,0,Oaxaca
2020-03-21,1,1,0,10,4,0,Oaxaca
2020-03-22,1,1,0,11,5,0,Oaxaca
2020-03-23,4,2,0,15,7,0,Oaxaca
2020-03-24,1,1,0,16,8,0,Oaxaca
2020-03-25,1,3,0,17,11,0,Oaxaca
2020-03-26,3,3,0,20,14,0,Oaxaca
2020-03-27,3,1,0,23,15,0,Oaxaca
2020-03-28,4,1,0,27,16,0,Oaxaca
2020-03-29,3,2,1,30,18,1,Oaxaca
2020-03-30,3,2,0,33,20,1,Oaxaca
2020-03-31,1,5,0,34,25,1,Oaxaca
2020-04-01,0,1,0,34,26,1,Oaxaca
2020-04-02,0,0,0,34,26,1,Oaxaca
2020-04-03,5,3,0,39,29,1,Oaxaca
2020-04-04,2,2,0,41,31,1,Oaxaca
2020-04-05,3,2,0,44,33,1,Oaxaca
2020-04-06,5,6,0,49,39,1,Oaxaca
2020-04-07,1,0,0,50,39,1,Oaxaca
2020-04-08,1,4,0,51,43,1,Oaxaca
2020-04-09,5,0,1,56,43,2,Oaxaca
2020-04-10,7,2,0,63,45,2,Oaxaca
2020-04-11,0,2,2,63,47,4,Oaxaca
2020-04-12,3,2,0,66,49,4,Oaxaca
2020-04-13,0,4,0,66,53,4,Oaxaca
2020-04-14,9,4,1,75,57,5,Oaxaca
2020-04-15,8,5,0,83,62,5,Oaxaca
2020-04-16,1,4,0,84,66,5,Oaxaca
2020-04-17,0,8,1,84,74,6,Oaxaca
2020-04-18,1,2,0,85,76,6,Oaxaca
2020-04-19,1,1,0,86,77,6,Oaxaca
2020-04-20,0,4,1,86,81,7,Oaxaca
2020-04-21,0,2,1,86,83,8,Oaxaca
2020-04-22,0,3,1,86,86,9,Oaxaca
2020-04-23,0,0,0,86,86,9,Oaxaca
2020-03-05,2,0,0,2,0,0,Puebla
2020-03-06,0,0,0,2,0,0,Puebla
2020-03-07,0,0,0,2,0,0,Puebla
2020-03-08,2,0,0,4,0,0,Puebla
2020-03-09,4,0,0,8,0,0,Puebla
2020-03-10,3,0,0,11,0,0,Puebla
2020-03-11,2,1,0,13,1,0,Puebla
2020-03-12,1,1,0,14,2,0,Puebla
2020-03-13,4,4,0,18,6,0,Puebla
2020-03-14,4,2,0,22,8,0,Puebla
2020-03-15,3,3,0,25,11,0,Puebla
2020-03-16,11,2,0,36,13,0,Puebla
2020-03-17,5,4,0,41,17,0,Puebla
2020-03-18,6,3,0,47,20,0,Puebla
2020-03-19,1,5,0,48,25,0,Puebla
2020-03-20,10,5,0,58,30,0,Puebla
2020-03-21,8,3,0,66,33,0,Puebla
2020-03-22,9,1,0,75,34,0,Puebla
2020-03-23,14,8,0,89,42,0,Puebla
2020-03-24,7,15,0,96,57,0,Puebla
2020-03-25,4,6,0,100,63,0,Puebla
2020-03-26,6,14,0,106,77,0,Puebla
2020-03-27,13,8,1,119,85,1,Puebla
2020-03-28,25,12,1,144,97,2,Puebla
2020-03-29,24,4,0,168,101,2,Puebla
2020-03-30,17,13,0,185,114,2,Puebla
2020-03-31,9,22,1,194,136,3,Puebla
2020-04-01,16,13,1,210,149,4,Puebla
2020-04-02,22,16,1,232,165,5,Puebla
2020-04-03,16,14,1,248,179,6,Puebla
2020-04-04,12,10,2,260,189,8,Puebla
2020-04-05,11,6,3,271,195,11,Puebla
2020-04-06,16,22,4,287,217,15,Puebla
2020-04-07,5,11,7,292,228,22,Puebla
2020-04-08,7,19,1,299,247,23,Puebla
2020-04-09,8,11,1,307,258,24,Puebla
2020-04-10,15,9,4,322,267,28,Puebla
2020-04-11,12,11,4,334,278,32,Puebla
2020-04-12,14,4,2,348,282,34,Puebla
2020-04-13,23,20,2,371,302,36,Puebla
2020-04-14,9,11,4,380,313,40,Puebla
2020-04-15,8,21,1,388,334,41,Puebla
2020-04-16,9,12,4,397,346,45,Puebla
2020-04-17,12,15,2,409,361,47,Puebla
2020-04-18,2,22,5,411,383,52,Puebla
2020-04-19,3,9,4,414,392,56,Puebla
2020-04-20,1,18,3,415,410,59,Puebla
2020-04-21,0,5,1,415,415,60,Puebla
2020-04-22,0,0,1,415,415,61,Puebla
2020-04-23,0,0,0,415,415,61,Puebla
2020-03-05,1,0,0,1,0,0,Querétaro
2020-03-06,0,0,0,1,0,0,Querétaro
2020-03-07,0,0,0,1,0,0,Querétaro
2020-03-08,1,0,0,2,0,0,Querétaro
2020-03-09,1,0,0,3,0,0,Querétaro
2020-03-10,4,2,0,7,2,0,Querétaro
2020-03-11,1,1,0,8,3,0,Querétaro
2020-03-12,0,1,0,8,4,0,Querétaro
2020-03-13,1,2,0,9,6,0,Querétaro
2020-03-14,1,1,0,10,7,0,Querétaro
2020-03-15,1,0,0,11,7,0,Querétaro
2020-03-16,4,0,0,15,7,0,Querétaro
2020-03-17,3,2,0,18,9,0,Querétaro
2020-03-18,2,2,0,20,11,0,Querétaro
2020-03-19,0,3,0,20,14,0,Querétaro
2020-03-20,3,1,0,23,15,0,Querétaro
2020-03-21,2,1,0,25,16,0,Querétaro
2020-03-22,2,0,0,27,16,0,Querétaro
2020-03-23,2,3,0,29,19,0,Querétaro
2020-03-24,0,4,0,29,23,0,Querétaro
2020-03-25,3,2,0,32,25,0,Querétaro
2020-03-26,4,1,0,36,26,0,Querétaro
2020-03-27,2,3,0,38,29,0,Querétaro
2020-03-28,2,0,1,40,29,1,Querétaro
2020-03-29,1,1,0,41,30,1,Querétaro
2020-03-30,1,2,0,42,32,1,Querétaro
2020-03-31,1,4,0,43,36,1,Querétaro
2020-04-01,4,4,0,47,40,1,Querétaro
2020-04-02,2,1,1,49,41,2,Querétaro
2020-04-03,4,4,0,53,45,2,Querétaro
2020-04-04,3,1,0,56,46,2,Querétaro
2020-04-05,2,0,0,58,46,2,Querétaro
2020-04-06,3,4,0,61,50,2,Querétaro
2020-04-07,3,4,0,64,54,2,Querétaro
2020-04-08,1,3,0,65,57,2,Querétaro
2020-04-09,1,3,0,66,60,2,Querétaro
2020-04-10,4,2,1,70,62,3,Querétaro
2020-04-11,5,2,1,75,64,4,Querétaro
2020-04-12,6,1,0,81,65,4,Querétaro
2020-04-13,1,6,0,82,71,4,Querétaro
2020-04-14,3,7,1,85,78,5,Querétaro
2020-04-15,4,2,1,89,80,6,Querétaro
2020-04-16,1,5,0,90,85,6,Querétaro
2020-04-17,1,3,0,91,88,6,Querétaro
2020-04-18,2,1,0,93,89,6,Querétaro
2020-04-19,1,0,0,94,89,6,Querétaro
2020-04-20,0,3,0,94,92,6,Querétaro
2020-04-21,0,0,1,94,92,7,Querétaro
2020-04-22,0,2,0,94,94,7,Querétaro
2020-04-23,0,0,0,94,94,7,Querétaro
2020-03-01,1,0,0,1,0,0,Quintana Roo
2020-03-02,0,0,0,1,0,0,Quintana Roo
2020-03-03,0,0,0,1,0,0,Quintana Roo
2020-03-04,0,0,0,1,0,0,Quintana Roo
2020-03-05,0,0,0,1,0,0,Quintana Roo
2020-03-06,0,0,0,1,0,0,Quintana Roo
2020-03-07,0,0,0,1,0,0,Quintana Roo
2020-03-08,1,0,0,2,0,0,Quintana Roo
2020-03-09,1,0,0,3,0,0,Quintana Roo
2020-03-10,0,0,0,3,0,0,Quintana Roo
2020-03-11,3,0,0,6,0,0,Quintana Roo
2020-03-12,1,1,0,7,1,0,Quintana Roo
2020-03-13,3,0,0,10,1,0,Quintana Roo
2020-03-14,4,4,0,14,5,0,Quintana Roo
2020-03-15,6,0,0,20,5,0,Quintana Roo
2020-03-16,2,3,0,22,8,0,Quintana Roo
2020-03-17,4,4,0,26,12,0,Quintana Roo
2020-03-18,7,1,0,33,13,0,Quintana Roo
2020-03-19,4,5,0,37,18,0,Quintana Roo
2020-03-20,8,2,0,45,20,0,Quintana Roo
2020-03-21,10,3,0,55,23,0,Quintana Roo
2020-03-22,6,4,0,61,27,0,Quintana Roo
2020-03-23,10,5,0,71,32,0,Quintana Roo
2020-03-24,6,9,0,77,41,0,Quintana Roo
2020-03-25,12,11,0,89,52,0,Quintana Roo
2020-03-26,6,9,1,95,61,1,Quintana Roo
2020-03-27,21,7,1,116,68,2,Quintana Roo
2020-03-28,16,7,1,132,75,3,Quintana Roo
2020-03-29,18,3,0,150,78,3,Quintana Roo
2020-03-30,16,21,0,166,99,3,Quintana Roo
2020-03-31,13,14,2,179,113,5,Quintana Roo
2020-04-01,19,22,1,198,135,6,Quintana Roo
2020-04-02,15,12,2,213,147,8,Quintana Roo
2020-04-03,18,13,2,231,160,10,Quintana Roo
2020-04-04,13,8,1,244,168,11,Quintana Roo
2020-04-05,24,10,1,268,178,12,Quintana Roo
2020-04-06,25,30,2,293,208,14,Quintana Roo
2020-04-07,13,18,2,306,226,16,Quintana Roo
2020-04-08,18,26,3,324,252,19,Quintana Roo
2020-04-09,20,9,4,344,261,23,Quintana Roo
2020-04-10,17,22,2,361,283,25,Quintana Roo
2020-04-11,20,16,2,381,299,27,Quintana Roo
2020-04-12,15,20,4,396,319,31,Quintana Roo
2020-04-13,12,19,5,408,338,36,Quintana Roo
2020-04-14,11,13,3,419,351,39,Quintana Roo
2020-04-15,10,17,0,429,368,39,Quintana Roo
2020-04-16,14,23,1,443,391,40,Quintana Roo
2020-04-17,7,25,3,450,416,43,Quintana Roo
2020-04-18,6,16,4,456,432,47,Quintana Roo
2020-04-19,4,9,4,460,441,51,Quintana Roo
2020-04-20,1,18,6,461,459,57,Quintana Roo
2020-04-21,0,2,2,461,461,59,Quintana Roo
2020-04-22,0,0,2,461,461,61,Quintana Roo
2020-04-23,0,0,0,461,461,61,Quintana Roo
2020-03-07,1,0,0,1,0,0,San Luis Potosí
2020-03-08,0,0,0,1,0,0,San Luis Potosí
2020-03-09,1,0,0,2,0,0,San Luis Potosí
2020-03-10,0,0,0,2,0,0,San Luis Potosí
2020-03-11,1,0,0,3,0,0,San Luis Potosí
2020-03-12,1,0,0,4,0,0,San Luis Potosí
2020-03-13,0,2,0,4,2,0,San Luis Potosí
2020-03-14,1,0,0,5,2,0,San Luis Potosí
2020-03-15,4,0,0,9,2,0,San Luis Potosí
2020-03-16,2,1,0,11,3,0,San Luis Potosí
2020-03-17,1,5,0,12,8,0,San Luis Potosí
2020-03-18,4,1,0,16,9,0,San Luis Potosí
2020-03-19,2,3,0,18,12,0,San Luis Potosí
2020-03-20,1,3,0,19,15,0,San Luis Potosí
2020-03-21,2,4,0,21,19,0,San Luis Potosí
2020-03-22,3,1,0,24,20,0,San Luis Potosí
2020-03-23,0,2,0,24,22,0,San Luis Potosí
2020-03-24,5,0,1,29,22,1,San Luis Potosí
2020-03-25,3,0,1,32,22,2,San Luis Potosí
2020-03-26,1,1,0,33,23,2,San Luis Potosí
2020-03-27,3,6,0,36,29,2,San Luis Potosí
2020-03-28,1,0,0,37,29,2,San Luis Potosí
2020-03-29,2,6,0,39,35,2,San Luis Potosí
2020-03-30,1,3,1,40,38,3,San Luis Potosí
2020-03-31,4,2,0,44,40,3,San Luis Potosí
2020-04-01,2,0,0,46,40,3,San Luis Potosí
2020-04-02,4,0,0,50,40,3,San Luis Potosí
2020-04-03,4,0,0,54,40,3,San Luis Potosí
2020-04-04,3,3,0,57,43,3,San Luis Potosí
2020-04-05,0,1,0,57,44,3,San Luis Potosí
2020-04-06,1,3,1,58,47,4,San Luis Potosí
2020-04-07,0,4,0,58,51,4,San Luis Potosí
2020-04-08,1,1,0,59,52,4,San Luis Potosí
2020-04-09,1,4,0,60,56,4,San Luis Potosí
2020-04-10,2,1,0,62,57,4,San Luis Potosí
2020-04-11,0,2,0,62,59,4,San Luis Potosí
2020-04-12,1,0,0,63,59,4,San Luis Potosí
2020-04-13,3,1,0,66,60,4,San Luis Potosí
2020-04-14,4,0,0,70,60,4,San Luis Potosí
2020-04-15,1,2,0,71,62,4,San Luis Potosí
2020-04-16,1,2,0,72,64,4,San Luis Potosí
2020-04-17,0,7,1,72,71,5,San Luis Potosí
2020-04-18,1,1,1,73,72,6,San Luis Potosí
2020-04-19,0,0,0,73,72,6,San Luis Potosí
2020-04-20,0,0,0,73,72,6,San Luis Potosí
2020-04-21,0,1,0,73,73,6,San Luis Potosí
2020-04-22,0,0,0,73,73,6,San Luis Potosí
2020-04-23,0,0,0,73,73,6,San Luis Potosí
2020-02-22,1,0,0,1,0,0,Sinaloa
2020-02-23,0,0,0,1,0,0,Sinaloa
2020-02-24,0,0,0,1,0,0,Sinaloa
2020-02-25,0,0,0,1,0,0,Sinaloa
2020-02-26,0,0,0,1,0,0,Sinaloa
2020-02-27,0,1,0,1,1,0,Sinaloa
2020-02-28,0,0,0,1,1,0,Sinaloa
2020-02-29,0,0,0,1,1,0,Sinaloa
2020-03-01,1,0,0,2,1,0,Sinaloa
2020-03-02,0,0,0,2,1,0,Sinaloa
2020-03-03,0,0,0,2,1,0,Sinaloa
2020-03-04,0,0,0,2,1,0,Sinaloa
2020-03-05,0,0,0,2,1,0,Sinaloa
2020-03-06,0,0,0,2,1,0,Sinaloa
2020-03-07,0,0,0,2,1,0,Sinaloa
2020-03-08,0,0,0,2,1,0,Sinaloa
2020-03-09,1,0,0,3,1,0,Sinaloa
2020-03-10,0,0,0,3,1,0,Sinaloa
2020-03-11,0,0,0,3,1,0,Sinaloa
2020-03-12,1,0,0,4,1,0,Sinaloa
2020-03-13,0,1,0,4,2,0,Sinaloa
2020-03-14,2,0,0,6,2,0,Sinaloa
2020-03-15,1,0,0,7,2,0,Sinaloa
2020-03-16,3,1,0,10,3,0,Sinaloa
2020-03-17,2,1,0,12,4,0,Sinaloa
2020-03-18,1,0,0,13,4,0,Sinaloa
2020-03-19,3,0,0,16,4,0,Sinaloa
2020-03-20,5,1,0,21,5,0,Sinaloa
2020-03-21,6,0,0,27,5,0,Sinaloa
2020-03-22,6,1,0,33,6,0,Sinaloa
2020-03-23,16,2,0,49,8,0,Sinaloa
2020-03-24,12,5,0,61,13,0,Sinaloa
2020-03-25,9,7,0,70,20,0,Sinaloa
2020-03-26,11,9,1,81,29,1,Sinaloa
2020-03-27,13,9,0,94,38,1,Sinaloa
2020-03-28,10,5,1,104,43,2,Sinaloa
2020-03-29,15,6,1,119,49,3,Sinaloa
2020-03-30,16,11,0,135,60,3,Sinaloa
2020-03-31,24,15,1,159,75,4,Sinaloa
2020-04-01,18,14,2,177,89,6,Sinaloa
2020-04-02,22,28,3,199,117,9,Sinaloa
2020-04-03,27,9,2,226,126,11,Sinaloa
2020-04-04,24,10,2,250,136,13,Sinaloa
2020-04-05,21,15,0,271,151,13,Sinaloa
2020-04-06,30,29,1,301,180,14,Sinaloa
2020-04-07,28,20,2,329,200,16,Sinaloa
2020-04-08,37,31,2,366,231,18,Sinaloa
2020-04-09,30,11,5,396,242,23,Sinaloa
2020-04-10,44,33,6,440,275,29,Sinaloa
2020-04-11,31,22,4,471,297,33,Sinaloa
2020-04-12,29,21,3,500,318,36,Sinaloa
2020-04-13,26,41,5,526,359,41,Sinaloa
2020-04-14,25,43,4,551,402,45,Sinaloa
2020-04-15,17,48,3,568,450,48,Sinaloa
2020-04-16,14,40,0,582,490,48,Sinaloa
2020-04-17,17,33,2,599,523,50,Sinaloa
2020-04-18,6,23,1,605,546,51,Sinaloa
2020-04-19,9,26,3,614,572,54,Sinaloa
2020-04-20,2,32,6,616,604,60,Sinaloa
2020-04-21,0,11,2,616,615,62,Sinaloa
2020-04-22,0,1,0,616,616,62,Sinaloa
2020-04-23,0,0,0,616,616,62,Sinaloa
2020-03-11,2,0,0,2,0,0,Sonora
2020-03-12,2,0,0,4,0,0,Sonora
2020-03-13,0,0,0,4,0,0,Sonora
2020-03-14,0,0,0,4,0,0,Sonora
2020-03-15,1,1,0,5,1,0,Sonora
2020-03-16,2,0,0,7,1,0,Sonora
2020-03-17,3,2,0,10,3,0,Sonora
2020-03-18,1,1,0,11,4,0,Sonora
2020-03-19,2,0,0,13,4,0,Sonora
2020-03-20,1,1,0,14,5,0,Sonora
2020-03-21,0,1,0,14,6,0,Sonora
2020-03-22,2,0,0,16,6,0,Sonora
2020-03-23,3,2,0,19,8,0,Sonora
2020-03-24,2,3,0,21,11,0,Sonora
2020-03-25,1,2,0,22,13,0,Sonora
2020-03-26,3,0,0,25,13,0,Sonora
2020-03-27,3,3,0,28,16,0,Sonora
2020-03-28,5,3,0,33,19,0,Sonora
2020-03-29,0,0,0,33,19,0,Sonora
2020-03-30,1,1,1,34,20,1,Sonora
2020-03-31,4,5,0,38,25,1,Sonora
2020-04-01,7,1,0,45,26,1,Sonora
2020-04-02,2,2,0,47,28,1,Sonora
2020-04-03,5,1,0,52,29,1,Sonora
2020-04-04,7,5,0,59,34,1,Sonora
2020-04-05,6,2,1,65,36,2,Sonora
2020-04-06,17,12,1,82,48,3,Sonora
2020-04-07,4,8,1,86,56,4,Sonora
2020-04-08,4,9,1,90,65,5,Sonora
2020-04-09,9,4,1,99,69,6,Sonora
2020-04-10,11,4,0,110,73,6,Sonora
2020-04-11,3,4,1,113,77,7,Sonora
2020-04-12,3,3,3,116,80,10,Sonora
2020-04-13,4,13,0,120,93,10,Sonora
2020-04-14,2,4,1,122,97,11,Sonora
2020-04-15,1,8,1,123,105,12,Sonora
2020-04-16,1,7,0,124,112,12,Sonora
2020-04-17,1,2,1,125,114,13,Sonora
2020-04-18,2,8,0,127,122,13,Sonora
2020-04-19,0,2,0,127,124,13,Sonora
2020-04-20,0,3,1,127,127,14,Sonora
2020-04-21,0,0,1,127,127,15,Sonora
2020-04-22,0,0,1,127,127,16,Sonora
2020-04-23,0,0,0,127,127,16,Sonora
2020-03-09,3,0,0,3,0,0,Tabasco
2020-03-10,2,0,0,5,0,0,Tabasco
2020-03-11,0,0,0,5,0,0,Tabasco
2020-03-12,0,0,0,5,0,0,Tabasco
2020-03-13,2,0,0,7,0,0,Tabasco
2020-03-14,2,0,0,9,0,0,Tabasco
2020-03-15,1,0,0,10,0,0,Tabasco
2020-03-16,3,0,0,13,0,0,Tabasco
2020-03-17,2,1,0,15,1,0,Tabasco
2020-03-18,5,2,0,20,3,0,Tabasco
2020-03-19,8,2,0,28,5,0,Tabasco
2020-03-20,4,2,0,32,7,0,Tabasco
2020-03-21,5,0,0,37,7,0,Tabasco
2020-03-22,3,0,0,40,7,0,Tabasco
2020-03-23,7,3,0,47,10,0,Tabasco
2020-03-24,6,10,0,53,20,0,Tabasco
2020-03-25,11,3,0,64,23,0,Tabasco
2020-03-26,6,5,0,70,28,0,Tabasco
2020-03-27,6,10,0,76,38,0,Tabasco
2020-03-28,16,1,0,92,39,0,Tabasco
2020-03-29,12,9,0,104,48,0,Tabasco
2020-03-30,12,9,0,116,57,0,Tabasco
2020-03-31,8,11,1,124,68,1,Tabasco
2020-04-01,13,8,3,137,76,4,Tabasco
2020-04-02,16,15,0,153,91,4,Tabasco
2020-04-03,13,20,1,166,111,5,Tabasco
2020-04-04,23,3,0,189,114,5,Tabasco
2020-04-05,17,8,3,206,122,8,Tabasco
2020-04-06,27,6,2,233,128,10,Tabasco
2020-04-07,29,12,0,262,140,10,Tabasco
2020-04-08,27,18,1,289,158,11,Tabasco
2020-04-09,37,12,1,326,170,12,Tabasco
2020-04-10,41,13,0,367,183,12,Tabasco
2020-04-11,20,13,1,387,196,13,Tabasco
2020-04-12,29,26,2,416,222,15,Tabasco
2020-04-13,33,29,4,449,251,19,Tabasco
2020-04-14,43,45,5,492,296,24,Tabasco
2020-04-15,26,35,3,518,331,27,Tabasco
2020-04-16,15,37,3,533,368,30,Tabasco
2020-04-17,16,40,10,549,408,40,Tabasco
2020-04-18,19,41,9,568,449,49,Tabasco
2020-04-19,16,35,7,584,484,56,Tabasco
2020-04-20,4,46,4,588,530,60,Tabasco
2020-04-21,2,35,2,590,565,62,Tabasco
2020-04-22,2,27,5,592,592,67,Tabasco
2020-04-23,0,0,0,592,592,67,Tabasco
2020-03-13,1,0,0,1,0,0,Tamaulipas
2020-03-14,2,0,0,3,0,0,Tamaulipas
2020-03-15,0,1,0,3,1,0,Tamaulipas
2020-03-16,3,1,0,6,2,0,Tamaulipas
2020-03-17,0,0,0,6,2,0,Tamaulipas
2020-03-18,0,0,0,6,2,0,Tamaulipas
2020-03-19,0,1,0,6,3,0,Tamaulipas
2020-03-20,3,1,0,9,4,0,Tamaulipas
2020-03-21,1,0,0,10,4,0,Tamaulipas
2020-03-22,1,1,0,11,5,0,Tamaulipas
2020-03-23,1,1,0,12,6,0,Tamaulipas
2020-03-24,1,1,0,13,7,0,Tamaulipas
2020-03-25,1,0,0,14,7,0,Tamaulipas
2020-03-26,4,0,0,18,7,0,Tamaulipas
2020-03-27,3,1,0,21,8,0,Tamaulipas
2020-03-28,1,1,0,22,9,0,Tamaulipas
2020-03-29,0,3,0,22,12,0,Tamaulipas
2020-03-30,9,4,0,31,16,0,Tamaulipas
2020-03-31,4,4,0,35,20,0,Tamaulipas
2020-04-01,5,5,0,40,25,0,Tamaulipas
2020-04-02,4,1,0,44,26,0,Tamaulipas
2020-04-03,1,4,1,45,30,1,Tamaulipas
2020-04-04,7,3,1,52,33,2,Tamaulipas
2020-04-05,3,1,0,55,34,2,Tamaulipas
2020-04-06,3,8,1,58,42,3,Tamaulipas
2020-04-07,6,4,0,64,46,3,Tamaulipas
2020-04-08,3,3,0,67,49,3,Tamaulipas
2020-04-09,3,2,0,70,51,3,Tamaulipas
2020-04-10,5,3,0,75,54,3,Tamaulipas
2020-04-11,8,1,0,83,55,3,Tamaulipas
2020-04-12,8,7,0,91,62,3,Tamaulipas
2020-04-13,21,5,0,112,67,3,Tamaulipas
2020-04-14,12,16,1,124,83,4,Tamaulipas
2020-04-15,8,14,1,132,97,5,Tamaulipas
2020-04-16,15,23,0,147,120,5,Tamaulipas
2020-04-17,16,16,1,163,136,6,Tamaulipas
2020-04-18,12,7,0,175,143,6,Tamaulipas
2020-04-19,5,5,0,180,148,6,Tamaulipas
2020-04-20,5,19,3,185,167,9,Tamaulipas
2020-04-21,3,14,0,188,181,9,Tamaulipas
2020-04-22,3,10,0,191,191,9,Tamaulipas
2020-04-23,0,0,0,191,191,9,Tamaulipas
2020-03-16,2,0,0,2,0,0,Tlaxcala
2020-03-17,1,0,0,3,0,0,Tlaxcala
2020-03-18,0,0,0,3,0,0,Tlaxcala
2020-03-19,0,0,0,3,0,0,Tlaxcala
2020-03-20,0,0,0,3,0,0,Tlaxcala
2020-03-21,0,0,0,3,0,0,Tlaxcala
2020-03-22,1,0,0,4,0,0,Tlaxcala
2020-03-23,1,2,0,5,2,0,Tlaxcala
2020-03-24,2,2,0,7,4,0,Tlaxcala
2020-03-25,2,0,0,9,4,0,Tlaxcala
2020-03-26,0,0,0,9,4,0,Tlaxcala
2020-03-27,1,1,0,10,5,0,Tlaxcala
2020-03-28,9,2,0,19,7,0,Tlaxcala
2020-03-29,2,0,0,21,7,0,Tlaxcala
2020-03-30,4,1,0,25,8,0,Tlaxcala
2020-03-31,3,0,0,28,8,0,Tlaxcala
2020-04-01,5,4,0,33,12,0,Tlaxcala
2020-04-02,4,1,0,37,13,0,Tlaxcala
2020-04-03,5,0,0,42,13,0,Tlaxcala
2020-04-04,8,2,0,50,15,0,Tlaxcala
2020-04-05,2,5,0,52,20,0,Tlaxcala
2020-04-06,4,8,0,56,28,0,Tlaxcala
2020-04-07,4,7,0,60,35,0,Tlaxcala
2020-04-08,8,6,1,68,41,1,Tlaxcala
2020-04-09,2,1,0,70,42,1,Tlaxcala
2020-04-10,10,7,0,80,49,1,Tlaxcala
2020-04-11,1,7,0,81,56,1,Tlaxcala
2020-04-12,1,1,3,82,57,4,Tlaxcala
2020-04-13,3,7,0,85,64,4,Tlaxcala
2020-04-14,7,6,1,92,70,5,Tlaxcala
2020-04-15,4,4,0,96,74,5,Tlaxcala
2020-04-16,6,5,0,102,79,5,Tlaxcala
2020-04-17,4,5,1,106,84,6,Tlaxcala
2020-04-18,1,5,0,107,89,6,Tlaxcala
2020-04-19,0,8,2,107,97,8,Tlaxcala
2020-04-20,0,9,0,107,106,8,Tlaxcala
2020-04-21,0,1,1,107,107,9,Tlaxcala
2020-04-22,0,0,1,107,107,10,Tlaxcala
2020-04-23,0,0,0,107,107,10,Tlaxcala
2020-01-08,1,1,0,1,1,0,Veracruz
2020-01-09,0,0,0,1,1,0,Veracruz
2020-01-10,0,0,0,1,1,0,Veracruz
2020-01-11,0,0,0,1,1,0,Veracruz
2020-01-12,0,0,0,1,1,0,Veracruz
2020-01-13,0,0,0,1,1,0,Veracruz
2020-01-14,0,0,0,1,1,0,Veracruz
2020-01-15,0,0,0,1,1,0,Veracruz
2020-01-16,0,0,0,1,1,0,Veracruz
2020-01-17,0,0,0,1,1,0,Veracruz
2020-01-18,0,0,0,1,1,0,Veracruz
2020-01-19,0,0,0,1,1,0,Veracruz
2020-01-20,0,0,0,1,1,0,Veracruz
2020-01-21,0,0,0,1,1,0,Veracruz
2020-01-22,0,0,0,1,1,0,Veracruz
2020-01-23,0,0,0,1,1,0,Veracruz
2020-01-24,0,0,0,1,1,0,Veracruz
2020-01-25,0,0,0,1,1,0,Veracruz
2020-01-26,0,0,0,1,1,0,Veracruz
2020-01-27,0,0,0,1,1,0,Veracruz
2020-01-28,0,0,0,1,1,0,Veracruz
2020-01-29,0,0,0,1,1,0,Veracruz
2020-01-30,0,0,0,1,1,0,Veracruz
2020-01-31,0,0,0,1,1,0,Veracruz
2020-02-01,0,0,0,1,1,0,Veracruz
2020-02-02,0,0,0,1,1,0,Veracruz
2020-02-03,0,0,0,1,1,0,Veracruz
2020-02-04,0,0,0,1,1,0,Veracruz
2020-02-05,0,0,0,1,1,0,Veracruz
2020-02-06,0,0,0,1,1,0,Veracruz
2020-02-07,0,0,0,1,1,0,Veracruz
2020-02-08,0,0,0,1,1,0,Veracruz
2020-02-09,0,0,0,1,1,0,Veracruz
2020-02-10,0,0,0,1,1,0,Veracruz
2020-02-11,0,0,0,1,1,0,Veracruz
2020-02-12,0,0,0,1,1,0,Veracruz
2020-02-13,0,0,0,1,1,0,Veracruz
2020-02-14,0,0,0,1,1,0,Veracruz
2020-02-15,0,0,0,1,1,0,Veracruz
2020-02-16,0,0,0,1,1,0,Veracruz
2020-02-17,0,0,0,1,1,0,Veracruz
2020-02-18,0,0,0,1,1,0,Veracruz
2020-02-19,0,0,0,1,1,0,Veracruz
2020-02-20,0,0,0,1,1,0,Veracruz
2020-02-21,0,0,0,1,1,0,Veracruz
2020-02-22,0,0,0,1,1,0,Veracruz
2020-02-23,0,0,0,1,1,0,Veracruz
2020-02-24,0,0,0,1,1,0,Veracruz
2020-02-25,0,0,0,1,1,0,Veracruz
2020-02-26,0,0,0,1,1,0,Veracruz
2020-02-27,0,0,0,1,1,0,Veracruz
2020-02-28,0,0,0,1,1,0,Veracruz
2020-02-29,0,0,0,1,1,0,Veracruz
2020-03-01,0,0,0,1,1,0,Veracruz
2020-03-02,0,0,0,1,1,0,Veracruz
2020-03-03,1,0,0,2,1,0,Veracruz
2020-03-04,0,0,0,2,1,0,Veracruz
2020-03-05,0,0,0,2,1,0,Veracruz
2020-03-06,0,0,0,2,1,0,Veracruz
2020-03-07,0,0,0,2,1,0,Veracruz
2020-03-08,0,0,0,2,1,0,Veracruz
2020-03-09,0,0,0,2,1,0,Veracruz
2020-03-10,0,0,0,2,1,0,Veracruz
2020-03-11,0,0,0,2,1,0,Veracruz
2020-03-12,4,0,0,6,1,0,Veracruz
2020-03-13,0,0,0,6,1,0,Veracruz
2020-03-14,3,0,0,9,1,0,Veracruz
2020-03-15,2,2,0,11,3,0,Veracruz
2020-03-16,2,0,0,13,3,0,Veracruz
2020-03-17,2,0,0,15,3,0,Veracruz
2020-03-18,4,7,0,19,10,0,Veracruz
2020-03-19,2,5,0,21,15,0,Veracruz
2020-03-20,7,1,0,28,16,0,Veracruz
2020-03-21,1,1,0,29,17,0,Veracruz
2020-03-22,1,0,0,30,17,0,Veracruz
2020-03-23,5,4,0,35,21,0,Veracruz
2020-03-24,0,2,0,35,23,0,Veracruz
2020-03-25,3,2,0,38,25,0,Veracruz
2020-03-26,4,4,0,42,29,0,Veracruz
2020-03-27,4,1,0,46,30,0,Veracruz
2020-03-28,1,1,1,47,31,1,Veracruz
2020-03-29,4,1,0,51,32,1,Veracruz
2020-03-30,4,3,0,55,35,1,Veracruz
2020-03-31,4,2,0,59,37,1,Veracruz
2020-04-01,3,7,1,62,44,2,Veracruz
2020-04-02,10,5,0,72,49,2,Veracruz
2020-04-03,6,6,1,78,55,3,Veracruz
2020-04-04,4,2,0,82,57,3,Veracruz
2020-04-05,6,2,0,88,59,3,Veracruz
2020-04-06,8,5,0,96,64,3,Veracruz
2020-04-07,12,9,0,108,73,3,Veracruz
2020-04-08,14,4,0,122,77,3,Veracruz
2020-04-09,11,9,1,133,86,4,Veracruz
2020-04-10,13,7,0,146,93,4,Veracruz
2020-04-11,14,9,0,160,102,4,Veracruz
2020-04-12,15,9,3,175,111,7,Veracruz
2020-04-13,20,11,1,195,122,8,Veracruz
2020-04-14,9,11,1,204,133,9,Veracruz
2020-04-15,15,12,0,219,145,9,Veracruz
2020-04-16,7,22,1,226,167,10,Veracruz
2020-04-17,0,29,1,226,196,11,Veracruz
2020-04-18,1,12,2,227,208,13,Veracruz
2020-04-19,3,13,4,230,221,17,Veracruz
2020-04-20,0,8,2,230,229,19,Veracruz
2020-04-21,0,1,2,230,230,21,Veracruz
2020-04-22,0,0,0,230,230,21,Veracruz
2020-04-23,0,0,0,230,230,21,Veracruz
2020-02-19,1,0,0,1,0,0,Yucatán
2020-02-20,0,0,0,1,0,0,Yucatán
2020-02-21,0,0,0,1,0,0,Yucatán
2020-02-22,0,0,0,1,0,0,Yucatán
2020-02-23,0,0,0,1,0,0,Yucatán
2020-02-24,0,0,0,1,0,0,Yucatán
2020-02-25,0,0,0,1,0,0,Yucatán
2020-02-26,0,0,0,1,0,0,Yucatán
2020-02-27,0,0,0,1,0,0,Yucatán
2020-02-28,0,0,0,1,0,0,Yucatán
2020-02-29,0,0,0,1,0,0,Yucatán
2020-03-01,0,0,0,1,0,0,Yucatán
2020-03-02,0,0,0,1,0,0,Yucatán
2020-03-03,0,0,0,1,0,0,Yucatán
2020-03-04,0,0,0,1,0,0,Yucatán
2020-03-05,0,0,0,1,0,0,Yucatán
2020-03-06,0,0,0,1,0,0,Yucatán
2020-03-07,1,0,0,2,0,0,Yucatán
2020-03-08,4,1,0,6,1,0,Yucatán
2020-03-09,1,0,0,7,1,0,Yucatán
2020-03-10,2,0,0,9,1,0,Yucatán
2020-03-11,3,0,0,12,1,0,Yucatán
2020-03-12,1,1,0,13,2,0,Yucatán
2020-03-13,5,0,0,18,2,0,Yucatán
2020-03-14,3,0,0,21,2,0,Yucatán
2020-03-15,1,4,0,22,6,0,Yucatán
2020-03-16,2,2,0,24,8,0,Yucatán
2020-03-17,5,6,0,29,14,0,Yucatán
2020-03-18,5,0,0,34,14,0,Yucatán
2020-03-19,7,2,0,41,16,0,Yucatán
2020-03-20,3,3,0,44,19,0,Yucatán
2020-03-21,4,0,0,48,19,0,Yucatán
2020-03-22,4,8,0,52,27,0,Yucatán
2020-03-23,3,5,0,55,32,0,Yucatán
2020-03-24,2,8,0,57,40,0,Yucatán
2020-03-25,1,3,0,58,43,0,Yucatán
2020-03-26,2,0,0,60,43,0,Yucatán
2020-03-27,4,3,0,64,46,0,Yucatán
2020-03-28,3,4,0,67,50,0,Yucatán
2020-03-29,6,2,0,73,52,0,Yucatán
2020-03-30,5,7,0,78,59,0,Yucatán
2020-03-31,5,1,0,83,60,0,Yucatán
2020-04-01,4,8,0,87,68,0,Yucatán
2020-04-02,5,2,0,92,70,0,Yucatán
2020-04-03,10,6,2,102,76,2,Yucatán
2020-04-04,6,1,0,108,77,2,Yucatán
2020-04-05,3,5,0,111,82,2,Yucatán
2020-04-06,10,9,1,121,91,3,Yucatán
2020-04-07,8,9,2,129,100,5,Yucatán
2020-04-08,11,5,0,140,105,5,Yucatán
2020-04-09,2,9,0,142,114,5,Yucatán
2020-04-10,5,4,2,147,118,7,Yucatán
2020-04-11,16,7,0,163,125,7,Yucatán
2020-04-12,16,4,0,179,129,7,Yucatán
2020-04-13,13,13,0,192,142,7,Yucatán
2020-04-14,9,19,0,201,161,7,Yucatán
2020-04-15,9,22,3,210,183,10,Yucatán
2020-04-16,7,10,1,217,193,11,Yucatán
2020-04-17,5,12,1,222,205,12,Yucatán
2020-04-18,4,4,0,226,209,12,Yucatán
2020-04-19,4,4,1,230,213,13,Yucatán
2020-04-20,4,13,1,234,226,14,Yucatán
2020-04-21,0,8,3,234,234,17,Yucatán
2020-04-22,0,0,1,234,234,18,Yucatán
2020-04-23,0,0,0,234,234,18,Yucatán
2020-03-09,1,0,0,1,0,0,Zacatecas
2020-03-10,0,0,0,1,0,0,Zacatecas
2020-03-11,0,0,0,1,0,0,Zacatecas
2020-03-12,1,0,0,2,0,0,Zacatecas
2020-03-13,0,0,0,2,0,0,Zacatecas
2020-03-14,0,0,0,2,0,0,Zacatecas
2020-03-15,0,0,0,2,0,0,Zacatecas
2020-03-16,1,1,0,3,1,0,Zacatecas
2020-03-17,0,0,0,3,1,0,Zacatecas
2020-03-18,1,0,0,4,1,0,Zacatecas
2020-03-19,3,0,0,7,1,0,Zacatecas
2020-03-20,0,1,0,7,2,0,Zacatecas
2020-03-21,2,1,0,9,3,0,Zacatecas
2020-03-22,1,1,0,10,4,0,Zacatecas
2020-03-23,0,0,0,10,4,0,Zacatecas
2020-03-24,0,1,0,10,5,0,Zacatecas
2020-03-25,0,0,0,10,5,0,Zacatecas
2020-03-26,0,0,0,10,5,0,Zacatecas
2020-03-27,0,3,0,10,8,0,Zacatecas
2020-03-28,0,1,0,10,9,0,Zacatecas
2020-03-29,0,0,0,10,9,0,Zacatecas
2020-03-30,0,0,0,10,9,0,Zacatecas
2020-03-31,2,0,1,12,9,1,Zacatecas
2020-04-01,0,0,0,12,9,1,Zacatecas
2020-04-02,2,1,0,14,10,1,Zacatecas
2020-04-03,2,0,0,16,10,1,Zacatecas
2020-04-04,0,1,1,16,11,2,Zacatecas
2020-04-05,0,1,0,16,12,2,Zacatecas
2020-04-06,0,1,0,16,13,2,Zacatecas
2020-04-07,1,0,0,17,13,2,Zacatecas
2020-04-08,6,2,0,23,15,2,Zacatecas
2020-04-09,1,1,0,24,16,2,Zacatecas
2020-04-10,4,0,0,28,16,2,Zacatecas
2020-04-11,4,2,0,32,18,2,Zacatecas
2020-04-12,2,1,0,34,19,2,Zacatecas
2020-04-13,2,0,0,36,19,2,Zacatecas
2020-04-14,2,1,0,38,20,2,Zacatecas
2020-04-15,1,6,0,39,26,2,Zacatecas
2020-04-16,6,2,0,45,28,2,Zacatecas
2020-04-17,1,2,0,46,30,2,Zacatecas
2020-04-18,1,7,0,47,37,2,Zacatecas
2020-04-19,0,1,1,47,38,3,Zacatecas
2020-04-20,0,8,0,47,46,3,Zacatecas
2020-04-21,0,1,0,47,47,3,Zacatecas
2020-04-22,0,0,0,47,47,3,Zacatecas
2020-04-23,0,0,0,47,47,3,Zacatecas
