fecha,sintomas_nuevos,ingreso_nuevos,muertes_nuevas,sintomas_acumulados,ingreso_acumulados,muertes_acumuladas,estado
2020-03-10,1,0,0,1,0,0,Aguascalientes
2020-03-11,0,0,0,1,0,0,Aguascalientes
2020-03-12,1,0,0,2,0,0,Aguascalientes
2020-03-13,0,0,0,2,0,0,Aguascalientes
2020-03-14,1,1,0,3,1,0,Aguascalientes
2020-03-15,1,0,0,4,1,0,Aguascalientes
2020-03-16,2,0,0,6,1,0,Aguascalientes
2020-03-17,2,1,0,8,2,0,Aguascalientes
2020-03-18,4,2,0,12,4,0,Aguascalientes
2020-03-19,2,1,0,14,5,0,Aguascalientes
2020-03-20,3,2,0,17,7,0,Aguascalientes
2020-03-21,0,1,0,17,8,0,Aguascalientes
2020-03-22,5,1,0,22,9,0,Aguascalientes
2020-03-23,9,4,0,31,13,0,Aguascalientes
2020-03-24,5,0,0,36,13,0,Aguascalientes
2020-03-25,5,17,0,41,30,0,Aguascalientes
2020-03-26,4,4,0,45,34,0,Aguascalientes
2020-03-27,5,6,0,50,40,0,Aguascalientes
2020-03-28,2,5,0,52,45,0,Aguascalientes
2020-03-29,2,3,0,54,48,0,Aguascalientes
2020-03-30,3,4,0,57,52,0,Aguascalientes
2020-03-31,1,1,0,58,53,0,Aguascalientes
2020-04-01,1,0,0,59,53,0,Aguascalientes
2020-04-02,2,0,0,61,53,0,Aguascalientes
2020-04-03,1,1,0,62,54,0,Aguascalientes
2020-04-04,0,0,0,62,54,0,Aguascalientes
2020-04-05,1,3,0,63,57,0,Aguascalientes
2020-04-06,2,4,0,65,61,0,Aguascalientes
2020-04-07,3,1,0,68,62,0,Aguascalientes
2020-04-08,2,1,0,70,63,0,Aguascalientes
2020-04-09,1,0,0,71,63,0,Aguascalientes
2020-04-10,2,2,1,73,65,1,Aguascalientes
2020-04-11,4,1,0,77,66,1,Aguascalientes
2020-04-12,2,2,0,79,68,1,Aguascalientes
2020-04-13,0,6,1,79,74,2,Aguascalientes
2020-04-14,2,0,0,81,74,2,Aguascalientes
2020-04-15,0,6,0,81,80,2,Aguascalientes
2020-04-16,0,1,0,81,81,2,Aguascalientes
2020-04-17,0,0,0,81,81,2,Aguascalientes
2020-04-18,0,0,0,81,81,2,Aguascalientes
2020-04-19,0,0,0,81,81,2,Aguascalientes
2020-04-20,0,0,0,81,81,2,Aguascalientes
2020-04-21,0,0,0,81,81,2,Aguascalientes
2020-02-07,1,0,0,1,0,0,Baja California
2020-02-08,0,0,0,1,0,0,Baja California
2020-02-09,0,0,0,1,0,0,Baja California
2020-02-10,0,0,0,1,0,0,Baja California
2020-02-11,0,0,0,1,0,0,Baja California
2020-02-12,0,1,0,1,1,0,Baja California
2020-02-13,0,0,0,1,1,0,Baja California
2020-02-14,0,0,0,1,1,0,Baja California
2020-02-15,0,0,0,1,1,0,Baja California
2020-02-16,0,0,0,1,1,0,Baja California
2020-02-17,0,0,0,1,1,0,Baja California
2020-02-18,0,0,0,1,1,0,Baja California
2020-02-19,0,0,0,1,1,0,Baja California
2020-02-20,0,0,0,1,1,0,Baja California
2020-02-21,0,0,0,1,1,0,Baja California
2020-02-22,0,0,0,1,1,0,Baja California
2020-02-23,0,0,0,1,1,0,Baja California
2020-02-24,0,0,0,1,1,0,Baja California
2020-02-25,0,0,0,1,1,0,Baja California
2020-02-26,0,0,0,1,1,0,Baja California
2020-02-27,0,0,0,1,1,0,Baja California
2020-02-28,0,0,0,1,1,0,Baja California
2020-02-29,0,0,0,1,1,0,Baja California
2020-03-01,0,0,0,1,1,0,Baja California
2020-03-02,0,0,0,1,1,0,Baja California
2020-03-03,0,0,0,1,1,0,Baja California
2020-03-04,0,0,0,1,1,0,Baja California
2020-03-05,0,0,0,1,1,0,Baja California
2020-03-06,0,0,0,1,1,0,Baja California
2020-03-07,0,0,0,1,1,0,Baja California
2020-03-08,0,0,0,1,1,0,Baja California
2020-03-09,1,0,0,2,1,0,Baja California
2020-03-10,0,0,0,2,1,0,Baja California
2020-03-11,2,1,0,4,2,0,Baja California
2020-03-12,1,0,0,5,2,0,Baja California
2020-03-13,4,0,0,9,2,0,Baja California
2020-03-14,2,0,0,11,2,0,Baja California
2020-03-15,2,0,0,13,2,0,Baja California
2020-03-16,5,1,0,18,3,0,Baja California
2020-03-17,4,3,0,22,6,0,Baja California
2020-03-18,11,3,0,33,9,0,Baja California
2020-03-19,10,5,0,43,14,0,Baja California
2020-03-20,15,6,0,58,20,0,Baja California
2020-03-21,6,3,0,64,23,0,Baja California
2020-03-22,7,2,0,71,25,0,Baja California
2020-03-23,17,9,0,88,34,0,Baja California
2020-03-24,20,9,0,108,43,0,Baja California
2020-03-25,16,7,0,124,50,0,Baja California
2020-03-26,22,11,0,146,61,0,Baja California
2020-03-27,24,17,0,170,78,0,Baja California
2020-03-28,23,7,0,193,85,0,Baja California
2020-03-29,36,20,1,229,105,1,Baja California
2020-03-30,36,27,2,265,132,3,Baja California
2020-03-31,31,38,2,296,170,5,Baja California
2020-04-01,48,61,2,344,231,7,Baja California
2020-04-02,60,26,5,404,257,12,Baja California
2020-04-03,46,36,3,450,293,15,Baja California
2020-04-04,48,23,5,498,316,20,Baja California
2020-04-05,37,18,1,535,334,21,Baja California
2020-04-06,43,65,8,578,399,29,Baja California
2020-04-07,39,33,4,617,432,33,Baja California
2020-04-08,42,62,5,659,494,38,Baja California
2020-04-09,56,53,4,715,547,42,Baja California
2020-04-10,66,34,3,781,581,45,Baja California
2020-04-11,40,37,7,821,618,52,Baja California
2020-04-12,46,35,8,867,653,60,Baja California
2020-04-13,17,64,3,884,717,63,Baja California
2020-04-14,18,86,6,902,803,69,Baja California
2020-04-15,3,49,9,905,852,78,Baja California
2020-04-16,8,34,5,913,886,83,Baja California
2020-04-17,0,25,4,913,911,87,Baja California
2020-04-18,1,3,2,914,914,89,Baja California
2020-04-19,0,0,5,914,914,94,Baja California
2020-04-20,0,0,5,914,914,99,Baja California
2020-04-21,0,0,0,914,914,99,Baja California
2020-03-13,1,0,0,1,0,0,Baja California Sur
2020-03-14,0,0,0,1,0,0,Baja California Sur
2020-03-15,0,0,0,1,0,0,Baja California Sur
2020-03-16,3,0,0,4,0,0,Baja California Sur
2020-03-17,1,0,0,5,0,0,Baja California Sur
2020-03-18,1,1,0,6,1,0,Baja California Sur
2020-03-19,0,0,0,6,1,0,Baja California Sur
2020-03-20,1,1,0,7,2,0,Baja California Sur
2020-03-21,4,1,0,11,3,0,Baja California Sur
2020-03-22,5,0,0,16,3,0,Baja California Sur
2020-03-23,5,4,0,21,7,0,Baja California Sur
2020-03-24,2,2,0,23,9,0,Baja California Sur
2020-03-25,5,0,0,28,9,0,Baja California Sur
2020-03-26,5,2,0,33,11,0,Baja California Sur
2020-03-27,8,4,0,41,15,0,Baja California Sur
2020-03-28,10,4,0,51,19,0,Baja California Sur
2020-03-29,4,1,1,55,20,1,Baja California Sur
2020-03-30,13,13,0,68,33,1,Baja California Sur
2020-03-31,13,7,1,81,40,2,Baja California Sur
2020-04-01,17,5,0,98,45,2,Baja California Sur
2020-04-02,16,11,0,114,56,2,Baja California Sur
2020-04-03,19,16,0,133,72,2,Baja California Sur
2020-04-04,18,6,1,151,78,3,Baja California Sur
2020-04-05,16,5,1,167,83,4,Baja California Sur
2020-04-06,13,17,0,180,100,4,Baja California Sur
2020-04-07,5,24,0,185,124,4,Baja California Sur
2020-04-08,6,23,1,191,147,5,Baja California Sur
2020-04-09,5,22,0,196,169,5,Baja California Sur
2020-04-10,10,9,0,206,178,5,Baja California Sur
2020-04-11,9,7,1,215,185,6,Baja California Sur
2020-04-12,8,5,1,223,190,7,Baja California Sur
2020-04-13,0,11,0,223,201,7,Baja California Sur
2020-04-14,3,14,0,226,215,7,Baja California Sur
2020-04-15,2,1,0,228,216,7,Baja California Sur
2020-04-16,0,7,1,228,223,8,Baja California Sur
2020-04-17,0,3,1,228,226,9,Baja California Sur
2020-04-18,0,1,0,228,227,9,Baja California Sur
2020-04-19,0,1,0,228,228,9,Baja California Sur
2020-04-20,0,0,0,228,228,9,Baja California Sur
2020-04-21,0,0,0,228,228,9,Baja California Sur
2020-02-23,1,0,0,1,0,0,Campeche
2020-02-24,0,0,0,1,0,0,Campeche
2020-02-25,0,0,0,1,0,0,Campeche
2020-02-26,0,0,0,1,0,0,Campeche
2020-02-27,0,0,0,1,0,0,Campeche
2020-02-28,0,0,0,1,0,0,Campeche
2020-02-29,0,0,0,1,0,0,Campeche
2020-03-01,0,0,0,1,0,0,Campeche
2020-03-02,0,0,0,1,0,0,Campeche
2020-03-03,0,0,0,1,0,0,Campeche
2020-03-04,0,0,0,1,0,0,Campeche
2020-03-05,0,0,0,1,0,0,Campeche
2020-03-06,0,0,0,1,0,0,Campeche
2020-03-07,0,0,0,1,0,0,Campeche
2020-03-08,1,1,0,2,1,0,Campeche
2020-03-09,1,0,0,3,1,0,Campeche
2020-03-10,0,0,0,3,1,0,Campeche
2020-03-11,0,0,0,3,1,0,Campeche
2020-03-12,1,1,0,4,2,0,Campeche
2020-03-13,0,0,0,4,2,0,Campeche
2020-03-14,0,1,0,4,3,0,Campeche
2020-03-15,0,0,0,4,3,0,Campeche
2020-03-16,0,0,0,4,3,0,Campeche
2020-03-17,0,0,0,4,3,0,Campeche
2020-03-18,1,0,0,5,3,0,Campeche
2020-03-19,0,0,0,5,3,0,Campeche
2020-03-20,1,0,0,6,3,0,Campeche
2020-03-21,0,0,0,6,3,0,Campeche
2020-03-22,0,0,0,6,3,0,Campeche
2020-03-23,1,1,0,7,4,0,Campeche
2020-03-24,0,0,0,7,4,0,Campeche
2020-03-25,2,0,0,9,4,0,Campeche
2020-03-26,0,1,0,9,5,0,Campeche
2020-03-27,2,3,0,11,8,0,Campeche
2020-03-28,2,0,0,13,8,0,Campeche
2020-03-29,0,1,0,13,9,0,Campeche
2020-03-30,2,0,0,15,9,0,Campeche
2020-03-31,1,0,0,16,9,0,Campeche
2020-04-01,1,0,0,17,9,0,Campeche
2020-04-02,1,2,0,18,11,0,Campeche
2020-04-03,4,1,0,22,12,0,Campeche
2020-04-04,2,0,0,24,12,0,Campeche
2020-04-05,1,3,0,25,15,0,Campeche
2020-04-06,2,2,1,27,17,1,Campeche
2020-04-07,1,0,0,28,17,1,Campeche
2020-04-08,4,0,0,32,17,1,Campeche
2020-04-09,1,2,0,33,19,1,Campeche
2020-04-10,4,1,1,37,20,2,Campeche
2020-04-11,4,5,0,41,25,2,Campeche
2020-04-12,0,2,0,41,27,2,Campeche
2020-04-13,2,2,0,43,29,2,Campeche
2020-04-14,0,4,1,43,33,3,Campeche
2020-04-15,1,2,0,44,35,3,Campeche
2020-04-16,2,4,0,46,39,3,Campeche
2020-04-17,0,1,0,46,40,3,Campeche
2020-04-18,0,4,0,46,44,3,Campeche
2020-04-19,0,1,0,46,45,3,Campeche
2020-04-20,0,1,0,46,46,3,Campeche
2020-04-21,0,0,0,46,46,3,Campeche
2020-02-27,1,0,0,1,0,0,Coahuila
2020-02-28,0,1,0,1,1,0,Coahuila
2020-02-29,0,0,0,1,1,0,Coahuila
2020-03-01,0,0,0,1,1,0,Coahuila
2020-03-02,0,0,0,1,1,0,Coahuila
2020-03-03,0,0,0,1,1,0,Coahuila
2020-03-04,1,0,0,2,1,0,Coahuila
2020-03-05,0,0,0,2,1,0,Coahuila
2020-03-06,0,0,0,2,1,0,Coahuila
2020-03-07,0,0,0,2,1,0,Coahuila
2020-03-08,0,0,0,2,1,0,Coahuila
2020-03-09,0,0,0,2,1,0,Coahuila
2020-03-10,1,0,0,3,1,0,Coahuila
2020-03-11,0,2,0,3,3,0,Coahuila
2020-03-12,0,0,0,3,3,0,Coahuila
2020-03-13,1,0,0,4,3,0,Coahuila
2020-03-14,0,0,0,4,3,0,Coahuila
2020-03-15,0,0,0,4,3,0,Coahuila
2020-03-16,2,1,0,6,4,0,Coahuila
2020-03-17,3,2,0,9,6,0,Coahuila
2020-03-18,4,2,0,13,8,0,Coahuila
2020-03-19,4,3,0,17,11,0,Coahuila
2020-03-20,7,4,0,24,15,0,Coahuila
2020-03-21,9,0,0,33,15,0,Coahuila
2020-03-22,4,0,0,37,15,0,Coahuila
2020-03-23,11,1,0,48,16,0,Coahuila
2020-03-24,11,5,0,59,21,0,Coahuila
2020-03-25,8,0,0,67,21,0,Coahuila
2020-03-26,10,3,0,77,24,0,Coahuila
2020-03-27,18,7,0,95,31,0,Coahuila
2020-03-28,14,5,1,109,36,1,Coahuila
2020-03-29,13,16,0,122,52,1,Coahuila
2020-03-30,20,20,1,142,72,2,Coahuila
2020-03-31,11,11,1,153,83,3,Coahuila
2020-04-01,14,17,0,167,100,3,Coahuila
2020-04-02,11,15,2,178,115,5,Coahuila
2020-04-03,10,22,2,188,137,7,Coahuila
2020-04-04,12,10,0,200,147,7,Coahuila
2020-04-05,6,4,2,206,151,9,Coahuila
2020-04-06,11,26,1,217,177,10,Coahuila
2020-04-07,9,6,4,226,183,14,Coahuila
2020-04-08,8,16,0,234,199,14,Coahuila
2020-04-09,8,6,1,242,205,15,Coahuila
2020-04-10,7,11,1,249,216,16,Coahuila
2020-04-11,6,8,0,255,224,16,Coahuila
2020-04-12,4,5,0,259,229,16,Coahuila
2020-04-13,7,14,0,266,243,16,Coahuila
2020-04-14,3,11,3,269,254,19,Coahuila
2020-04-15,1,8,1,270,262,20,Coahuila
2020-04-16,1,4,2,271,266,22,Coahuila
2020-04-17,0,4,0,271,270,22,Coahuila
2020-04-18,0,0,0,271,270,22,Coahuila
2020-04-19,0,1,0,271,271,22,Coahuila
2020-04-20,0,0,2,271,271,24,Coahuila
2020-04-21,0,0,0,271,271,24,Coahuila
2020-03-12,1,0,0,1,0,0,Colima
2020-03-13,0,0,0,1,0,0,Colima
2020-03-14,0,1,0,1,1,0,Colima
2020-03-15,1,0,0,2,1,0,Colima
2020-03-16,0,1,0,2,2,0,Colima
2020-03-17,0,0,0,2,2,0,Colima
2020-03-18,0,0,0,2,2,0,Colima
2020-03-19,0,0,0,2,2,0,Colima
2020-03-20,0,0,0,2,2,0,Colima
2020-03-21,0,0,0,2,2,0,Colima
2020-03-22,0,0,0,2,2,0,Colima
2020-03-23,0,0,0,2,2,0,Colima
2020-03-24,1,1,0,3,3,0,Colima
2020-03-25,1,0,0,4,3,0,Colima
2020-03-26,0,0,0,4,3,0,Colima
2020-03-27,0,0,0,4,3,0,Colima
2020-03-28,2,0,0,6,3,0,Colima
2020-03-29,1,0,0,7,3,0,Colima
2020-03-30,0,1,0,7,4,0,Colima
2020-03-31,0,1,0,7,5,0,Colima
2020-04-01,0,2,0,7,7,0,Colima
2020-04-02,0,0,0,7,7,0,Colima
2020-04-03,0,0,0,7,7,0,Colima
2020-04-04,0,0,0,7,7,0,Colima
2020-04-05,0,0,0,7,7,0,Colima
2020-04-06,1,0,0,8,7,0,Colima
2020-04-07,1,0,0,9,7,0,Colima
2020-04-08,0,0,0,9,7,0,Colima
2020-04-09,0,0,0,9,7,0,Colima
2020-04-10,0,0,0,9,7,0,Colima
2020-04-11,2,1,0,11,8,0,Colima
2020-04-12,1,2,0,12,10,0,Colima
2020-04-13,0,0,1,12,10,1,Colima
2020-04-14,0,0,0,12,10,1,Colima
2020-04-15,2,1,0,14,11,1,Colima
2020-04-16,0,0,1,14,11,2,Colima
2020-04-17,0,2,0,14,13,2,Colima
2020-04-18,1,1,0,15,14,2,Colima
2020-04-19,0,1,0,15,15,2,Colima
2020-04-20,0,0,0,15,15,2,Colima
2020-04-21,0,0,0,15,15,2,Colima
2020-02-25,1,0,0,1,0,0,Chiapas
2020-02-26,0,0,0,1,0,0,Chiapas
2020-02-27,0,0,0,1,0,0,Chiapas
2020-02-28,0,0,0,1,0,0,Chiapas
2020-02-29,0,1,0,1,1,0,Chiapas
2020-03-01,0,0,0,1,1,0,Chiapas
2020-03-02,0,0,0,1,1,0,Chiapas
2020-03-03,0,0,0,1,1,0,Chiapas
2020-03-04,0,0,0,1,1,0,Chiapas
2020-03-05,0,0,0,1,1,0,Chiapas
2020-03-06,0,0,0,1,1,0,Chiapas
2020-03-07,0,0,0,1,1,0,Chiapas
2020-03-08,0,0,0,1,1,0,Chiapas
2020-03-09,0,0,0,1,1,0,Chiapas
2020-03-10,0,0,0,1,1,0,Chiapas
2020-03-11,0,0,0,1,1,0,Chiapas
2020-03-12,0,0,0,1,1,0,Chiapas
2020-03-13,1,0,0,2,1,0,Chiapas
2020-03-14,1,0,0,3,1,0,Chiapas
2020-03-15,0,0,0,3,1,0,Chiapas
2020-03-16,0,0,0,3,1,0,Chiapas
2020-03-17,0,0,0,3,1,0,Chiapas
2020-03-18,0,1,0,3,2,0,Chiapas
2020-03-19,0,0,0,3,2,0,Chiapas
2020-03-20,2,0,0,5,2,0,Chiapas
2020-03-21,2,0,0,7,2,0,Chiapas
2020-03-22,3,0,0,10,2,0,Chiapas
2020-03-23,4,3,0,14,5,0,Chiapas
2020-03-24,1,0,0,15,5,0,Chiapas
2020-03-25,4,2,0,19,7,0,Chiapas
2020-03-26,0,0,0,19,7,0,Chiapas
2020-03-27,3,5,0,22,12,0,Chiapas
2020-03-28,4,1,0,26,13,0,Chiapas
2020-03-29,1,0,0,27,13,0,Chiapas
2020-03-30,1,1,0,28,14,0,Chiapas
2020-03-31,3,2,0,31,16,0,Chiapas
2020-04-01,2,4,0,33,20,0,Chiapas
2020-04-02,2,2,0,35,22,0,Chiapas
2020-04-03,4,5,0,39,27,0,Chiapas
2020-04-04,4,2,0,43,29,0,Chiapas
2020-04-05,1,1,0,44,30,0,Chiapas
2020-04-06,2,5,1,46,35,1,Chiapas
2020-04-07,5,2,0,51,37,1,Chiapas
2020-04-08,4,5,0,55,42,1,Chiapas
2020-04-09,2,3,1,57,45,2,Chiapas
2020-04-10,2,3,0,59,48,2,Chiapas
2020-04-11,6,1,1,65,49,3,Chiapas
2020-04-12,3,0,0,68,49,3,Chiapas
2020-04-13,3,5,0,71,54,3,Chiapas
2020-04-14,3,5,0,74,59,3,Chiapas
2020-04-15,2,5,0,76,64,3,Chiapas
2020-04-16,3,2,0,79,66,3,Chiapas
2020-04-17,0,6,0,79,72,3,Chiapas
2020-04-18,0,2,0,79,74,3,Chiapas
2020-04-19,0,5,1,79,79,4,Chiapas
2020-04-20,0,0,0,79,79,4,Chiapas
2020-04-21,0,0,0,79,79,4,Chiapas
2020-03-12,2,0,0,2,0,0,Chihuahua
2020-03-13,1,1,0,3,1,0,Chihuahua
2020-03-14,0,1,0,3,2,0,Chihuahua
2020-03-15,1,0,0,4,2,0,Chihuahua
2020-03-16,1,0,0,5,2,0,Chihuahua
2020-03-17,1,0,0,6,2,0,Chihuahua
2020-03-18,2,1,0,8,3,0,Chihuahua
2020-03-19,1,1,0,9,4,0,Chihuahua
2020-03-20,2,3,0,11,7,0,Chihuahua
2020-03-21,1,1,0,12,8,0,Chihuahua
2020-03-22,1,1,0,13,9,0,Chihuahua
2020-03-23,1,0,0,14,9,0,Chihuahua
2020-03-24,4,1,0,18,10,0,Chihuahua
2020-03-25,4,1,0,22,11,0,Chihuahua
2020-03-26,5,2,0,27,13,0,Chihuahua
2020-03-27,0,2,0,27,15,0,Chihuahua
2020-03-28,4,2,0,31,17,0,Chihuahua
2020-03-29,6,5,0,37,22,0,Chihuahua
2020-03-30,1,3,0,38,25,0,Chihuahua
2020-03-31,10,5,0,48,30,0,Chihuahua
2020-04-01,6,6,0,54,36,0,Chihuahua
2020-04-02,10,6,0,64,42,0,Chihuahua
2020-04-03,13,5,2,77,47,2,Chihuahua
2020-04-04,3,6,1,80,53,3,Chihuahua
2020-04-05,6,10,1,86,63,4,Chihuahua
2020-04-06,7,8,2,93,71,6,Chihuahua
2020-04-07,9,6,5,102,77,11,Chihuahua
2020-04-08,11,8,5,113,85,16,Chihuahua
2020-04-09,4,3,4,117,88,20,Chihuahua
2020-04-10,13,7,1,130,95,21,Chihuahua
2020-04-11,7,9,0,137,104,21,Chihuahua
2020-04-12,2,5,4,139,109,25,Chihuahua
2020-04-13,4,13,3,143,122,28,Chihuahua
2020-04-14,2,6,1,145,128,29,Chihuahua
2020-04-15,7,9,3,152,137,32,Chihuahua
2020-04-16,1,12,1,153,149,33,Chihuahua
2020-04-17,0,2,2,153,151,35,Chihuahua
2020-04-18,0,1,0,153,152,35,Chihuahua
2020-04-19,0,1,0,153,153,35,Chihuahua
2020-04-20,0,0,0,153,153,35,Chihuahua
2020-04-21,0,0,0,153,153,35,Chihuahua
2020-02-17,1,0,0,1,0,0,Ciudad de México
2020-02-18,1,1,0,2,1,0,Ciudad de México
2020-02-19,0,0,0,2,1,0,Ciudad de México
2020-02-20,0,0,0,2,1,0,Ciudad de México
2020-02-21,0,0,0,2,1,0,Ciudad de México
2020-02-22,1,0,0,3,1,0,Ciudad de México
2020-02-23,1,0,0,4,1,0,Ciudad de México
2020-02-24,0,0,0,4,1,0,Ciudad de México
2020-02-25,1,0,0,5,1,0,Ciudad de México
2020-02-26,0,0,0,5,1,0,Ciudad de México
2020-02-27,0,2,0,5,3,0,Ciudad de México
2020-02-28,2,0,0,7,3,0,Ciudad de México
2020-02-29,1,0,0,8,3,0,Ciudad de México
2020-03-01,2,0,0,10,3,0,Ciudad de México
2020-03-02,3,0,0,13,3,0,Ciudad de México
2020-03-03,2,0,0,15,3,0,Ciudad de México
2020-03-04,3,0,0,18,3,0,Ciudad de México
2020-03-05,2,1,0,20,4,0,Ciudad de México
2020-03-06,5,0,0,25,4,0,Ciudad de México
2020-03-07,8,0,0,33,4,0,Ciudad de México
2020-03-08,5,1,0,38,5,0,Ciudad de México
2020-03-09,18,0,0,56,5,0,Ciudad de México
2020-03-10,21,3,0,77,8,0,Ciudad de México
2020-03-11,18,11,0,95,19,0,Ciudad de México
2020-03-12,15,17,0,110,36,0,Ciudad de México
2020-03-13,31,24,0,141,60,0,Ciudad de México
2020-03-14,33,21,0,174,81,0,Ciudad de México
2020-03-15,34,10,0,208,91,0,Ciudad de México
2020-03-16,39,24,0,247,115,0,Ciudad de México
2020-03-17,22,31,0,269,146,0,Ciudad de México
2020-03-18,24,31,0,293,177,0,Ciudad de México
2020-03-19,32,37,0,325,214,0,Ciudad de México
2020-03-20,47,22,0,372,236,0,Ciudad de México
2020-03-21,19,11,0,391,247,0,Ciudad de México
2020-03-22,27,10,0,418,257,0,Ciudad de México
2020-03-23,35,24,1,453,281,1,Ciudad de México
2020-03-24,38,32,0,491,313,1,Ciudad de México
2020-03-25,36,21,1,527,334,2,Ciudad de México
2020-03-26,73,42,3,600,376,5,Ciudad de México
2020-03-27,50,38,3,650,414,8,Ciudad de México
2020-03-28,53,40,1,703,454,9,Ciudad de México
2020-03-29,43,34,2,746,488,11,Ciudad de México
2020-03-30,77,63,4,823,551,15,Ciudad de México
2020-03-31,63,42,6,886,593,21,Ciudad de México
2020-04-01,100,47,5,986,640,26,Ciudad de México
2020-04-02,85,52,4,1071,692,30,Ciudad de México
2020-04-03,89,68,7,1160,760,37,Ciudad de México
2020-04-04,96,43,5,1256,803,42,Ciudad de México
2020-04-05,101,46,3,1357,849,45,Ciudad de México
2020-04-06,113,98,14,1470,947,59,Ciudad de México
2020-04-07,106,111,8,1576,1058,67,Ciudad de México
2020-04-08,103,114,5,1679,1172,72,Ciudad de México
2020-04-09,123,113,12,1802,1285,84,Ciudad de México
2020-04-10,158,122,17,1960,1407,101,Ciudad de México
2020-04-11,108,87,19,2068,1494,120,Ciudad de México
2020-04-12,93,97,5,2161,1591,125,Ciudad de México
2020-04-13,100,183,9,2261,1774,134,Ciudad de México
2020-04-14,66,182,14,2327,1956,148,Ciudad de México
2020-04-15,65,148,14,2392,2104,162,Ciudad de México
2020-04-16,28,137,11,2420,2241,173,Ciudad de México
2020-04-17,21,111,2,2441,2352,175,Ciudad de México
2020-04-18,15,43,9,2456,2395,184,Ciudad de México
2020-04-19,3,34,6,2459,2429,190,Ciudad de México
2020-04-20,0,30,1,2459,2459,191,Ciudad de México
2020-04-21,0,0,0,2459,2459,191,Ciudad de México
2020-03-06,1,0,0,1,0,0,Durango
2020-03-07,0,0,0,1,0,0,Durango
2020-03-08,0,0,0,1,0,0,Durango
2020-03-09,1,0,0,2,0,0,Durango
2020-03-10,0,0,0,2,0,0,Durango
2020-03-11,1,1,0,3,1,0,Durango
2020-03-12,0,0,0,3,1,0,Durango
2020-03-13,0,1,0,3,2,0,Durango
2020-03-14,0,1,0,3,3,0,Durango
2020-03-15,1,0,0,4,3,0,Durango
2020-03-16,0,0,0,4,3,0,Durango
2020-03-17,0,1,0,4,4,0,Durango
2020-03-18,2,1,1,6,5,1,Durango
2020-03-19,1,0,0,7,5,1,Durango
2020-03-20,0,0,0,7,5,1,Durango
2020-03-21,0,1,0,7,6,1,Durango
2020-03-22,0,0,0,7,6,1,Durango
2020-03-23,2,1,0,9,7,1,Durango
2020-03-24,1,1,1,10,8,2,Durango
2020-03-25,1,1,0,11,9,2,Durango
2020-03-26,0,0,0,11,9,2,Durango
2020-03-27,0,0,0,11,9,2,Durango
2020-03-28,1,0,0,12,9,2,Durango
2020-03-29,1,0,0,13,9,2,Durango
2020-03-30,2,2,0,15,11,2,Durango
2020-03-31,0,2,1,15,13,3,Durango
2020-04-01,0,1,1,15,14,4,Durango
2020-04-02,1,0,0,16,14,4,Durango
2020-04-03,1,0,0,17,14,4,Durango
2020-04-04,0,0,0,17,14,4,Durango
2020-04-05,0,0,0,17,14,4,Durango
2020-04-06,0,2,0,17,16,4,Durango
2020-04-07,0,0,0,17,16,4,Durango
2020-04-08,1,0,0,18,16,4,Durango
2020-04-09,0,1,0,18,17,4,Durango
2020-04-10,3,0,0,21,17,4,Durango
2020-04-11,3,0,0,24,17,4,Durango
2020-04-12,1,0,0,25,17,4,Durango
2020-04-13,2,0,0,27,17,4,Durango
2020-04-14,4,0,0,31,17,4,Durango
2020-04-15,0,2,0,31,19,4,Durango
2020-04-16,0,1,0,31,20,4,Durango
2020-04-17,0,0,0,31,20,4,Durango
2020-04-18,0,2,0,31,22,4,Durango
2020-04-19,0,9,0,31,31,4,Durango
2020-04-20,0,0,0,31,31,4,Durango
2020-04-21,0,0,0,31,31,4,Durango
2020-03-10,1,0,0,1,0,0,Guanajuato
2020-03-11,0,0,0,1,0,0,Guanajuato
2020-03-12,2,0,0,3,0,0,Guanajuato
2020-03-13,0,1,0,3,1,0,Guanajuato
2020-03-14,3,0,0,6,1,0,Guanajuato
2020-03-15,3,2,0,9,3,0,Guanajuato
2020-03-16,10,2,0,19,5,0,Guanajuato
2020-03-17,4,0,0,23,5,0,Guanajuato
2020-03-18,2,1,0,25,6,0,Guanajuato
2020-03-19,1,1,0,26,7,0,Guanajuato
2020-03-20,7,4,0,33,11,0,Guanajuato
2020-03-21,4,11,0,37,22,0,Guanajuato
2020-03-22,5,1,0,42,23,0,Guanajuato
2020-03-23,2,6,0,44,29,0,Guanajuato
2020-03-24,3,1,0,47,30,0,Guanajuato
2020-03-25,3,4,0,50,34,0,Guanajuato
2020-03-26,5,6,0,55,40,0,Guanajuato
2020-03-27,4,5,0,59,45,0,Guanajuato
2020-03-28,1,4,0,60,49,0,Guanajuato
2020-03-29,0,1,0,60,50,0,Guanajuato
2020-03-30,1,4,0,61,54,0,Guanajuato
2020-03-31,1,1,0,62,55,0,Guanajuato
2020-04-01,6,1,0,68,56,0,Guanajuato
2020-04-02,7,2,0,75,58,0,Guanajuato
2020-04-03,5,4,0,80,62,0,Guanajuato
2020-04-04,3,3,0,83,65,0,Guanajuato
2020-04-05,5,3,2,88,68,2,Guanajuato
2020-04-06,2,7,0,90,75,2,Guanajuato
2020-04-07,1,6,1,91,81,3,Guanajuato
2020-04-08,3,7,0,94,88,3,Guanajuato
2020-04-09,4,2,1,98,90,4,Guanajuato
2020-04-10,5,2,1,103,92,5,Guanajuato
2020-04-11,4,3,0,107,95,5,Guanajuato
2020-04-12,7,1,0,114,96,5,Guanajuato
2020-04-13,7,2,0,121,98,5,Guanajuato
2020-04-14,16,3,2,137,101,7,Guanajuato
2020-04-15,12,13,0,149,114,7,Guanajuato
2020-04-16,5,12,0,154,126,7,Guanajuato
2020-04-17,3,24,2,157,150,9,Guanajuato
2020-04-18,2,8,0,159,158,9,Guanajuato
2020-04-19,0,1,0,159,159,9,Guanajuato
2020-04-20,0,0,0,159,159,9,Guanajuato
2020-04-21,0,0,0,159,159,9,Guanajuato
2020-03-08,1,0,0,1,0,0,Guerrero
2020-03-09,1,0,0,2,0,0,Guerrero
2020-03-10,0,0,0,2,0,0,Guerrero
2020-03-11,0,0,0,2,0,0,Guerrero
2020-03-12,1,0,0,3,0,0,Guerrero
2020-03-13,1,2,0,4,2,0,Guerrero
2020-03-14,0,0,0,4,2,0,Guerrero
2020-03-15,2,0,0,6,2,0,Guerrero
2020-03-16,1,1,0,7,3,0,Guerrero
2020-03-17,2,3,0,9,6,0,Guerrero
2020-03-18,2,1,0,11,7,0,Guerrero
2020-03-19,2,0,0,13,7,0,Guerrero
2020-03-20,3,0,0,16,7,0,Guerrero
2020-03-21,3,1,0,19,8,0,Guerrero
2020-03-22,1,0,0,20,8,0,Guerrero
2020-03-23,3,1,0,23,9,0,Guerrero
2020-03-24,1,0,0,24,9,0,Guerrero
2020-03-25,1,3,0,25,12,0,Guerrero
2020-03-26,3,4,0,28,16,0,Guerrero
2020-03-27,0,3,0,28,19,0,Guerrero
2020-03-28,1,3,1,29,22,1,Guerrero
2020-03-29,2,1,0,31,23,1,Guerrero
2020-03-30,5,2,0,36,25,1,Guerrero
2020-03-31,5,5,0,41,30,1,Guerrero
2020-04-01,4,3,0,45,33,1,Guerrero
2020-04-02,5,1,0,50,34,1,Guerrero
2020-04-03,8,1,0,58,35,1,Guerrero
2020-04-04,10,3,2,68,38,3,Guerrero
2020-04-05,5,3,0,73,41,3,Guerrero
2020-04-06,8,8,2,81,49,5,Guerrero
2020-04-07,3,10,0,84,59,5,Guerrero
2020-04-08,12,6,0,96,65,5,Guerrero
2020-04-09,5,7,1,101,72,6,Guerrero
2020-04-10,7,5,0,108,77,6,Guerrero
2020-04-11,6,5,0,114,82,6,Guerrero
2020-04-12,3,11,1,117,93,7,Guerrero
2020-04-13,8,14,1,125,107,8,Guerrero
2020-04-14,2,4,1,127,111,9,Guerrero
2020-04-15,2,3,2,129,114,11,Guerrero
2020-04-16,1,8,0,130,122,11,Guerrero
2020-04-17,0,4,1,130,126,12,Guerrero
2020-04-18,0,3,1,130,129,13,Guerrero
2020-04-19,0,1,2,130,130,15,Guerrero
2020-04-20,0,0,0,130,130,15,Guerrero
2020-04-21,0,0,1,130,130,16,Guerrero
2020-02-22,1,0,0,1,0,0,Hidalgo
2020-02-23,0,0,0,1,0,0,Hidalgo
2020-02-24,0,0,0,1,0,0,Hidalgo
2020-02-25,0,0,0,1,0,0,Hidalgo
2020-02-26,0,0,0,1,0,0,Hidalgo
2020-02-27,0,1,0,1,1,0,Hidalgo
2020-02-28,0,0,0,1,1,0,Hidalgo
2020-02-29,0,0,0,1,1,0,Hidalgo
2020-03-01,0,0,0,1,1,0,Hidalgo
2020-03-02,0,0,0,1,1,0,Hidalgo
2020-03-03,0,0,0,1,1,0,Hidalgo
2020-03-04,0,0,0,1,1,0,Hidalgo
2020-03-05,0,0,0,1,1,0,Hidalgo
2020-03-06,0,0,0,1,1,0,Hidalgo
2020-03-07,1,0,0,2,1,0,Hidalgo
2020-03-08,1,0,0,3,1,0,Hidalgo
2020-03-09,0,0,0,3,1,0,Hidalgo
2020-03-10,0,0,0,3,1,0,Hidalgo
2020-03-11,0,0,0,3,1,0,Hidalgo
2020-03-12,1,0,0,4,1,0,Hidalgo
2020-03-13,3,0,0,7,1,0,Hidalgo
2020-03-14,1,0,0,8,1,0,Hidalgo
2020-03-15,0,1,0,8,2,0,Hidalgo
2020-03-16,2,0,0,10,2,0,Hidalgo
2020-03-17,0,2,0,10,4,0,Hidalgo
2020-03-18,2,0,0,12,4,0,Hidalgo
2020-03-19,2,0,0,14,4,0,Hidalgo
2020-03-20,3,3,0,17,7,0,Hidalgo
2020-03-21,1,3,0,18,10,0,Hidalgo
2020-03-22,0,0,0,18,10,0,Hidalgo
2020-03-23,5,2,0,23,12,0,Hidalgo
2020-03-24,3,1,0,26,13,0,Hidalgo
2020-03-25,2,4,0,28,17,0,Hidalgo
2020-03-26,3,4,0,31,21,0,Hidalgo
2020-03-27,4,5,1,35,26,1,Hidalgo
2020-03-28,1,0,1,36,26,2,Hidalgo
2020-03-29,5,2,0,41,28,2,Hidalgo
2020-03-30,6,7,1,47,35,3,Hidalgo
2020-03-31,4,6,0,51,41,3,Hidalgo
2020-04-01,0,3,2,51,44,5,Hidalgo
2020-04-02,0,1,0,51,45,5,Hidalgo
2020-04-03,4,2,1,55,47,6,Hidalgo
2020-04-04,1,2,0,56,49,6,Hidalgo
2020-04-05,3,1,0,59,50,6,Hidalgo
2020-04-06,7,2,0,66,52,6,Hidalgo
2020-04-07,1,2,0,67,54,6,Hidalgo
2020-04-08,2,1,2,69,55,8,Hidalgo
2020-04-09,2,0,0,71,55,8,Hidalgo
2020-04-10,7,7,0,78,62,8,Hidalgo
2020-04-11,8,3,0,86,65,8,Hidalgo
2020-04-12,4,5,0,90,70,8,Hidalgo
2020-04-13,12,7,0,102,77,8,Hidalgo
2020-04-14,2,3,2,104,80,10,Hidalgo
2020-04-15,3,4,2,107,84,12,Hidalgo
2020-04-16,2,3,0,109,87,12,Hidalgo
2020-04-17,2,7,0,111,94,12,Hidalgo
2020-04-18,2,4,2,113,98,14,Hidalgo
2020-04-19,0,11,1,113,109,15,Hidalgo
2020-04-20,0,4,0,113,113,15,Hidalgo
2020-04-21,0,0,0,113,113,15,Hidalgo
2020-03-01,2,0,0,2,0,0,Jalisco
2020-03-02,0,0,0,2,0,0,Jalisco
2020-03-03,0,0,0,2,0,0,Jalisco
2020-03-04,1,0,0,3,0,0,Jalisco
2020-03-05,0,0,0,3,0,0,Jalisco
2020-03-06,2,0,0,5,0,0,Jalisco
2020-03-07,1,0,0,6,0,0,Jalisco
2020-03-08,3,0,0,9,0,0,Jalisco
2020-03-09,3,0,0,12,0,0,Jalisco
2020-03-10,4,0,0,16,0,0,Jalisco
2020-03-11,6,1,0,22,1,0,Jalisco
2020-03-12,8,3,0,30,4,0,Jalisco
2020-03-13,8,3,0,38,7,0,Jalisco
2020-03-14,8,5,0,46,12,0,Jalisco
2020-03-15,2,2,0,48,14,0,Jalisco
2020-03-16,6,12,0,54,26,0,Jalisco
2020-03-17,12,6,0,66,32,0,Jalisco
2020-03-18,8,17,0,74,49,0,Jalisco
2020-03-19,0,10,0,74,59,0,Jalisco
2020-03-20,8,5,1,82,64,1,Jalisco
2020-03-21,10,1,0,92,65,1,Jalisco
2020-03-22,6,3,0,98,68,1,Jalisco
2020-03-23,5,7,0,103,75,1,Jalisco
2020-03-24,4,7,0,107,82,1,Jalisco
2020-03-25,4,7,0,111,89,1,Jalisco
2020-03-26,1,6,2,112,95,3,Jalisco
2020-03-27,8,7,0,120,102,3,Jalisco
2020-03-28,2,2,0,122,104,3,Jalisco
2020-03-29,4,2,0,126,106,3,Jalisco
2020-03-30,8,7,0,134,113,3,Jalisco
2020-03-31,5,7,1,139,120,4,Jalisco
2020-04-01,3,2,0,142,122,4,Jalisco
2020-04-02,7,8,2,149,130,6,Jalisco
2020-04-03,8,11,0,157,141,6,Jalisco
2020-04-04,3,1,0,160,142,6,Jalisco
2020-04-05,3,2,1,163,144,7,Jalisco
2020-04-06,6,3,0,169,147,7,Jalisco
2020-04-07,9,5,1,178,152,8,Jalisco
2020-04-08,7,8,1,185,160,9,Jalisco
2020-04-09,5,4,0,190,164,9,Jalisco
2020-04-10,6,8,1,196,172,10,Jalisco
2020-04-11,4,5,1,200,177,11,Jalisco
2020-04-12,3,5,0,203,182,11,Jalisco
2020-04-13,7,9,0,210,191,11,Jalisco
2020-04-14,7,4,0,217,195,11,Jalisco
2020-04-15,1,8,0,218,203,11,Jalisco
2020-04-16,4,6,1,222,209,12,Jalisco
2020-04-17,3,10,1,225,219,13,Jalisco
2020-04-18,0,5,0,225,224,13,Jalisco
2020-04-19,0,1,1,225,225,14,Jalisco
2020-04-20,0,0,1,225,225,15,Jalisco
2020-04-21,0,0,0,225,225,15,Jalisco
2020-02-17,1,0,0,1,0,0,México
2020-02-18,0,0,0,1,0,0,México
2020-02-19,1,0,0,2,0,0,México
2020-02-20,0,0,0,2,0,0,México
2020-02-21,1,0,0,3,0,0,México
2020-02-22,0,0,0,3,0,0,México
2020-02-23,0,0,0,3,0,0,México
2020-02-24,0,0,0,3,0,0,México
2020-02-25,0,0,0,3,0,0,México
2020-02-26,1,0,0,4,0,0,México
2020-02-27,0,0,0,4,0,0,México
2020-02-28,0,1,0,4,1,0,México
2020-02-29,1,0,0,5,1,0,México
2020-03-01,0,0,0,5,1,0,México
2020-03-02,1,0,0,6,1,0,México
2020-03-03,3,0,0,9,1,0,México
2020-03-04,1,2,0,10,3,0,México
2020-03-05,1,0,0,11,3,0,México
2020-03-06,0,0,0,11,3,0,México
2020-03-07,5,0,0,16,3,0,México
2020-03-08,3,2,0,19,5,0,México
2020-03-09,11,1,0,30,6,0,México
2020-03-10,2,2,0,32,8,0,México
2020-03-11,4,2,0,36,10,0,México
2020-03-12,7,2,0,43,12,0,México
2020-03-13,10,12,0,53,24,0,México
2020-03-14,10,4,0,63,28,0,México
2020-03-15,13,9,0,76,37,0,México
2020-03-16,19,6,0,95,43,0,México
2020-03-17,10,7,0,105,50,0,México
2020-03-18,11,6,1,116,56,1,México
2020-03-19,9,11,0,125,67,1,México
2020-03-20,18,10,0,143,77,1,México
2020-03-21,15,6,0,158,83,1,México
2020-03-22,19,5,1,177,88,2,México
2020-03-23,27,14,0,204,102,2,México
2020-03-24,25,22,0,229,124,2,México
2020-03-25,32,21,0,261,145,2,México
2020-03-26,38,24,0,299,169,2,México
2020-03-27,43,37,0,342,206,2,México
2020-03-28,30,24,3,372,230,5,México
2020-03-29,31,17,1,403,247,6,México
2020-03-30,55,48,0,458,295,6,México
2020-03-31,45,31,2,503,326,8,México
2020-04-01,62,43,0,565,369,8,México
2020-04-02,43,41,4,608,410,12,México
2020-04-03,51,42,3,659,452,15,México
2020-04-04,58,30,4,717,482,19,México
2020-04-05,48,37,3,765,519,22,México
2020-04-06,79,66,4,844,585,26,México
2020-04-07,46,61,8,890,646,34,México
2020-04-08,76,78,4,966,724,38,México
2020-04-09,60,38,1,1026,762,39,México
2020-04-10,94,62,3,1120,824,42,México
2020-04-11,62,55,9,1182,879,51,México
2020-04-12,65,47,8,1247,926,59,México
2020-04-13,56,113,8,1303,1039,67,México
2020-04-14,39,107,5,1342,1146,72,México
2020-04-15,25,107,11,1367,1253,83,México
2020-04-16,10,82,6,1377,1335,89,México
2020-04-17,4,24,4,1381,1359,93,México
2020-04-18,0,15,4,1381,1374,97,México
2020-04-19,0,6,4,1381,1380,101,México
2020-04-20,0,1,0,1381,1381,101,México
2020-04-21,0,0,1,1381,1381,102,México
2020-03-09,1,0,0,1,0,0,Michoacán
2020-03-10,0,0,0,1,0,0,Michoacán
2020-03-11,0,0,0,1,0,0,Michoacán
2020-03-12,0,0,0,1,0,0,Michoacán
2020-03-13,0,0,0,1,0,0,Michoacán
2020-03-14,0,0,0,1,0,0,Michoacán
2020-03-15,8,0,0,9,0,0,Michoacán
2020-03-16,1,0,0,10,0,0,Michoacán
2020-03-17,2,0,0,12,0,0,Michoacán
2020-03-18,4,1,0,16,1,0,Michoacán
2020-03-19,0,1,0,16,2,0,Michoacán
2020-03-20,1,2,0,17,4,0,Michoacán
2020-03-21,0,5,0,17,9,0,Michoacán
2020-03-22,4,0,0,21,9,0,Michoacán
2020-03-23,4,3,0,25,12,0,Michoacán
2020-03-24,2,3,0,27,15,0,Michoacán
2020-03-25,4,2,0,31,17,0,Michoacán
2020-03-26,2,3,1,33,20,1,Michoacán
2020-03-27,3,1,0,36,21,1,Michoacán
2020-03-28,1,1,0,37,22,1,Michoacán
2020-03-29,1,3,0,38,25,1,Michoacán
2020-03-30,2,0,0,40,25,1,Michoacán
2020-03-31,1,4,0,41,29,1,Michoacán
2020-04-01,9,3,0,50,32,1,Michoacán
2020-04-02,3,0,0,53,32,1,Michoacán
2020-04-03,3,6,2,56,38,3,Michoacán
2020-04-04,3,2,1,59,40,4,Michoacán
2020-04-05,5,2,0,64,42,4,Michoacán
2020-04-06,5,6,1,69,48,5,Michoacán
2020-04-07,14,6,0,83,54,5,Michoacán
2020-04-08,7,4,1,90,58,6,Michoacán
2020-04-09,6,9,1,96,67,7,Michoacán
2020-04-10,7,3,1,103,70,8,Michoacán
2020-04-11,6,2,1,109,72,9,Michoacán
2020-04-12,9,4,0,118,76,9,Michoacán
2020-04-13,10,13,4,128,89,13,Michoacán
2020-04-14,3,15,1,131,104,14,Michoacán
2020-04-15,2,9,0,133,113,14,Michoacán
2020-04-16,4,6,2,137,119,16,Michoacán
2020-04-17,2,12,0,139,131,16,Michoacán
2020-04-18,0,4,1,139,135,17,Michoacán
2020-04-19,0,4,2,139,139,19,Michoacán
2020-04-20,0,0,0,139,139,19,Michoacán
2020-04-21,0,0,0,139,139,19,Michoacán
2020-03-02,1,0,0,1,0,0,Morelos
2020-03-03,0,0,0,1,0,0,Morelos
2020-03-04,0,0,0,1,0,0,Morelos
2020-03-05,0,0,0,1,0,0,Morelos
2020-03-06,0,0,0,1,0,0,Morelos
2020-03-07,0,0,0,1,0,0,Morelos
2020-03-08,0,0,0,1,0,0,Morelos
2020-03-09,0,0,0,1,0,0,Morelos
2020-03-10,1,0,0,2,0,0,Morelos
2020-03-11,0,0,0,2,0,0,Morelos
2020-03-12,0,0,0,2,0,0,Morelos
2020-03-13,0,0,0,2,0,0,Morelos
2020-03-14,1,1,0,3,1,0,Morelos
2020-03-15,0,0,0,3,1,0,Morelos
2020-03-16,1,0,0,4,1,0,Morelos
2020-03-17,1,1,0,5,2,0,Morelos
2020-03-18,1,1,0,6,3,0,Morelos
2020-03-19,1,0,0,7,3,0,Morelos
2020-03-20,1,1,0,8,4,0,Morelos
2020-03-21,2,1,0,10,5,0,Morelos
2020-03-22,2,0,0,12,5,0,Morelos
2020-03-23,3,2,0,15,7,0,Morelos
2020-03-24,0,3,0,15,10,0,Morelos
2020-03-25,1,0,0,16,10,0,Morelos
2020-03-26,2,0,0,18,10,0,Morelos
2020-03-27,2,0,0,20,10,0,Morelos
2020-03-28,3,2,1,23,12,1,Morelos
2020-03-29,1,1,1,24,13,2,Morelos
2020-03-30,4,2,0,28,15,2,Morelos
2020-03-31,3,1,1,31,16,3,Morelos
2020-04-01,9,3,1,40,19,4,Morelos
2020-04-02,4,8,0,44,27,4,Morelos
2020-04-03,3,1,0,47,28,4,Morelos
2020-04-04,6,2,0,53,30,4,Morelos
2020-04-05,6,3,0,59,33,4,Morelos
2020-04-06,2,8,1,61,41,5,Morelos
2020-04-07,2,7,1,63,48,6,Morelos
2020-04-08,6,6,1,69,54,7,Morelos
2020-04-09,1,6,0,70,60,7,Morelos
2020-04-10,8,1,0,78,61,7,Morelos
2020-04-11,4,1,0,82,62,7,Morelos
2020-04-12,4,3,0,86,65,7,Morelos
2020-04-13,8,6,3,94,71,10,Morelos
2020-04-14,3,9,0,97,80,10,Morelos
2020-04-15,1,7,1,98,87,11,Morelos
2020-04-16,1,4,1,99,91,12,Morelos
2020-04-17,0,3,2,99,94,14,Morelos
2020-04-18,0,2,0,99,96,14,Morelos
2020-04-19,0,3,1,99,99,15,Morelos
2020-04-20,0,0,0,99,99,15,Morelos
2020-04-21,0,0,0,99,99,15,Morelos
2020-01-06,1,1,0,1,1,0,Nayarit
2020-01-07,0,0,0,1,1,0,Nayarit
2020-01-08,0,0,0,1,1,0,Nayarit
2020-01-09,0,0,0,1,1,0,Nayarit
2020-01-10,0,0,0,1,1,0,Nayarit
2020-01-11,0,0,0,1,1,0,Nayarit
2020-01-12,0,0,0,1,1,0,Nayarit
2020-01-13,0,0,0,1,1,0,Nayarit
2020-01-14,0,0,0,1,1,0,Nayarit
2020-01-15,0,0,0,1,1,0,Nayarit
2020-01-16,0,0,0,1,1,0,Nayarit
2020-01-17,0,0,0,1,1,0,Nayarit
2020-01-18,0,0,0,1,1,0,Nayarit
2020-01-19,0,0,0,1,1,0,Nayarit
2020-01-20,0,0,0,1,1,0,Nayarit
2020-01-21,0,0,0,1,1,0,Nayarit
2020-01-22,0,0,0,1,1,0,Nayarit
2020-01-23,0,0,0,1,1,0,Nayarit
2020-01-24,0,0,0,1,1,0,Nayarit
2020-01-25,0,0,0,1,1,0,Nayarit
2020-01-26,0,0,0,1,1,0,Nayarit
2020-01-27,0,0,0,1,1,0,Nayarit
2020-01-28,0,0,0,1,1,0,Nayarit
2020-01-29,0,0,0,1,1,0,Nayarit
2020-01-30,0,0,0,1,1,0,Nayarit
2020-01-31,0,0,0,1,1,0,Nayarit
2020-02-01,0,0,0,1,1,0,Nayarit
2020-02-02,0,0,0,1,1,0,Nayarit
2020-02-03,0,0,0,1,1,0,Nayarit
2020-02-04,0,0,0,1,1,0,Nayarit
2020-02-05,0,0,0,1,1,0,Nayarit
2020-02-06,0,0,0,1,1,0,Nayarit
2020-02-07,0,0,0,1,1,0,Nayarit
2020-02-08,0,0,0,1,1,0,Nayarit
2020-02-09,0,0,0,1,1,0,Nayarit
2020-02-10,0,0,0,1,1,0,Nayarit
2020-02-11,0,0,0,1,1,0,Nayarit
2020-02-12,0,0,0,1,1,0,Nayarit
2020-02-13,0,0,0,1,1,0,Nayarit
2020-02-14,0,0,0,1,1,0,Nayarit
2020-02-15,0,0,0,1,1,0,Nayarit
2020-02-16,0,0,0,1,1,0,Nayarit
2020-02-17,0,0,0,1,1,0,Nayarit
2020-02-18,0,0,0,1,1,0,Nayarit
2020-02-19,0,0,0,1,1,0,Nayarit
2020-02-20,0,0,0,1,1,0,Nayarit
2020-02-21,0,0,0,1,1,0,Nayarit
2020-02-22,0,0,0,1,1,0,Nayarit
2020-02-23,0,0,0,1,1,0,Nayarit
2020-02-24,0,0,0,1,1,0,Nayarit
2020-02-25,0,0,0,1,1,0,Nayarit
2020-02-26,0,0,0,1,1,0,Nayarit
2020-02-27,0,0,0,1,1,0,Nayarit
2020-02-28,0,0,0,1,1,0,Nayarit
2020-02-29,0,0,0,1,1,0,Nayarit
2020-03-01,0,0,0,1,1,0,Nayarit
2020-03-02,0,0,0,1,1,0,Nayarit
2020-03-03,0,0,0,1,1,0,Nayarit
2020-03-04,0,0,0,1,1,0,Nayarit
2020-03-05,0,0,0,1,1,0,Nayarit
2020-03-06,0,0,0,1,1,0,Nayarit
2020-03-07,0,0,0,1,1,0,Nayarit
2020-03-08,0,0,0,1,1,0,Nayarit
2020-03-09,0,0,0,1,1,0,Nayarit
2020-03-10,1,0,0,2,1,0,Nayarit
2020-03-11,0,0,0,2,1,0,Nayarit
2020-03-12,0,0,0,2,1,0,Nayarit
2020-03-13,0,0,0,2,1,0,Nayarit
2020-03-14,0,0,0,2,1,0,Nayarit
2020-03-15,1,0,0,3,1,0,Nayarit
2020-03-16,0,0,0,3,1,0,Nayarit
2020-03-17,1,0,0,4,1,0,Nayarit
2020-03-18,0,1,0,4,2,0,Nayarit
2020-03-19,1,1,0,5,3,0,Nayarit
2020-03-20,0,0,0,5,3,0,Nayarit
2020-03-21,1,0,0,6,3,0,Nayarit
2020-03-22,0,0,0,6,3,0,Nayarit
2020-03-23,0,2,0,6,5,0,Nayarit
2020-03-24,2,3,0,8,8,0,Nayarit
2020-03-25,0,0,0,8,8,0,Nayarit
2020-03-26,0,0,0,8,8,0,Nayarit
2020-03-27,2,0,0,10,8,0,Nayarit
2020-03-28,1,1,0,11,9,0,Nayarit
2020-03-29,0,0,0,11,9,0,Nayarit
2020-03-30,0,0,1,11,9,1,Nayarit
2020-03-31,3,2,0,14,11,1,Nayarit
2020-04-01,2,0,0,16,11,1,Nayarit
2020-04-02,3,0,0,19,11,1,Nayarit
2020-04-03,1,1,0,20,12,1,Nayarit
2020-04-04,2,4,0,22,16,1,Nayarit
2020-04-05,4,1,0,26,17,1,Nayarit
2020-04-06,1,2,0,27,19,1,Nayarit
2020-04-07,1,2,0,28,21,1,Nayarit
2020-04-08,2,2,2,30,23,3,Nayarit
2020-04-09,0,2,1,30,25,4,Nayarit
2020-04-10,4,0,0,34,25,4,Nayarit
2020-04-11,1,2,0,35,27,4,Nayarit
2020-04-12,1,3,1,36,30,5,Nayarit
2020-04-13,3,4,0,39,34,5,Nayarit
2020-04-14,2,1,0,41,35,5,Nayarit
2020-04-15,0,1,0,41,36,5,Nayarit
2020-04-16,2,3,0,43,39,5,Nayarit
2020-04-17,2,3,0,45,42,5,Nayarit
2020-04-18,0,1,0,45,43,5,Nayarit
2020-04-19,0,2,0,45,45,5,Nayarit
2020-04-20,0,0,0,45,45,5,Nayarit
2020-04-21,0,0,0,45,45,5,Nayarit
2020-03-02,1,0,0,1,0,0,Nuevo León
2020-03-03,0,0,0,1,0,0,Nuevo León
2020-03-04,1,0,0,2,0,0,Nuevo León
2020-03-05,1,0,0,3,0,0,Nuevo León
2020-03-06,1,0,0,4,0,0,Nuevo León
2020-03-07,2,0,0,6,0,0,Nuevo León
2020-03-08,0,0,0,6,0,0,Nuevo León
2020-03-09,9,0,0,15,0,0,Nuevo León
2020-03-10,2,2,0,17,2,0,Nuevo León
2020-03-11,5,4,0,22,6,0,Nuevo León
2020-03-12,2,0,0,24,6,0,Nuevo León
2020-03-13,6,5,0,30,11,0,Nuevo León
2020-03-14,8,6,0,38,17,0,Nuevo León
2020-03-15,7,0,0,45,17,0,Nuevo León
2020-03-16,3,6,0,48,23,0,Nuevo León
2020-03-17,8,6,0,56,29,0,Nuevo León
2020-03-18,6,9,0,62,38,0,Nuevo León
2020-03-19,5,4,0,67,42,0,Nuevo León
2020-03-20,5,12,0,72,54,0,Nuevo León
2020-03-21,3,4,0,75,58,0,Nuevo León
2020-03-22,4,4,0,79,62,0,Nuevo León
2020-03-23,3,5,0,82,67,0,Nuevo León
2020-03-24,1,5,0,83,72,0,Nuevo León
2020-03-25,2,0,0,85,72,0,Nuevo León
2020-03-26,3,2,0,88,74,0,Nuevo León
2020-03-27,2,8,0,90,82,0,Nuevo León
2020-03-28,1,2,0,91,84,0,Nuevo León
2020-03-29,2,3,0,93,87,0,Nuevo León
2020-03-30,4,4,0,97,91,0,Nuevo León
2020-03-31,7,0,0,104,91,0,Nuevo León
2020-04-01,5,0,0,109,91,0,Nuevo León
2020-04-02,10,5,0,119,96,0,Nuevo León
2020-04-03,7,2,2,126,98,2,Nuevo León
2020-04-04,2,3,0,128,101,2,Nuevo León
2020-04-05,7,2,1,135,103,3,Nuevo León
2020-04-06,9,10,0,144,113,3,Nuevo León
2020-04-07,10,6,2,154,119,5,Nuevo León
2020-04-08,8,8,0,162,127,5,Nuevo León
2020-04-09,7,1,0,169,128,5,Nuevo León
2020-04-10,13,22,0,182,150,5,Nuevo León
2020-04-11,7,7,0,189,157,5,Nuevo León
2020-04-12,0,13,0,189,170,5,Nuevo León
2020-04-13,2,14,0,191,184,5,Nuevo León
2020-04-14,2,5,0,193,189,5,Nuevo León
2020-04-15,0,0,0,193,189,5,Nuevo León
2020-04-16,1,3,0,194,192,5,Nuevo León
2020-04-17,0,2,0,194,194,5,Nuevo León
2020-04-18,0,0,0,194,194,5,Nuevo León
2020-04-19,0,0,0,194,194,5,Nuevo León
2020-04-20,0,0,0,194,194,5,Nuevo León
2020-04-21,0,0,0,194,194,5,Nuevo León
2020-03-09,1,0,0,1,0,0,Oaxaca
2020-03-10,1,0,0,2,0,0,Oaxaca
2020-03-11,0,0,0,2,0,0,Oaxaca
2020-03-12,2,0,0,4,0,0,Oaxaca
2020-03-13,0,2,0,4,2,0,Oaxaca
2020-03-14,0,0,0,4,2,0,Oaxaca
2020-03-15,0,0,0,4,2,0,Oaxaca
2020-03-16,1,0,0,5,2,0,Oaxaca
2020-03-17,0,0,0,5,2,0,Oaxaca
2020-03-18,0,0,0,5,2,0,Oaxaca
2020-03-19,2,1,0,7,3,0,Oaxaca
2020-03-20,3,1,0,10,4,0,Oaxaca
2020-03-21,1,1,0,11,5,0,Oaxaca
2020-03-22,1,1,0,12,6,0,Oaxaca
2020-03-23,4,2,0,16,8,0,Oaxaca
2020-03-24,1,1,0,17,9,0,Oaxaca
2020-03-25,1,3,0,18,12,0,Oaxaca
2020-03-26,3,3,0,21,15,0,Oaxaca
2020-03-27,3,1,0,24,16,0,Oaxaca
2020-03-28,4,1,0,28,17,0,Oaxaca
2020-03-29,3,2,1,31,19,1,Oaxaca
2020-03-30,3,2,0,34,21,1,Oaxaca
2020-03-31,1,5,0,35,26,1,Oaxaca
2020-04-01,0,1,0,35,27,1,Oaxaca
2020-04-02,0,0,0,35,27,1,Oaxaca
2020-04-03,5,3,0,40,30,1,Oaxaca
2020-04-04,2,2,0,42,32,1,Oaxaca
2020-04-05,3,2,0,45,34,1,Oaxaca
2020-04-06,4,6,0,49,40,1,Oaxaca
2020-04-07,0,0,0,49,40,1,Oaxaca
2020-04-08,2,4,0,51,44,1,Oaxaca
2020-04-09,4,0,1,55,44,2,Oaxaca
2020-04-10,7,2,0,62,46,2,Oaxaca
2020-04-11,0,1,1,62,47,3,Oaxaca
2020-04-12,3,2,0,65,49,3,Oaxaca
2020-04-13,0,5,0,65,54,3,Oaxaca
2020-04-14,6,3,1,71,57,4,Oaxaca
2020-04-15,2,4,0,73,61,4,Oaxaca
2020-04-16,0,3,1,73,64,5,Oaxaca
2020-04-17,0,7,1,73,71,6,Oaxaca
2020-04-18,0,1,0,73,72,6,Oaxaca
2020-04-19,0,1,0,73,73,6,Oaxaca
2020-04-20,0,0,0,73,73,6,Oaxaca
2020-04-21,0,0,1,73,73,7,Oaxaca
2020-03-05,2,0,0,2,0,0,Puebla
2020-03-06,0,0,0,2,0,0,Puebla
2020-03-07,0,0,0,2,0,0,Puebla
2020-03-08,2,0,0,4,0,0,Puebla
2020-03-09,4,0,0,8,0,0,Puebla
2020-03-10,3,0,0,11,0,0,Puebla
2020-03-11,2,1,0,13,1,0,Puebla
2020-03-12,1,1,0,14,2,0,Puebla
2020-03-13,4,4,0,18,6,0,Puebla
2020-03-14,4,2,0,22,8,0,Puebla
2020-03-15,3,3,0,25,11,0,Puebla
2020-03-16,11,2,0,36,13,0,Puebla
2020-03-17,4,3,0,40,16,0,Puebla
2020-03-18,6,3,0,46,19,0,Puebla
2020-03-19,1,5,0,47,24,0,Puebla
2020-03-20,9,5,0,56,29,0,Puebla
2020-03-21,9,4,0,65,33,0,Puebla
2020-03-22,9,1,0,74,34,0,Puebla
2020-03-23,15,8,0,89,42,0,Puebla
2020-03-24,7,14,0,96,56,0,Puebla
2020-03-25,4,6,0,100,62,0,Puebla
2020-03-26,6,14,0,106,76,0,Puebla
2020-03-27,13,8,1,119,84,1,Puebla
2020-03-28,24,12,1,143,96,2,Puebla
2020-03-29,24,4,0,167,100,2,Puebla
2020-03-30,17,13,0,184,113,2,Puebla
2020-03-31,9,21,1,193,134,3,Puebla
2020-04-01,16,13,1,209,147,4,Puebla
2020-04-02,23,17,1,232,164,5,Puebla
2020-04-03,17,14,1,249,178,6,Puebla
2020-04-04,12,10,3,261,188,9,Puebla
2020-04-05,12,6,3,273,194,12,Puebla
2020-04-06,17,22,4,290,216,16,Puebla
2020-04-07,6,12,7,296,228,23,Puebla
2020-04-08,5,19,1,301,247,24,Puebla
2020-04-09,7,11,1,308,258,25,Puebla
2020-04-10,12,8,4,320,266,29,Puebla
2020-04-11,11,14,5,331,280,34,Puebla
2020-04-12,12,4,2,343,284,36,Puebla
2020-04-13,16,19,2,359,303,38,Puebla
2020-04-14,6,10,4,365,313,42,Puebla
2020-04-15,5,19,1,370,332,43,Puebla
2020-04-16,7,8,2,377,340,45,Puebla
2020-04-17,4,14,2,381,354,47,Puebla
2020-04-18,2,15,5,383,369,52,Puebla
2020-04-19,0,4,3,383,373,55,Puebla
2020-04-20,0,10,0,383,383,55,Puebla
2020-04-21,0,0,0,383,383,55,Puebla
2020-03-05,1,0,0,1,0,0,Querétaro
2020-03-06,0,0,0,1,0,0,Querétaro
2020-03-07,0,0,0,1,0,0,Querétaro
2020-03-08,1,0,0,2,0,0,Querétaro
2020-03-09,1,0,0,3,0,0,Querétaro
2020-03-10,4,2,0,7,2,0,Querétaro
2020-03-11,1,1,0,8,3,0,Querétaro
2020-03-12,0,1,0,8,4,0,Querétaro
2020-03-13,1,2,0,9,6,0,Querétaro
2020-03-14,1,1,0,10,7,0,Querétaro
2020-03-15,1,0,0,11,7,0,Querétaro
2020-03-16,3,0,0,14,7,0,Querétaro
2020-03-17,3,2,0,17,9,0,Querétaro
2020-03-18,2,2,0,19,11,0,Querétaro
2020-03-19,0,3,0,19,14,0,Querétaro
2020-03-20,3,0,0,22,14,0,Querétaro
2020-03-21,2,1,0,24,15,0,Querétaro
2020-03-22,2,0,0,26,15,0,Querétaro
2020-03-23,2,3,0,28,18,0,Querétaro
2020-03-24,0,4,0,28,22,0,Querétaro
2020-03-25,3,2,0,31,24,0,Querétaro
2020-03-26,3,1,0,34,25,0,Querétaro
2020-03-27,2,3,0,36,28,0,Querétaro
2020-03-28,2,0,1,38,28,1,Querétaro
2020-03-29,1,1,0,39,29,1,Querétaro
2020-03-30,1,1,0,40,30,1,Querétaro
2020-03-31,1,4,0,41,34,1,Querétaro
2020-04-01,4,4,0,45,38,1,Querétaro
2020-04-02,2,1,1,47,39,2,Querétaro
2020-04-03,4,4,0,51,43,2,Querétaro
2020-04-04,2,1,0,53,44,2,Querétaro
2020-04-05,2,0,0,55,44,2,Querétaro
2020-04-06,3,4,0,58,48,2,Querétaro
2020-04-07,3,4,0,61,52,2,Querétaro
2020-04-08,1,3,0,62,55,2,Querétaro
2020-04-09,2,3,0,64,58,2,Querétaro
2020-04-10,3,2,1,67,60,3,Querétaro
2020-04-11,4,2,1,71,62,4,Querétaro
2020-04-12,6,0,0,77,62,4,Querétaro
2020-04-13,1,5,0,78,67,4,Querétaro
2020-04-14,2,6,1,80,73,5,Querétaro
2020-04-15,4,2,1,84,75,6,Querétaro
2020-04-16,1,5,0,85,80,6,Querétaro
2020-04-17,0,3,0,85,83,6,Querétaro
2020-04-18,1,1,0,86,84,6,Querétaro
2020-04-19,0,0,0,86,84,6,Querétaro
2020-04-20,0,2,0,86,86,6,Querétaro
2020-04-21,0,0,0,86,86,6,Querétaro
2020-03-01,1,0,0,1,0,0,Quintana Roo
2020-03-02,0,0,0,1,0,0,Quintana Roo
2020-03-03,0,0,0,1,0,0,Quintana Roo
2020-03-04,0,0,0,1,0,0,Quintana Roo
2020-03-05,0,0,0,1,0,0,Quintana Roo
2020-03-06,0,0,0,1,0,0,Quintana Roo
2020-03-07,0,0,0,1,0,0,Quintana Roo
2020-03-08,1,0,0,2,0,0,Quintana Roo
2020-03-09,1,0,0,3,0,0,Quintana Roo
2020-03-10,2,0,0,5,0,0,Quintana Roo
2020-03-11,3,2,0,8,2,0,Quintana Roo
2020-03-12,1,1,0,9,3,0,Quintana Roo
2020-03-13,3,0,0,12,3,0,Quintana Roo
2020-03-14,4,4,0,16,7,0,Quintana Roo
2020-03-15,6,0,0,22,7,0,Quintana Roo
2020-03-16,2,3,0,24,10,0,Quintana Roo
2020-03-17,3,4,0,27,14,0,Quintana Roo
2020-03-18,7,2,0,34,16,0,Quintana Roo
2020-03-19,4,5,0,38,21,0,Quintana Roo
2020-03-20,8,0,0,46,21,0,Quintana Roo
2020-03-21,9,3,0,55,24,0,Quintana Roo
2020-03-22,6,4,0,61,28,0,Quintana Roo
2020-03-23,10,4,0,71,32,0,Quintana Roo
2020-03-24,6,9,0,77,41,0,Quintana Roo
2020-03-25,12,11,0,89,52,0,Quintana Roo
2020-03-26,6,9,1,95,61,1,Quintana Roo
2020-03-27,20,7,1,115,68,2,Quintana Roo
2020-03-28,15,7,1,130,75,3,Quintana Roo
2020-03-29,17,3,0,147,78,3,Quintana Roo
2020-03-30,17,21,0,164,99,3,Quintana Roo
2020-03-31,12,14,2,176,113,5,Quintana Roo
2020-04-01,19,22,1,195,135,6,Quintana Roo
2020-04-02,14,12,2,209,147,8,Quintana Roo
2020-04-03,17,12,2,226,159,10,Quintana Roo
2020-04-04,12,7,1,238,166,11,Quintana Roo
2020-04-05,25,9,1,263,175,12,Quintana Roo
2020-04-06,21,30,2,284,205,14,Quintana Roo
2020-04-07,12,18,2,296,223,16,Quintana Roo
2020-04-08,15,24,3,311,247,19,Quintana Roo
2020-04-09,17,9,4,328,256,23,Quintana Roo
2020-04-10,14,20,2,342,276,25,Quintana Roo
2020-04-11,15,14,2,357,290,27,Quintana Roo
2020-04-12,12,17,4,369,307,31,Quintana Roo
2020-04-13,8,18,5,377,325,36,Quintana Roo
2020-04-14,8,12,3,385,337,39,Quintana Roo
2020-04-15,7,17,0,392,354,39,Quintana Roo
2020-04-16,5,14,1,397,368,40,Quintana Roo
2020-04-17,0,17,3,397,385,43,Quintana Roo
2020-04-18,1,9,2,398,394,45,Quintana Roo
2020-04-19,0,4,1,398,398,46,Quintana Roo
2020-04-20,0,0,1,398,398,47,Quintana Roo
2020-04-21,0,0,0,398,398,47,Quintana Roo
2020-03-07,1,0,0,1,0,0,San Luis Potosí
2020-03-08,0,0,0,1,0,0,San Luis Potosí
2020-03-09,1,0,0,2,0,0,San Luis Potosí
2020-03-10,0,0,0,2,0,0,San Luis Potosí
2020-03-11,1,0,0,3,0,0,San Luis Potosí
2020-03-12,1,0,0,4,0,0,San Luis Potosí
2020-03-13,0,2,0,4,2,0,San Luis Potosí
2020-03-14,1,0,0,5,2,0,San Luis Potosí
2020-03-15,4,0,0,9,2,0,San Luis Potosí
2020-03-16,2,1,0,11,3,0,San Luis Potosí
2020-03-17,1,5,0,12,8,0,San Luis Potosí
2020-03-18,4,1,0,16,9,0,San Luis Potosí
2020-03-19,2,3,0,18,12,0,San Luis Potosí
2020-03-20,1,3,0,19,15,0,San Luis Potosí
2020-03-21,2,4,0,21,19,0,San Luis Potosí
2020-03-22,3,1,0,24,20,0,San Luis Potosí
2020-03-23,0,2,0,24,22,0,San Luis Potosí
2020-03-24,5,0,1,29,22,1,San Luis Potosí
2020-03-25,3,0,1,32,22,2,San Luis Potosí
2020-03-26,1,1,0,33,23,2,San Luis Potosí
2020-03-27,3,6,0,36,29,2,San Luis Potosí
2020-03-28,1,0,0,37,29,2,San Luis Potosí
2020-03-29,2,6,0,39,35,2,San Luis Potosí
2020-03-30,1,3,1,40,38,3,San Luis Potosí
2020-03-31,4,2,0,44,40,3,San Luis Potosí
2020-04-01,2,0,0,46,40,3,San Luis Potosí
2020-04-02,3,0,0,49,40,3,San Luis Potosí
2020-04-03,3,0,0,52,40,3,San Luis Potosí
2020-04-04,3,3,0,55,43,3,San Luis Potosí
2020-04-05,0,1,0,55,44,3,San Luis Potosí
2020-04-06,1,2,1,56,46,4,San Luis Potosí
2020-04-07,0,3,0,56,49,4,San Luis Potosí
2020-04-08,1,1,0,57,50,4,San Luis Potosí
2020-04-09,1,4,0,58,54,4,San Luis Potosí
2020-04-10,2,1,0,60,55,4,San Luis Potosí
2020-04-11,0,2,0,60,57,4,San Luis Potosí
2020-04-12,1,0,0,61,57,4,San Luis Potosí
2020-04-13,2,1,0,63,58,4,San Luis Potosí
2020-04-14,2,0,0,65,58,4,San Luis Potosí
2020-04-15,1,2,0,66,60,4,San Luis Potosí
2020-04-16,0,2,0,66,62,4,San Luis Potosí
2020-04-17,0,4,0,66,66,4,San Luis Potosí
2020-04-18,0,0,1,66,66,5,San Luis Potosí
2020-04-19,0,0,0,66,66,5,San Luis Potosí
2020-04-20,0,0,0,66,66,5,San Luis Potosí
2020-04-21,0,0,0,66,66,5,San Luis Potosí
2020-03-01,1,0,0,1,0,0,Sinaloa
2020-03-02,0,0,0,1,0,0,Sinaloa
2020-03-03,0,0,0,1,0,0,Sinaloa
2020-03-04,0,0,0,1,0,0,Sinaloa
2020-03-05,0,0,0,1,0,0,Sinaloa
2020-03-06,0,0,0,1,0,0,Sinaloa
2020-03-07,0,0,0,1,0,0,Sinaloa
2020-03-08,0,0,0,1,0,0,Sinaloa
2020-03-09,1,0,0,2,0,0,Sinaloa
2020-03-10,0,0,0,2,0,0,Sinaloa
2020-03-11,0,0,0,2,0,0,Sinaloa
2020-03-12,1,0,0,3,0,0,Sinaloa
2020-03-13,0,1,0,3,1,0,Sinaloa
2020-03-14,2,0,0,5,1,0,Sinaloa
2020-03-15,2,0,0,7,1,0,Sinaloa
2020-03-16,3,1,0,10,2,0,Sinaloa
2020-03-17,2,1,0,12,3,0,Sinaloa
2020-03-18,1,0,0,13,3,0,Sinaloa
2020-03-19,3,1,0,16,4,0,Sinaloa
2020-03-20,5,1,0,21,5,0,Sinaloa
2020-03-21,6,0,0,27,5,0,Sinaloa
2020-03-22,6,1,0,33,6,0,Sinaloa
2020-03-23,16,2,0,49,8,0,Sinaloa
2020-03-24,12,5,0,61,13,0,Sinaloa
2020-03-25,9,7,0,70,20,0,Sinaloa
2020-03-26,11,9,1,81,29,1,Sinaloa
2020-03-27,13,9,0,94,38,1,Sinaloa
2020-03-28,10,5,1,104,43,2,Sinaloa
2020-03-29,15,6,1,119,49,3,Sinaloa
2020-03-30,16,11,0,135,60,3,Sinaloa
2020-03-31,24,15,1,159,75,4,Sinaloa
2020-04-01,18,14,2,177,89,6,Sinaloa
2020-04-02,22,28,3,199,117,9,Sinaloa
2020-04-03,27,9,2,226,126,11,Sinaloa
2020-04-04,23,10,2,249,136,13,Sinaloa
2020-04-05,21,15,0,270,151,13,Sinaloa
2020-04-06,27,27,1,297,178,14,Sinaloa
2020-04-07,26,20,2,323,198,16,Sinaloa
2020-04-08,32,29,2,355,227,18,Sinaloa
2020-04-09,26,10,5,381,237,23,Sinaloa
2020-04-10,36,30,5,417,267,28,Sinaloa
2020-04-11,27,22,4,444,289,32,Sinaloa
2020-04-12,24,20,3,468,309,35,Sinaloa
2020-04-13,16,40,3,484,349,38,Sinaloa
2020-04-14,15,40,3,499,389,41,Sinaloa
2020-04-15,5,46,3,504,435,44,Sinaloa
2020-04-16,1,37,0,505,472,44,Sinaloa
2020-04-17,3,23,2,508,495,46,Sinaloa
2020-04-18,0,11,0,508,506,46,Sinaloa
2020-04-19,0,2,2,508,508,48,Sinaloa
2020-04-20,0,0,4,508,508,52,Sinaloa
2020-04-21,0,0,0,508,508,52,Sinaloa
2020-03-11,2,0,0,2,0,0,Sonora
2020-03-12,1,0,0,3,0,0,Sonora
2020-03-13,0,0,0,3,0,0,Sonora
2020-03-14,0,0,0,3,0,0,Sonora
2020-03-15,1,1,0,4,1,0,Sonora
2020-03-16,2,0,0,6,1,0,Sonora
2020-03-17,3,2,0,9,3,0,Sonora
2020-03-18,1,1,0,10,4,0,Sonora
2020-03-19,2,0,0,12,4,0,Sonora
2020-03-20,2,1,0,14,5,0,Sonora
2020-03-21,0,1,0,14,6,0,Sonora
2020-03-22,2,0,0,16,6,0,Sonora
2020-03-23,1,1,0,17,7,0,Sonora
2020-03-24,2,3,0,19,10,0,Sonora
2020-03-25,1,3,0,20,13,0,Sonora
2020-03-26,4,0,0,24,13,0,Sonora
2020-03-27,4,4,0,28,17,0,Sonora
2020-03-28,5,3,0,33,20,0,Sonora
2020-03-29,0,0,0,33,20,0,Sonora
2020-03-30,1,1,1,34,21,1,Sonora
2020-03-31,4,5,0,38,26,1,Sonora
2020-04-01,11,1,0,49,27,1,Sonora
2020-04-02,2,2,0,51,29,1,Sonora
2020-04-03,5,1,0,56,30,1,Sonora
2020-04-04,7,6,0,63,36,1,Sonora
2020-04-05,6,2,2,69,38,3,Sonora
2020-04-06,16,11,1,85,49,4,Sonora
2020-04-07,5,8,1,90,57,5,Sonora
2020-04-08,5,10,1,95,67,6,Sonora
2020-04-09,6,4,1,101,71,7,Sonora
2020-04-10,9,4,0,110,75,7,Sonora
2020-04-11,4,5,1,114,80,8,Sonora
2020-04-12,1,3,3,115,83,11,Sonora
2020-04-13,2,14,0,117,97,11,Sonora
2020-04-14,0,3,0,117,100,11,Sonora
2020-04-15,1,8,1,118,108,12,Sonora
2020-04-16,0,5,0,118,113,12,Sonora
2020-04-17,0,2,1,118,115,13,Sonora
2020-04-18,0,3,0,118,118,13,Sonora
2020-04-19,0,0,0,118,118,13,Sonora
2020-04-20,0,0,1,118,118,14,Sonora
2020-04-21,0,0,0,118,118,14,Sonora
2020-01-08,1,1,0,1,1,0,Tabasco
2020-01-09,0,0,0,1,1,0,Tabasco
2020-01-10,0,0,0,1,1,0,Tabasco
2020-01-11,0,0,0,1,1,0,Tabasco
2020-01-12,0,0,0,1,1,0,Tabasco
2020-01-13,0,0,0,1,1,0,Tabasco
2020-01-14,0,0,0,1,1,0,Tabasco
2020-01-15,0,0,0,1,1,0,Tabasco
2020-01-16,0,0,0,1,1,0,Tabasco
2020-01-17,0,0,0,1,1,0,Tabasco
2020-01-18,0,0,0,1,1,0,Tabasco
2020-01-19,0,0,0,1,1,0,Tabasco
2020-01-20,0,0,0,1,1,0,Tabasco
2020-01-21,0,0,0,1,1,0,Tabasco
2020-01-22,0,0,0,1,1,0,Tabasco
2020-01-23,0,0,0,1,1,0,Tabasco
2020-01-24,0,0,0,1,1,0,Tabasco
2020-01-25,0,0,0,1,1,0,Tabasco
2020-01-26,0,0,0,1,1,0,Tabasco
2020-01-27,0,0,0,1,1,0,Tabasco
2020-01-28,0,0,0,1,1,0,Tabasco
2020-01-29,0,0,0,1,1,0,Tabasco
2020-01-30,0,0,0,1,1,0,Tabasco
2020-01-31,0,0,0,1,1,0,Tabasco
2020-02-01,0,0,0,1,1,0,Tabasco
2020-02-02,0,0,0,1,1,0,Tabasco
2020-02-03,0,0,0,1,1,0,Tabasco
2020-02-04,0,0,0,1,1,0,Tabasco
2020-02-05,0,0,0,1,1,0,Tabasco
2020-02-06,0,0,0,1,1,0,Tabasco
2020-02-07,0,0,0,1,1,0,Tabasco
2020-02-08,0,0,0,1,1,0,Tabasco
2020-02-09,0,0,0,1,1,0,Tabasco
2020-02-10,0,0,0,1,1,0,Tabasco
2020-02-11,0,0,0,1,1,0,Tabasco
2020-02-12,0,0,0,1,1,0,Tabasco
2020-02-13,0,0,0,1,1,0,Tabasco
2020-02-14,0,0,0,1,1,0,Tabasco
2020-02-15,0,0,0,1,1,0,Tabasco
2020-02-16,0,0,0,1,1,0,Tabasco
2020-02-17,0,0,0,1,1,0,Tabasco
2020-02-18,0,0,0,1,1,0,Tabasco
2020-02-19,0,0,0,1,1,0,Tabasco
2020-02-20,0,0,0,1,1,0,Tabasco
2020-02-21,0,0,0,1,1,0,Tabasco
2020-02-22,0,0,0,1,1,0,Tabasco
2020-02-23,0,0,0,1,1,0,Tabasco
2020-02-24,0,0,0,1,1,0,Tabasco
2020-02-25,0,0,0,1,1,0,Tabasco
2020-02-26,0,0,0,1,1,0,Tabasco
2020-02-27,0,0,0,1,1,0,Tabasco
2020-02-28,0,0,0,1,1,0,Tabasco
2020-02-29,0,0,0,1,1,0,Tabasco
2020-03-01,0,0,0,1,1,0,Tabasco
2020-03-02,0,0,0,1,1,0,Tabasco
2020-03-03,0,0,0,1,1,0,Tabasco
2020-03-04,0,0,0,1,1,0,Tabasco
2020-03-05,0,0,0,1,1,0,Tabasco
2020-03-06,0,0,0,1,1,0,Tabasco
2020-03-07,0,0,0,1,1,0,Tabasco
2020-03-08,0,0,0,1,1,0,Tabasco
2020-03-09,3,0,0,4,1,0,Tabasco
2020-03-10,2,0,0,6,1,0,Tabasco
2020-03-11,0,0,0,6,1,0,Tabasco
2020-03-12,0,0,0,6,1,0,Tabasco
2020-03-13,2,0,0,8,1,0,Tabasco
2020-03-14,2,0,0,10,1,0,Tabasco
2020-03-15,1,0,0,11,1,0,Tabasco
2020-03-16,3,0,0,14,1,0,Tabasco
2020-03-17,2,1,0,16,2,0,Tabasco
2020-03-18,5,2,0,21,4,0,Tabasco
2020-03-19,8,2,0,29,6,0,Tabasco
2020-03-20,4,2,0,33,8,0,Tabasco
2020-03-21,5,0,0,38,8,0,Tabasco
2020-03-22,3,0,0,41,8,0,Tabasco
2020-03-23,7,3,0,48,11,0,Tabasco
2020-03-24,6,10,0,54,21,0,Tabasco
2020-03-25,11,3,0,65,24,0,Tabasco
2020-03-26,6,5,0,71,29,0,Tabasco
2020-03-27,7,10,0,78,39,0,Tabasco
2020-03-28,15,1,0,93,40,0,Tabasco
2020-03-29,12,9,0,105,49,0,Tabasco
2020-03-30,10,9,0,115,58,0,Tabasco
2020-03-31,9,11,1,124,69,1,Tabasco
2020-04-01,11,9,3,135,78,4,Tabasco
2020-04-02,16,14,0,151,92,4,Tabasco
2020-04-03,11,19,1,162,111,5,Tabasco
2020-04-04,24,3,0,186,114,5,Tabasco
2020-04-05,15,8,3,201,122,8,Tabasco
2020-04-06,27,6,3,228,128,11,Tabasco
2020-04-07,27,12,0,255,140,11,Tabasco
2020-04-08,23,15,1,278,155,12,Tabasco
2020-04-09,34,8,1,312,163,13,Tabasco
2020-04-10,32,13,0,344,176,13,Tabasco
2020-04-11,18,18,1,362,194,14,Tabasco
2020-04-12,24,28,2,386,222,16,Tabasco
2020-04-13,29,29,4,415,251,20,Tabasco
2020-04-14,23,44,5,438,295,25,Tabasco
2020-04-15,18,29,3,456,324,28,Tabasco
2020-04-16,6,30,2,462,354,30,Tabasco
2020-04-17,5,34,10,467,388,40,Tabasco
2020-04-18,2,38,8,469,426,48,Tabasco
2020-04-19,4,26,6,473,452,54,Tabasco
2020-04-20,0,21,2,473,473,56,Tabasco
2020-04-21,0,0,0,473,473,56,Tabasco
2020-03-13,1,0,0,1,0,0,Tamaulipas
2020-03-14,2,0,0,3,0,0,Tamaulipas
2020-03-15,0,1,0,3,1,0,Tamaulipas
2020-03-16,3,1,0,6,2,0,Tamaulipas
2020-03-17,0,0,0,6,2,0,Tamaulipas
2020-03-18,0,0,0,6,2,0,Tamaulipas
2020-03-19,0,1,0,6,3,0,Tamaulipas
2020-03-20,3,1,0,9,4,0,Tamaulipas
2020-03-21,2,0,0,11,4,0,Tamaulipas
2020-03-22,1,2,0,12,6,0,Tamaulipas
2020-03-23,1,1,0,13,7,0,Tamaulipas
2020-03-24,1,1,0,14,8,0,Tamaulipas
2020-03-25,2,0,0,16,8,0,Tamaulipas
2020-03-26,4,0,0,20,8,0,Tamaulipas
2020-03-27,3,1,0,23,9,0,Tamaulipas
2020-03-28,1,1,0,24,10,0,Tamaulipas
2020-03-29,0,3,0,24,13,0,Tamaulipas
2020-03-30,7,4,0,31,17,0,Tamaulipas
2020-03-31,4,4,0,35,21,0,Tamaulipas
2020-04-01,6,6,0,41,27,0,Tamaulipas
2020-04-02,4,1,0,45,28,0,Tamaulipas
2020-04-03,1,4,1,46,32,1,Tamaulipas
2020-04-04,8,3,1,54,35,2,Tamaulipas
2020-04-05,3,1,0,57,36,2,Tamaulipas
2020-04-06,3,8,1,60,44,3,Tamaulipas
2020-04-07,5,4,0,65,48,3,Tamaulipas
2020-04-08,3,3,0,68,51,3,Tamaulipas
2020-04-09,3,2,0,71,53,3,Tamaulipas
2020-04-10,5,3,0,76,56,3,Tamaulipas
2020-04-11,5,2,0,81,58,3,Tamaulipas
2020-04-12,8,7,0,89,65,3,Tamaulipas
2020-04-13,18,5,0,107,70,3,Tamaulipas
2020-04-14,4,15,1,111,85,4,Tamaulipas
2020-04-15,6,13,1,117,98,5,Tamaulipas
2020-04-16,14,20,0,131,118,5,Tamaulipas
2020-04-17,7,13,1,138,131,6,Tamaulipas
2020-04-18,5,6,0,143,137,6,Tamaulipas
2020-04-19,2,4,0,145,141,6,Tamaulipas
2020-04-20,0,4,1,145,145,7,Tamaulipas
2020-04-21,0,0,0,145,145,7,Tamaulipas
2020-03-16,2,0,0,2,0,0,Tlaxcala
2020-03-17,0,0,0,2,0,0,Tlaxcala
2020-03-18,0,0,0,2,0,0,Tlaxcala
2020-03-19,0,0,0,2,0,0,Tlaxcala
2020-03-20,0,0,0,2,0,0,Tlaxcala
2020-03-21,0,0,0,2,0,0,Tlaxcala
2020-03-22,1,0,0,3,0,0,Tlaxcala
2020-03-23,1,1,0,4,1,0,Tlaxcala
2020-03-24,2,2,0,6,3,0,Tlaxcala
2020-03-25,2,0,0,8,3,0,Tlaxcala
2020-03-26,0,0,0,8,3,0,Tlaxcala
2020-03-27,1,1,0,9,4,0,Tlaxcala
2020-03-28,8,2,0,17,6,0,Tlaxcala
2020-03-29,2,0,0,19,6,0,Tlaxcala
2020-03-30,4,1,0,23,7,0,Tlaxcala
2020-03-31,3,0,0,26,7,0,Tlaxcala
2020-04-01,5,4,0,31,11,0,Tlaxcala
2020-04-02,5,1,0,36,12,0,Tlaxcala
2020-04-03,4,0,0,40,12,0,Tlaxcala
2020-04-04,8,2,0,48,14,0,Tlaxcala
2020-04-05,1,6,0,49,20,0,Tlaxcala
2020-04-06,2,8,0,51,28,0,Tlaxcala
2020-04-07,4,6,0,55,34,0,Tlaxcala
2020-04-08,6,6,1,61,40,1,Tlaxcala
2020-04-09,0,1,0,61,41,1,Tlaxcala
2020-04-10,6,5,0,67,46,1,Tlaxcala
2020-04-11,1,6,0,68,52,1,Tlaxcala
2020-04-12,0,1,3,68,53,4,Tlaxcala
2020-04-13,1,5,0,69,58,4,Tlaxcala
2020-04-14,3,6,0,72,64,4,Tlaxcala
2020-04-15,3,3,0,75,67,4,Tlaxcala
2020-04-16,2,3,0,77,70,4,Tlaxcala
2020-04-17,1,3,1,78,73,5,Tlaxcala
2020-04-18,0,2,0,78,75,5,Tlaxcala
2020-04-19,0,3,0,78,78,5,Tlaxcala
2020-04-20,0,0,0,78,78,5,Tlaxcala
2020-04-21,0,0,0,78,78,5,Tlaxcala
2020-03-03,1,0,0,1,0,0,Veracruz
2020-03-04,0,0,0,1,0,0,Veracruz
2020-03-05,0,0,0,1,0,0,Veracruz
2020-03-06,0,0,0,1,0,0,Veracruz
2020-03-07,0,0,0,1,0,0,Veracruz
2020-03-08,0,0,0,1,0,0,Veracruz
2020-03-09,0,0,0,1,0,0,Veracruz
2020-03-10,0,0,0,1,0,0,Veracruz
2020-03-11,0,0,0,1,0,0,Veracruz
2020-03-12,4,0,0,5,0,0,Veracruz
2020-03-13,0,0,0,5,0,0,Veracruz
2020-03-14,3,0,0,8,0,0,Veracruz
2020-03-15,2,2,0,10,2,0,Veracruz
2020-03-16,2,0,0,12,2,0,Veracruz
2020-03-17,2,0,0,14,2,0,Veracruz
2020-03-18,4,7,0,18,9,0,Veracruz
2020-03-19,2,5,0,20,14,0,Veracruz
2020-03-20,7,1,0,27,15,0,Veracruz
2020-03-21,1,1,0,28,16,0,Veracruz
2020-03-22,1,0,0,29,16,0,Veracruz
2020-03-23,5,4,0,34,20,0,Veracruz
2020-03-24,0,2,0,34,22,0,Veracruz
2020-03-25,3,2,0,37,24,0,Veracruz
2020-03-26,3,4,0,40,28,0,Veracruz
2020-03-27,5,1,0,45,29,0,Veracruz
2020-03-28,1,1,1,46,30,1,Veracruz
2020-03-29,4,1,0,50,31,1,Veracruz
2020-03-30,4,2,0,54,33,1,Veracruz
2020-03-31,4,2,0,58,35,1,Veracruz
2020-04-01,4,7,1,62,42,2,Veracruz
2020-04-02,11,5,0,73,47,2,Veracruz
2020-04-03,6,7,1,79,54,3,Veracruz
2020-04-04,3,2,0,82,56,3,Veracruz
2020-04-05,7,2,0,89,58,3,Veracruz
2020-04-06,12,5,0,101,63,3,Veracruz
2020-04-07,9,11,0,110,74,3,Veracruz
2020-04-08,9,4,0,119,78,3,Veracruz
2020-04-09,9,10,1,128,88,4,Veracruz
2020-04-10,11,8,0,139,96,4,Veracruz
2020-04-11,11,12,0,150,108,4,Veracruz
2020-04-12,11,9,3,161,117,7,Veracruz
2020-04-13,10,12,1,171,129,8,Veracruz
2020-04-14,4,7,0,175,136,8,Veracruz
2020-04-15,4,12,0,179,148,8,Veracruz
2020-04-16,0,14,1,179,162,9,Veracruz
2020-04-17,0,6,1,179,168,10,Veracruz
2020-04-18,0,10,2,179,178,12,Veracruz
2020-04-19,0,1,1,179,179,13,Veracruz
2020-04-20,0,0,1,179,179,14,Veracruz
2020-04-21,0,0,0,179,179,14,Veracruz
2020-02-19,1,0,0,1,0,0,Yucatán
2020-02-20,0,0,0,1,0,0,Yucatán
2020-02-21,0,0,0,1,0,0,Yucatán
2020-02-22,0,0,0,1,0,0,Yucatán
2020-02-23,0,0,0,1,0,0,Yucatán
2020-02-24,0,0,0,1,0,0,Yucatán
2020-02-25,0,0,0,1,0,0,Yucatán
2020-02-26,0,0,0,1,0,0,Yucatán
2020-02-27,0,0,0,1,0,0,Yucatán
2020-02-28,0,0,0,1,0,0,Yucatán
2020-02-29,0,0,0,1,0,0,Yucatán
2020-03-01,0,0,0,1,0,0,Yucatán
2020-03-02,0,0,0,1,0,0,Yucatán
2020-03-03,0,0,0,1,0,0,Yucatán
2020-03-04,0,0,0,1,0,0,Yucatán
2020-03-05,0,0,0,1,0,0,Yucatán
2020-03-06,0,0,0,1,0,0,Yucatán
2020-03-07,1,0,0,2,0,0,Yucatán
2020-03-08,3,0,0,5,0,0,Yucatán
2020-03-09,1,0,0,6,0,0,Yucatán
2020-03-10,3,0,0,9,0,0,Yucatán
2020-03-11,3,0,0,12,0,0,Yucatán
2020-03-12,1,1,0,13,1,0,Yucatán
2020-03-13,5,0,0,18,1,0,Yucatán
2020-03-14,3,0,0,21,1,0,Yucatán
2020-03-15,1,4,0,22,5,0,Yucatán
2020-03-16,2,2,0,24,7,0,Yucatán
2020-03-17,7,6,0,31,13,0,Yucatán
2020-03-18,5,0,0,36,13,0,Yucatán
2020-03-19,7,2,0,43,15,0,Yucatán
2020-03-20,3,6,0,46,21,0,Yucatán
2020-03-21,4,0,0,50,21,0,Yucatán
2020-03-22,4,8,0,54,29,0,Yucatán
2020-03-23,3,5,0,57,34,0,Yucatán
2020-03-24,2,8,0,59,42,0,Yucatán
2020-03-25,0,3,0,59,45,0,Yucatán
2020-03-26,2,0,0,61,45,0,Yucatán
2020-03-27,4,3,0,65,48,0,Yucatán
2020-03-28,3,4,0,68,52,0,Yucatán
2020-03-29,6,2,0,74,54,0,Yucatán
2020-03-30,4,7,0,78,61,0,Yucatán
2020-03-31,5,1,0,83,62,0,Yucatán
2020-04-01,5,7,0,88,69,0,Yucatán
2020-04-02,4,2,0,92,71,0,Yucatán
2020-04-03,9,6,2,101,77,2,Yucatán
2020-04-04,5,1,0,106,78,2,Yucatán
2020-04-05,3,5,0,109,83,2,Yucatán
2020-04-06,10,10,1,119,93,3,Yucatán
2020-04-07,8,7,2,127,100,5,Yucatán
2020-04-08,11,5,0,138,105,5,Yucatán
2020-04-09,2,9,0,140,114,5,Yucatán
2020-04-10,4,3,2,144,117,7,Yucatán
2020-04-11,12,7,0,156,124,7,Yucatán
2020-04-12,16,3,0,172,127,7,Yucatán
2020-04-13,11,14,0,183,141,7,Yucatán
2020-04-14,4,16,0,187,157,7,Yucatán
2020-04-15,8,23,3,195,180,10,Yucatán
2020-04-16,2,9,1,197,189,11,Yucatán
2020-04-17,2,7,1,199,196,12,Yucatán
2020-04-18,0,3,0,199,199,12,Yucatán
2020-04-19,0,0,0,199,199,12,Yucatán
2020-04-20,0,0,0,199,199,12,Yucatán
2020-04-21,0,0,0,199,199,12,Yucatán
2020-03-09,1,0,0,1,0,0,Zacatecas
2020-03-10,0,0,0,1,0,0,Zacatecas
2020-03-11,0,0,0,1,0,0,Zacatecas
2020-03-12,1,0,0,2,0,0,Zacatecas
2020-03-13,0,0,0,2,0,0,Zacatecas
2020-03-14,0,0,0,2,0,0,Zacatecas
2020-03-15,0,0,0,2,0,0,Zacatecas
2020-03-16,1,1,0,3,1,0,Zacatecas
2020-03-17,0,0,0,3,1,0,Zacatecas
2020-03-18,1,0,0,4,1,0,Zacatecas
2020-03-19,2,0,0,6,1,0,Zacatecas
2020-03-20,0,1,0,6,2,0,Zacatecas
2020-03-21,2,1,0,8,3,0,Zacatecas
2020-03-22,1,1,0,9,4,0,Zacatecas
2020-03-23,0,0,0,9,4,0,Zacatecas
2020-03-24,0,1,0,9,5,0,Zacatecas
2020-03-25,0,0,0,9,5,0,Zacatecas
2020-03-26,0,0,0,9,5,0,Zacatecas
2020-03-27,0,2,0,9,7,0,Zacatecas
2020-03-28,0,1,0,9,8,0,Zacatecas
2020-03-29,0,0,0,9,8,0,Zacatecas
2020-03-30,0,0,0,9,8,0,Zacatecas
2020-03-31,2,0,1,11,8,1,Zacatecas
2020-04-01,0,0,0,11,8,1,Zacatecas
2020-04-02,2,1,0,13,9,1,Zacatecas
2020-04-03,2,0,0,15,9,1,Zacatecas
2020-04-04,0,1,1,15,10,2,Zacatecas
2020-04-05,0,1,0,15,11,2,Zacatecas
2020-04-06,0,1,0,15,12,2,Zacatecas
2020-04-07,1,0,0,16,12,2,Zacatecas
2020-04-08,5,2,0,21,14,2,Zacatecas
2020-04-09,1,1,0,22,15,2,Zacatecas
2020-04-10,5,0,0,27,15,2,Zacatecas
2020-04-11,4,2,0,31,17,2,Zacatecas
2020-04-12,1,1,0,32,18,2,Zacatecas
2020-04-13,1,0,0,33,18,2,Zacatecas
2020-04-14,0,1,0,33,19,2,Zacatecas
2020-04-15,0,5,0,33,24,2,Zacatecas
2020-04-16,0,3,0,33,27,2,Zacatecas
2020-04-17,0,1,0,33,28,2,Zacatecas
2020-04-18,0,5,0,33,33,2,Zacatecas
2020-04-19,0,0,1,33,33,3,Zacatecas
2020-04-20,0,0,0,33,33,3,Zacatecas
2020-04-21,0,0,0,33,33,3,Zacatecas
