fecha,sintomas_nuevos,ingreso_nuevos,muertes_nuevas,sintomas_acumulados,ingreso_acumulados,muertes_acumuladas,estado
2020-03-10,1,0,0,1,0,0,Aguascalientes
2020-03-11,0,0,0,1,0,0,Aguascalientes
2020-03-12,1,0,0,2,0,0,Aguascalientes
2020-03-13,0,0,0,2,0,0,Aguascalientes
2020-03-14,1,1,0,3,1,0,Aguascalientes
2020-03-15,1,0,0,4,1,0,Aguascalientes
2020-03-16,2,0,0,6,1,0,Aguascalientes
2020-03-17,2,1,0,8,2,0,Aguascalientes
2020-03-18,4,2,0,12,4,0,Aguascalientes
2020-03-19,2,1,0,14,5,0,Aguascalientes
2020-03-20,3,2,0,17,7,0,Aguascalientes
2020-03-21,0,1,0,17,8,0,Aguascalientes
2020-03-22,5,1,0,22,9,0,Aguascalientes
2020-03-23,9,4,0,31,13,0,Aguascalientes
2020-03-24,5,0,0,36,13,0,Aguascalientes
2020-03-25,5,17,0,41,30,0,Aguascalientes
2020-03-26,4,4,0,45,34,0,Aguascalientes
2020-03-27,5,6,0,50,40,0,Aguascalientes
2020-03-28,2,5,0,52,45,0,Aguascalientes
2020-03-29,2,3,0,54,48,0,Aguascalientes
2020-03-30,3,4,0,57,52,0,Aguascalientes
2020-03-31,1,1,0,58,53,0,Aguascalientes
2020-04-01,1,0,0,59,53,0,Aguascalientes
2020-04-02,2,0,0,61,53,0,Aguascalientes
2020-04-03,1,1,0,62,54,0,Aguascalientes
2020-04-04,0,0,0,62,54,0,Aguascalientes
2020-04-05,2,3,0,64,57,0,Aguascalientes
2020-04-06,4,4,0,68,61,0,Aguascalientes
2020-04-07,5,1,0,73,62,0,Aguascalientes
2020-04-08,2,1,0,75,63,0,Aguascalientes
2020-04-09,3,0,0,78,63,0,Aguascalientes
2020-04-10,2,2,1,80,65,1,Aguascalientes
2020-04-11,6,1,0,86,66,1,Aguascalientes
2020-04-12,6,2,0,92,68,1,Aguascalientes
2020-04-13,5,5,1,97,73,2,Aguascalientes
2020-04-14,8,0,0,105,73,2,Aguascalientes
2020-04-15,11,11,0,116,84,2,Aguascalientes
2020-04-16,8,6,0,124,90,2,Aguascalientes
2020-04-17,10,18,0,134,108,2,Aguascalientes
2020-04-18,10,11,0,144,119,2,Aguascalientes
2020-04-19,4,3,0,148,122,2,Aguascalientes
2020-04-20,9,17,0,157,139,2,Aguascalientes
2020-04-21,3,10,0,160,149,2,Aguascalientes
2020-04-22,0,7,0,160,156,2,Aguascalientes
2020-04-23,0,3,0,160,159,2,Aguascalientes
2020-04-24,0,0,0,160,159,2,Aguascalientes
2020-04-25,0,1,0,160,160,2,Aguascalientes
2020-04-26,1,1,0,161,161,2,Aguascalientes
2020-04-27,0,0,0,161,161,2,Aguascalientes
2020-01-17,1,0,0,1,0,0,Baja California
2020-01-18,0,0,0,1,0,0,Baja California
2020-01-19,0,0,0,1,0,0,Baja California
2020-01-20,0,0,0,1,0,0,Baja California
2020-01-21,0,0,0,1,0,0,Baja California
2020-01-22,0,0,0,1,0,0,Baja California
2020-01-23,0,0,0,1,0,0,Baja California
2020-01-24,0,0,0,1,0,0,Baja California
2020-01-25,0,0,0,1,0,0,Baja California
2020-01-26,0,0,0,1,0,0,Baja California
2020-01-27,0,0,0,1,0,0,Baja California
2020-01-28,0,0,0,1,0,0,Baja California
2020-01-29,0,0,0,1,0,0,Baja California
2020-01-30,0,0,0,1,0,0,Baja California
2020-01-31,0,0,0,1,0,0,Baja California
2020-02-01,0,0,0,1,0,0,Baja California
2020-02-02,0,0,0,1,0,0,Baja California
2020-02-03,0,0,0,1,0,0,Baja California
2020-02-04,0,0,0,1,0,0,Baja California
2020-02-05,0,0,0,1,0,0,Baja California
2020-02-06,1,0,0,2,0,0,Baja California
2020-02-07,1,0,0,3,0,0,Baja California
2020-02-08,0,0,0,3,0,0,Baja California
2020-02-09,0,0,0,3,0,0,Baja California
2020-02-10,0,0,0,3,0,0,Baja California
2020-02-11,0,0,0,3,0,0,Baja California
2020-02-12,0,1,0,3,1,0,Baja California
2020-02-13,0,0,0,3,1,0,Baja California
2020-02-14,0,0,0,3,1,0,Baja California
2020-02-15,0,0,0,3,1,0,Baja California
2020-02-16,0,0,0,3,1,0,Baja California
2020-02-17,0,0,0,3,1,0,Baja California
2020-02-18,0,0,0,3,1,0,Baja California
2020-02-19,0,0,0,3,1,0,Baja California
2020-02-20,0,0,0,3,1,0,Baja California
2020-02-21,0,0,0,3,1,0,Baja California
2020-02-22,0,0,0,3,1,0,Baja California
2020-02-23,0,0,0,3,1,0,Baja California
2020-02-24,0,0,0,3,1,0,Baja California
2020-02-25,0,0,0,3,1,0,Baja California
2020-02-26,0,0,0,3,1,0,Baja California
2020-02-27,0,0,0,3,1,0,Baja California
2020-02-28,0,0,0,3,1,0,Baja California
2020-02-29,0,0,0,3,1,0,Baja California
2020-03-01,0,0,0,3,1,0,Baja California
2020-03-02,0,0,0,3,1,0,Baja California
2020-03-03,0,0,0,3,1,0,Baja California
2020-03-04,0,0,0,3,1,0,Baja California
2020-03-05,0,0,0,3,1,0,Baja California
2020-03-06,0,0,0,3,1,0,Baja California
2020-03-07,0,0,0,3,1,0,Baja California
2020-03-08,0,0,0,3,1,0,Baja California
2020-03-09,1,0,0,4,1,0,Baja California
2020-03-10,0,0,0,4,1,0,Baja California
2020-03-11,2,1,0,6,2,0,Baja California
2020-03-12,2,0,0,8,2,0,Baja California
2020-03-13,4,0,0,12,2,0,Baja California
2020-03-14,4,0,0,16,2,0,Baja California
2020-03-15,2,0,0,18,2,0,Baja California
2020-03-16,5,1,0,23,3,0,Baja California
2020-03-17,5,3,0,28,6,0,Baja California
2020-03-18,11,4,0,39,10,0,Baja California
2020-03-19,10,5,0,49,15,0,Baja California
2020-03-20,16,6,0,65,21,0,Baja California
2020-03-21,6,3,0,71,24,0,Baja California
2020-03-22,6,2,0,77,26,0,Baja California
2020-03-23,15,10,0,92,36,0,Baja California
2020-03-24,20,9,0,112,45,0,Baja California
2020-03-25,17,8,0,129,53,0,Baja California
2020-03-26,24,11,0,153,64,0,Baja California
2020-03-27,25,17,0,178,81,0,Baja California
2020-03-28,24,7,0,202,88,0,Baja California
2020-03-29,36,20,1,238,108,1,Baja California
2020-03-30,40,29,2,278,137,3,Baja California
2020-03-31,32,43,2,310,180,5,Baja California
2020-04-01,56,63,2,366,243,7,Baja California
2020-04-02,63,27,5,429,270,12,Baja California
2020-04-03,51,37,2,480,307,14,Baja California
2020-04-04,55,26,5,535,333,19,Baja California
2020-04-05,49,19,2,584,352,21,Baja California
2020-04-06,52,65,9,636,417,30,Baja California
2020-04-07,53,37,5,689,454,35,Baja California
2020-04-08,77,72,5,766,526,40,Baja California
2020-04-09,80,60,4,846,586,44,Baja California
2020-04-10,93,51,6,939,637,50,Baja California
2020-04-11,66,41,9,1005,678,59,Baja California
2020-04-12,69,38,11,1074,716,70,Baja California
2020-04-13,39,83,5,1113,799,75,Baja California
2020-04-14,50,115,10,1163,914,85,Baja California
2020-04-15,33,89,14,1196,1003,99,Baja California
2020-04-16,45,70,9,1241,1073,108,Baja California
2020-04-17,22,73,11,1263,1146,119,Baja California
2020-04-18,14,26,7,1277,1172,126,Baja California
2020-04-19,17,16,12,1294,1188,138,Baja California
2020-04-20,12,59,7,1306,1247,145,Baja California
2020-04-21,3,25,6,1309,1272,151,Baja California
2020-04-22,4,11,7,1313,1283,158,Baja California
2020-04-23,3,18,7,1316,1301,165,Baja California
2020-04-24,0,13,0,1316,1314,165,Baja California
2020-04-25,0,2,0,1316,1316,165,Baja California
2020-04-26,0,0,2,1316,1316,167,Baja California
2020-04-27,0,0,0,1316,1316,167,Baja California
2020-03-13,1,0,0,1,0,0,Baja California Sur
2020-03-14,0,0,0,1,0,0,Baja California Sur
2020-03-15,0,0,0,1,0,0,Baja California Sur
2020-03-16,3,0,0,4,0,0,Baja California Sur
2020-03-17,1,0,0,5,0,0,Baja California Sur
2020-03-18,1,1,0,6,1,0,Baja California Sur
2020-03-19,0,0,0,6,1,0,Baja California Sur
2020-03-20,1,1,0,7,2,0,Baja California Sur
2020-03-21,4,1,0,11,3,0,Baja California Sur
2020-03-22,5,0,0,16,3,0,Baja California Sur
2020-03-23,5,4,0,21,7,0,Baja California Sur
2020-03-24,2,2,0,23,9,0,Baja California Sur
2020-03-25,5,0,0,28,9,0,Baja California Sur
2020-03-26,6,2,0,34,11,0,Baja California Sur
2020-03-27,8,4,0,42,15,0,Baja California Sur
2020-03-28,10,4,0,52,19,0,Baja California Sur
2020-03-29,4,1,1,56,20,1,Baja California Sur
2020-03-30,13,14,0,69,34,1,Baja California Sur
2020-03-31,13,7,1,82,41,2,Baja California Sur
2020-04-01,17,5,0,99,46,2,Baja California Sur
2020-04-02,17,11,0,116,57,2,Baja California Sur
2020-04-03,21,16,0,137,73,2,Baja California Sur
2020-04-04,19,6,1,156,79,3,Baja California Sur
2020-04-05,18,5,1,174,84,4,Baja California Sur
2020-04-06,13,18,0,187,102,4,Baja California Sur
2020-04-07,5,24,0,192,126,4,Baja California Sur
2020-04-08,7,23,1,199,149,5,Baja California Sur
2020-04-09,6,25,0,205,174,5,Baja California Sur
2020-04-10,12,9,0,217,183,5,Baja California Sur
2020-04-11,12,7,1,229,190,6,Baja California Sur
2020-04-12,10,5,1,239,195,7,Baja California Sur
2020-04-13,7,12,0,246,207,7,Baja California Sur
2020-04-14,6,15,0,252,222,7,Baja California Sur
2020-04-15,6,5,0,258,227,7,Baja California Sur
2020-04-16,4,9,1,262,236,8,Baja California Sur
2020-04-17,6,6,1,268,242,9,Baja California Sur
2020-04-18,8,4,0,276,246,9,Baja California Sur
2020-04-19,4,8,0,280,254,9,Baja California Sur
2020-04-20,5,6,1,285,260,10,Baja California Sur
2020-04-21,0,12,1,285,272,11,Baja California Sur
2020-04-22,1,2,1,286,274,12,Baja California Sur
2020-04-23,0,2,0,286,276,12,Baja California Sur
2020-04-24,0,8,1,286,284,13,Baja California Sur
2020-04-25,0,2,0,286,286,13,Baja California Sur
2020-04-26,0,0,0,286,286,13,Baja California Sur
2020-04-27,0,0,0,286,286,13,Baja California Sur
2020-02-23,1,0,0,1,0,0,Campeche
2020-02-24,0,0,0,1,0,0,Campeche
2020-02-25,0,0,0,1,0,0,Campeche
2020-02-26,0,0,0,1,0,0,Campeche
2020-02-27,0,0,0,1,0,0,Campeche
2020-02-28,0,0,0,1,0,0,Campeche
2020-02-29,0,0,0,1,0,0,Campeche
2020-03-01,0,0,0,1,0,0,Campeche
2020-03-02,0,0,0,1,0,0,Campeche
2020-03-03,0,0,0,1,0,0,Campeche
2020-03-04,0,0,0,1,0,0,Campeche
2020-03-05,0,0,0,1,0,0,Campeche
2020-03-06,0,0,0,1,0,0,Campeche
2020-03-07,0,0,0,1,0,0,Campeche
2020-03-08,0,0,0,1,0,0,Campeche
2020-03-09,0,0,0,1,0,0,Campeche
2020-03-10,0,0,0,1,0,0,Campeche
2020-03-11,0,0,0,1,0,0,Campeche
2020-03-12,1,1,0,2,1,0,Campeche
2020-03-13,0,0,0,2,1,0,Campeche
2020-03-14,0,0,0,2,1,0,Campeche
2020-03-15,0,0,0,2,1,0,Campeche
2020-03-16,0,0,0,2,1,0,Campeche
2020-03-17,0,0,0,2,1,0,Campeche
2020-03-18,1,0,0,3,1,0,Campeche
2020-03-19,0,0,0,3,1,0,Campeche
2020-03-20,1,0,0,4,1,0,Campeche
2020-03-21,0,0,0,4,1,0,Campeche
2020-03-22,0,0,0,4,1,0,Campeche
2020-03-23,1,1,0,5,2,0,Campeche
2020-03-24,0,0,0,5,2,0,Campeche
2020-03-25,2,0,0,7,2,0,Campeche
2020-03-26,0,1,0,7,3,0,Campeche
2020-03-27,3,3,0,10,6,0,Campeche
2020-03-28,2,0,0,12,6,0,Campeche
2020-03-29,0,1,0,12,7,0,Campeche
2020-03-30,2,0,0,14,7,0,Campeche
2020-03-31,3,0,0,17,7,0,Campeche
2020-04-01,1,1,0,18,8,0,Campeche
2020-04-02,2,2,0,20,10,0,Campeche
2020-04-03,4,1,0,24,11,0,Campeche
2020-04-04,6,0,0,30,11,0,Campeche
2020-04-05,1,3,0,31,14,0,Campeche
2020-04-06,7,2,2,38,16,2,Campeche
2020-04-07,4,0,0,42,16,2,Campeche
2020-04-08,6,0,0,48,16,2,Campeche
2020-04-09,2,2,0,50,18,2,Campeche
2020-04-10,4,2,1,54,20,3,Campeche
2020-04-11,7,17,0,61,37,3,Campeche
2020-04-12,4,5,0,65,42,3,Campeche
2020-04-13,6,4,0,71,46,3,Campeche
2020-04-14,3,6,1,74,52,4,Campeche
2020-04-15,6,4,0,80,56,4,Campeche
2020-04-16,5,4,0,85,60,4,Campeche
2020-04-17,3,3,1,88,63,5,Campeche
2020-04-18,2,8,1,90,71,6,Campeche
2020-04-19,4,3,2,94,74,8,Campeche
2020-04-20,0,5,0,94,79,8,Campeche
2020-04-21,2,8,1,96,87,9,Campeche
2020-04-22,4,4,2,100,91,11,Campeche
2020-04-23,2,5,2,102,96,13,Campeche
2020-04-24,1,4,1,103,100,14,Campeche
2020-04-25,0,3,1,103,103,15,Campeche
2020-04-26,0,0,0,103,103,15,Campeche
2020-04-27,0,0,0,103,103,15,Campeche
2020-02-18,1,1,0,1,1,0,Coahuila
2020-02-19,0,0,0,1,1,0,Coahuila
2020-02-20,0,0,0,1,1,0,Coahuila
2020-02-21,0,0,0,1,1,0,Coahuila
2020-02-22,0,0,0,1,1,0,Coahuila
2020-02-23,0,0,0,1,1,0,Coahuila
2020-02-24,0,0,0,1,1,0,Coahuila
2020-02-25,0,0,0,1,1,0,Coahuila
2020-02-26,0,0,0,1,1,0,Coahuila
2020-02-27,1,0,0,2,1,0,Coahuila
2020-02-28,0,1,0,2,2,0,Coahuila
2020-02-29,0,0,0,2,2,0,Coahuila
2020-03-01,0,0,0,2,2,0,Coahuila
2020-03-02,1,1,0,3,3,0,Coahuila
2020-03-03,0,0,0,3,3,0,Coahuila
2020-03-04,0,0,0,3,3,0,Coahuila
2020-03-05,0,0,0,3,3,0,Coahuila
2020-03-06,0,0,0,3,3,0,Coahuila
2020-03-07,0,0,0,3,3,0,Coahuila
2020-03-08,0,0,0,3,3,0,Coahuila
2020-03-09,0,0,0,3,3,0,Coahuila
2020-03-10,0,0,0,3,3,0,Coahuila
2020-03-11,0,0,0,3,3,0,Coahuila
2020-03-12,0,0,0,3,3,0,Coahuila
2020-03-13,1,0,0,4,3,0,Coahuila
2020-03-14,0,0,0,4,3,0,Coahuila
2020-03-15,0,0,0,4,3,0,Coahuila
2020-03-16,2,1,0,6,4,0,Coahuila
2020-03-17,3,2,0,9,6,0,Coahuila
2020-03-18,4,2,0,13,8,0,Coahuila
2020-03-19,2,3,0,15,11,0,Coahuila
2020-03-20,6,4,0,21,15,0,Coahuila
2020-03-21,8,0,0,29,15,0,Coahuila
2020-03-22,2,0,0,31,15,0,Coahuila
2020-03-23,10,1,0,41,16,0,Coahuila
2020-03-24,8,5,0,49,21,0,Coahuila
2020-03-25,7,0,0,56,21,0,Coahuila
2020-03-26,11,4,0,67,25,0,Coahuila
2020-03-27,18,3,0,85,28,0,Coahuila
2020-03-28,15,5,1,100,33,1,Coahuila
2020-03-29,13,11,0,113,44,1,Coahuila
2020-03-30,22,17,1,135,61,2,Coahuila
2020-03-31,11,13,1,146,74,3,Coahuila
2020-04-01,13,18,0,159,92,3,Coahuila
2020-04-02,11,16,2,170,108,5,Coahuila
2020-04-03,10,20,1,180,128,6,Coahuila
2020-04-04,16,10,1,196,138,7,Coahuila
2020-04-05,7,4,2,203,142,9,Coahuila
2020-04-06,12,26,1,215,168,10,Coahuila
2020-04-07,13,7,4,228,175,14,Coahuila
2020-04-08,10,18,0,238,193,14,Coahuila
2020-04-09,8,6,1,246,199,15,Coahuila
2020-04-10,10,11,1,256,210,16,Coahuila
2020-04-11,8,7,0,264,217,16,Coahuila
2020-04-12,9,6,0,273,223,16,Coahuila
2020-04-13,15,13,0,288,236,16,Coahuila
2020-04-14,10,14,4,298,250,20,Coahuila
2020-04-15,7,16,1,305,266,21,Coahuila
2020-04-16,10,4,3,315,270,24,Coahuila
2020-04-17,7,8,0,322,278,24,Coahuila
2020-04-18,10,6,0,332,284,24,Coahuila
2020-04-19,2,7,1,334,291,25,Coahuila
2020-04-20,6,7,3,340,298,28,Coahuila
2020-04-21,7,18,2,347,316,30,Coahuila
2020-04-22,2,12,1,349,328,31,Coahuila
2020-04-23,3,9,2,352,337,33,Coahuila
2020-04-24,2,16,0,354,353,33,Coahuila
2020-04-25,0,1,1,354,354,34,Coahuila
2020-04-26,0,0,0,354,354,34,Coahuila
2020-04-27,0,0,0,354,354,34,Coahuila
2020-03-12,1,0,0,1,0,0,Colima
2020-03-13,0,0,0,1,0,0,Colima
2020-03-14,0,1,0,1,1,0,Colima
2020-03-15,1,0,0,2,1,0,Colima
2020-03-16,0,1,0,2,2,0,Colima
2020-03-17,0,0,0,2,2,0,Colima
2020-03-18,0,0,0,2,2,0,Colima
2020-03-19,0,0,0,2,2,0,Colima
2020-03-20,0,0,0,2,2,0,Colima
2020-03-21,0,0,0,2,2,0,Colima
2020-03-22,0,0,0,2,2,0,Colima
2020-03-23,0,0,0,2,2,0,Colima
2020-03-24,1,1,0,3,3,0,Colima
2020-03-25,1,0,0,4,3,0,Colima
2020-03-26,0,0,0,4,3,0,Colima
2020-03-27,0,0,0,4,3,0,Colima
2020-03-28,2,0,0,6,3,0,Colima
2020-03-29,1,0,0,7,3,0,Colima
2020-03-30,0,1,0,7,4,0,Colima
2020-03-31,0,1,0,7,5,0,Colima
2020-04-01,0,2,0,7,7,0,Colima
2020-04-02,0,0,0,7,7,0,Colima
2020-04-03,0,0,0,7,7,0,Colima
2020-04-04,0,0,0,7,7,0,Colima
2020-04-05,0,0,0,7,7,0,Colima
2020-04-06,1,0,0,8,7,0,Colima
2020-04-07,0,0,0,8,7,0,Colima
2020-04-08,0,0,0,8,7,0,Colima
2020-04-09,0,0,0,8,7,0,Colima
2020-04-10,0,0,0,8,7,0,Colima
2020-04-11,2,0,0,10,7,0,Colima
2020-04-12,3,2,0,13,9,0,Colima
2020-04-13,0,0,1,13,9,1,Colima
2020-04-14,0,0,0,13,9,1,Colima
2020-04-15,2,1,0,15,10,1,Colima
2020-04-16,0,2,1,15,12,2,Colima
2020-04-17,4,2,0,19,14,2,Colima
2020-04-18,1,1,0,20,15,2,Colima
2020-04-19,0,1,0,20,16,2,Colima
2020-04-20,1,1,0,21,17,2,Colima
2020-04-21,1,1,0,22,18,2,Colima
2020-04-22,0,1,0,22,19,2,Colima
2020-04-23,1,3,0,23,22,2,Colima
2020-04-24,0,1,0,23,23,2,Colima
2020-04-25,0,0,0,23,23,2,Colima
2020-04-26,0,0,0,23,23,2,Colima
2020-04-27,0,0,0,23,23,2,Colima
2020-02-25,1,0,0,1,0,0,Chiapas
2020-02-26,0,0,0,1,0,0,Chiapas
2020-02-27,0,0,0,1,0,0,Chiapas
2020-02-28,0,0,0,1,0,0,Chiapas
2020-02-29,0,1,0,1,1,0,Chiapas
2020-03-01,0,0,0,1,1,0,Chiapas
2020-03-02,0,0,0,1,1,0,Chiapas
2020-03-03,0,0,0,1,1,0,Chiapas
2020-03-04,0,0,0,1,1,0,Chiapas
2020-03-05,0,0,0,1,1,0,Chiapas
2020-03-06,0,0,0,1,1,0,Chiapas
2020-03-07,0,0,0,1,1,0,Chiapas
2020-03-08,0,0,0,1,1,0,Chiapas
2020-03-09,0,0,0,1,1,0,Chiapas
2020-03-10,0,0,0,1,1,0,Chiapas
2020-03-11,0,0,0,1,1,0,Chiapas
2020-03-12,0,0,0,1,1,0,Chiapas
2020-03-13,1,0,0,2,1,0,Chiapas
2020-03-14,1,0,0,3,1,0,Chiapas
2020-03-15,0,0,0,3,1,0,Chiapas
2020-03-16,0,0,0,3,1,0,Chiapas
2020-03-17,0,0,0,3,1,0,Chiapas
2020-03-18,0,1,0,3,2,0,Chiapas
2020-03-19,0,0,0,3,2,0,Chiapas
2020-03-20,2,0,0,5,2,0,Chiapas
2020-03-21,2,0,0,7,2,0,Chiapas
2020-03-22,3,0,0,10,2,0,Chiapas
2020-03-23,4,3,0,14,5,0,Chiapas
2020-03-24,1,0,0,15,5,0,Chiapas
2020-03-25,4,2,0,19,7,0,Chiapas
2020-03-26,0,0,0,19,7,0,Chiapas
2020-03-27,3,5,0,22,12,0,Chiapas
2020-03-28,4,1,0,26,13,0,Chiapas
2020-03-29,1,0,0,27,13,0,Chiapas
2020-03-30,1,1,0,28,14,0,Chiapas
2020-03-31,2,2,0,30,16,0,Chiapas
2020-04-01,2,4,0,32,20,0,Chiapas
2020-04-02,2,3,0,34,23,0,Chiapas
2020-04-03,4,5,0,38,28,0,Chiapas
2020-04-04,3,1,0,41,29,0,Chiapas
2020-04-05,1,1,0,42,30,0,Chiapas
2020-04-06,2,5,1,44,35,1,Chiapas
2020-04-07,5,1,0,49,36,1,Chiapas
2020-04-08,4,4,0,53,40,1,Chiapas
2020-04-09,1,3,1,54,43,2,Chiapas
2020-04-10,2,3,0,56,46,2,Chiapas
2020-04-11,5,0,1,61,46,3,Chiapas
2020-04-12,2,0,0,63,46,3,Chiapas
2020-04-13,7,5,0,70,51,3,Chiapas
2020-04-14,5,4,0,75,55,3,Chiapas
2020-04-15,8,5,0,83,60,3,Chiapas
2020-04-16,13,3,0,96,63,3,Chiapas
2020-04-17,6,9,0,102,72,3,Chiapas
2020-04-18,7,4,0,109,76,3,Chiapas
2020-04-19,5,7,1,114,83,4,Chiapas
2020-04-20,12,9,0,126,92,4,Chiapas
2020-04-21,0,7,0,126,99,4,Chiapas
2020-04-22,1,7,1,127,106,5,Chiapas
2020-04-23,1,12,1,128,118,6,Chiapas
2020-04-24,0,7,0,128,125,6,Chiapas
2020-04-25,0,3,0,128,128,6,Chiapas
2020-04-26,0,0,0,128,128,6,Chiapas
2020-04-27,0,0,0,128,128,6,Chiapas
2020-03-12,1,0,0,1,0,0,Chihuahua
2020-03-13,1,0,0,2,0,0,Chihuahua
2020-03-14,0,1,0,2,1,0,Chihuahua
2020-03-15,1,0,0,3,1,0,Chihuahua
2020-03-16,2,1,0,5,2,0,Chihuahua
2020-03-17,1,0,0,6,2,0,Chihuahua
2020-03-18,2,1,0,8,3,0,Chihuahua
2020-03-19,1,1,0,9,4,0,Chihuahua
2020-03-20,3,3,0,12,7,0,Chihuahua
2020-03-21,1,1,0,13,8,0,Chihuahua
2020-03-22,1,1,0,14,9,0,Chihuahua
2020-03-23,1,0,0,15,9,0,Chihuahua
2020-03-24,4,1,0,19,10,0,Chihuahua
2020-03-25,4,1,0,23,11,0,Chihuahua
2020-03-26,5,2,0,28,13,0,Chihuahua
2020-03-27,0,2,0,28,15,0,Chihuahua
2020-03-28,5,2,0,33,17,0,Chihuahua
2020-03-29,6,5,0,39,22,0,Chihuahua
2020-03-30,1,3,0,40,25,0,Chihuahua
2020-03-31,10,5,0,50,30,0,Chihuahua
2020-04-01,7,7,0,57,37,0,Chihuahua
2020-04-02,10,6,0,67,43,0,Chihuahua
2020-04-03,13,6,2,80,49,2,Chihuahua
2020-04-04,3,6,1,83,55,3,Chihuahua
2020-04-05,8,11,1,91,66,4,Chihuahua
2020-04-06,7,8,2,98,74,6,Chihuahua
2020-04-07,9,6,5,107,80,11,Chihuahua
2020-04-08,12,10,5,119,90,16,Chihuahua
2020-04-09,8,5,4,127,95,20,Chihuahua
2020-04-10,17,7,1,144,102,21,Chihuahua
2020-04-11,9,9,0,153,111,21,Chihuahua
2020-04-12,8,6,4,161,117,25,Chihuahua
2020-04-13,9,15,3,170,132,28,Chihuahua
2020-04-14,8,10,1,178,142,29,Chihuahua
2020-04-15,23,14,4,201,156,33,Chihuahua
2020-04-16,11,19,3,212,175,36,Chihuahua
2020-04-17,13,13,6,225,188,42,Chihuahua
2020-04-18,15,6,4,240,194,46,Chihuahua
2020-04-19,9,6,2,249,200,48,Chihuahua
2020-04-20,13,20,5,262,220,53,Chihuahua
2020-04-21,6,11,3,268,231,56,Chihuahua
2020-04-22,2,13,1,270,244,57,Chihuahua
2020-04-23,2,15,0,272,259,57,Chihuahua
2020-04-24,0,13,2,272,272,59,Chihuahua
2020-04-25,0,0,0,272,272,59,Chihuahua
2020-04-26,0,0,0,272,272,59,Chihuahua
2020-04-27,0,0,0,272,272,59,Chihuahua
2020-02-14,1,1,0,1,1,0,Ciudad de México
2020-02-15,0,0,0,1,1,0,Ciudad de México
2020-02-16,0,0,0,1,1,0,Ciudad de México
2020-02-17,2,0,0,3,1,0,Ciudad de México
2020-02-18,0,0,0,3,1,0,Ciudad de México
2020-02-19,0,0,0,3,1,0,Ciudad de México
2020-02-20,0,0,0,3,1,0,Ciudad de México
2020-02-21,0,0,0,3,1,0,Ciudad de México
2020-02-22,1,0,0,4,1,0,Ciudad de México
2020-02-23,1,0,0,5,1,0,Ciudad de México
2020-02-24,0,0,0,5,1,0,Ciudad de México
2020-02-25,1,0,0,6,1,0,Ciudad de México
2020-02-26,1,0,0,7,1,0,Ciudad de México
2020-02-27,1,3,0,8,4,0,Ciudad de México
2020-02-28,2,0,0,10,4,0,Ciudad de México
2020-02-29,2,0,0,12,4,0,Ciudad de México
2020-03-01,2,0,0,14,4,0,Ciudad de México
2020-03-02,3,0,0,17,4,0,Ciudad de México
2020-03-03,4,0,0,21,4,0,Ciudad de México
2020-03-04,5,1,0,26,5,0,Ciudad de México
2020-03-05,0,1,0,26,6,0,Ciudad de México
2020-03-06,4,0,0,30,6,0,Ciudad de México
2020-03-07,8,0,0,38,6,0,Ciudad de México
2020-03-08,7,2,0,45,8,0,Ciudad de México
2020-03-09,22,0,0,67,8,0,Ciudad de México
2020-03-10,25,3,0,92,11,0,Ciudad de México
2020-03-11,23,17,0,115,28,0,Ciudad de México
2020-03-12,21,18,0,136,46,0,Ciudad de México
2020-03-13,36,27,0,172,73,0,Ciudad de México
2020-03-14,38,25,0,210,98,0,Ciudad de México
2020-03-15,36,17,0,246,115,0,Ciudad de México
2020-03-16,42,25,0,288,140,0,Ciudad de México
2020-03-17,28,36,0,316,176,0,Ciudad de México
2020-03-18,28,36,1,344,212,1,Ciudad de México
2020-03-19,33,47,0,377,259,1,Ciudad de México
2020-03-20,49,23,0,426,282,1,Ciudad de México
2020-03-21,24,12,0,450,294,1,Ciudad de México
2020-03-22,28,13,1,478,307,2,Ciudad de México
2020-03-23,47,28,1,525,335,3,Ciudad de México
2020-03-24,38,30,0,563,365,3,Ciudad de México
2020-03-25,48,21,1,611,386,4,Ciudad de México
2020-03-26,84,39,3,695,425,7,Ciudad de México
2020-03-27,64,42,3,759,467,10,Ciudad de México
2020-03-28,60,50,2,819,517,12,Ciudad de México
2020-03-29,53,44,2,872,561,14,Ciudad de México
2020-03-30,96,69,4,968,630,18,Ciudad de México
2020-03-31,74,46,7,1042,676,25,Ciudad de México
2020-04-01,121,61,6,1163,737,31,Ciudad de México
2020-04-02,111,64,5,1274,801,36,Ciudad de México
2020-04-03,113,82,7,1387,883,43,Ciudad de México
2020-04-04,123,51,5,1510,934,48,Ciudad de México
2020-04-05,122,56,3,1632,990,51,Ciudad de México
2020-04-06,155,118,15,1787,1108,66,Ciudad de México
2020-04-07,144,138,10,1931,1246,76,Ciudad de México
2020-04-08,157,136,6,2088,1382,82,Ciudad de México
2020-04-09,176,131,14,2264,1513,96,Ciudad de México
2020-04-10,294,139,20,2558,1652,116,Ciudad de México
2020-04-11,186,113,20,2744,1765,136,Ciudad de México
2020-04-12,188,125,7,2932,1890,143,Ciudad de México
2020-04-13,259,245,14,3191,2135,157,Ciudad de México
2020-04-14,205,251,18,3396,2386,175,Ciudad de México
2020-04-15,264,225,22,3660,2611,197,Ciudad de México
2020-04-16,214,265,20,3874,2876,217,Ciudad de México
2020-04-17,239,291,8,4113,3167,225,Ciudad de México
2020-04-18,230,172,16,4343,3339,241,Ciudad de México
2020-04-19,171,157,17,4514,3496,258,Ciudad de México
2020-04-20,170,357,11,4684,3853,269,Ciudad de México
2020-04-21,74,330,15,4758,4183,284,Ciudad de México
2020-04-22,74,302,12,4832,4485,296,Ciudad de México
2020-04-23,46,216,15,4878,4701,311,Ciudad de México
2020-04-24,7,120,7,4885,4821,318,Ciudad de México
2020-04-25,1,56,7,4886,4877,325,Ciudad de México
2020-04-26,1,8,3,4887,4885,328,Ciudad de México
2020-04-27,0,2,0,4887,4887,328,Ciudad de México
2020-03-06,1,0,0,1,0,0,Durango
2020-03-07,0,0,0,1,0,0,Durango
2020-03-08,0,0,0,1,0,0,Durango
2020-03-09,1,0,0,2,0,0,Durango
2020-03-10,0,0,0,2,0,0,Durango
2020-03-11,1,1,0,3,1,0,Durango
2020-03-12,0,0,0,3,1,0,Durango
2020-03-13,0,1,0,3,2,0,Durango
2020-03-14,0,1,0,3,3,0,Durango
2020-03-15,1,0,0,4,3,0,Durango
2020-03-16,0,0,0,4,3,0,Durango
2020-03-17,0,1,0,4,4,0,Durango
2020-03-18,2,1,1,6,5,1,Durango
2020-03-19,1,0,0,7,5,1,Durango
2020-03-20,0,0,0,7,5,1,Durango
2020-03-21,0,1,0,7,6,1,Durango
2020-03-22,0,0,0,7,6,1,Durango
2020-03-23,2,1,0,9,7,1,Durango
2020-03-24,1,1,1,10,8,2,Durango
2020-03-25,1,1,0,11,9,2,Durango
2020-03-26,0,0,0,11,9,2,Durango
2020-03-27,0,0,0,11,9,2,Durango
2020-03-28,1,0,0,12,9,2,Durango
2020-03-29,1,0,0,13,9,2,Durango
2020-03-30,1,2,0,14,11,2,Durango
2020-03-31,0,2,1,14,13,3,Durango
2020-04-01,0,1,1,14,14,4,Durango
2020-04-02,1,0,0,15,14,4,Durango
2020-04-03,1,1,0,16,15,4,Durango
2020-04-04,0,0,0,16,15,4,Durango
2020-04-05,0,0,0,16,15,4,Durango
2020-04-06,1,1,0,17,16,4,Durango
2020-04-07,0,0,0,17,16,4,Durango
2020-04-08,1,0,0,18,16,4,Durango
2020-04-09,0,0,0,18,16,4,Durango
2020-04-10,4,0,0,22,16,4,Durango
2020-04-11,4,0,0,26,16,4,Durango
2020-04-12,1,0,0,27,16,4,Durango
2020-04-13,3,0,0,30,16,4,Durango
2020-04-14,6,0,0,36,16,4,Durango
2020-04-15,0,2,0,36,18,4,Durango
2020-04-16,2,2,0,38,20,4,Durango
2020-04-17,0,0,0,38,20,4,Durango
2020-04-18,1,2,0,39,22,4,Durango
2020-04-19,1,10,0,40,32,4,Durango
2020-04-20,4,4,0,44,36,4,Durango
2020-04-21,1,4,1,45,40,5,Durango
2020-04-22,1,2,0,46,42,5,Durango
2020-04-23,0,1,0,46,43,5,Durango
2020-04-24,0,1,1,46,44,6,Durango
2020-04-25,0,1,0,46,45,6,Durango
2020-04-26,0,1,0,46,46,6,Durango
2020-04-27,0,0,0,46,46,6,Durango
2020-02-07,1,1,0,1,1,0,Guanajuato
2020-02-08,0,0,0,1,1,0,Guanajuato
2020-02-09,0,0,0,1,1,0,Guanajuato
2020-02-10,0,0,0,1,1,0,Guanajuato
2020-02-11,0,0,0,1,1,0,Guanajuato
2020-02-12,0,0,0,1,1,0,Guanajuato
2020-02-13,0,0,0,1,1,0,Guanajuato
2020-02-14,0,0,0,1,1,0,Guanajuato
2020-02-15,0,0,0,1,1,0,Guanajuato
2020-02-16,0,0,0,1,1,0,Guanajuato
2020-02-17,0,0,0,1,1,0,Guanajuato
2020-02-18,0,0,0,1,1,0,Guanajuato
2020-02-19,0,0,0,1,1,0,Guanajuato
2020-02-20,0,0,0,1,1,0,Guanajuato
2020-02-21,0,0,0,1,1,0,Guanajuato
2020-02-22,0,0,0,1,1,0,Guanajuato
2020-02-23,0,0,0,1,1,0,Guanajuato
2020-02-24,0,0,0,1,1,0,Guanajuato
2020-02-25,0,0,0,1,1,0,Guanajuato
2020-02-26,0,0,0,1,1,0,Guanajuato
2020-02-27,0,0,0,1,1,0,Guanajuato
2020-02-28,0,0,0,1,1,0,Guanajuato
2020-02-29,0,0,0,1,1,0,Guanajuato
2020-03-01,0,0,0,1,1,0,Guanajuato
2020-03-02,0,0,0,1,1,0,Guanajuato
2020-03-03,0,0,0,1,1,0,Guanajuato
2020-03-04,0,0,0,1,1,0,Guanajuato
2020-03-05,0,0,0,1,1,0,Guanajuato
2020-03-06,0,0,0,1,1,0,Guanajuato
2020-03-07,0,0,0,1,1,0,Guanajuato
2020-03-08,0,0,0,1,1,0,Guanajuato
2020-03-09,0,0,0,1,1,0,Guanajuato
2020-03-10,1,0,0,2,1,0,Guanajuato
2020-03-11,0,0,0,2,1,0,Guanajuato
2020-03-12,2,0,0,4,1,0,Guanajuato
2020-03-13,0,1,0,4,2,0,Guanajuato
2020-03-14,3,0,0,7,2,0,Guanajuato
2020-03-15,3,2,0,10,4,0,Guanajuato
2020-03-16,10,2,0,20,6,0,Guanajuato
2020-03-17,3,0,0,23,6,0,Guanajuato
2020-03-18,2,1,0,25,7,0,Guanajuato
2020-03-19,1,0,0,26,7,0,Guanajuato
2020-03-20,7,4,0,33,11,0,Guanajuato
2020-03-21,4,11,0,37,22,0,Guanajuato
2020-03-22,5,1,0,42,23,0,Guanajuato
2020-03-23,1,6,0,43,29,0,Guanajuato
2020-03-24,3,1,0,46,30,0,Guanajuato
2020-03-25,3,3,0,49,33,0,Guanajuato
2020-03-26,5,6,0,54,39,0,Guanajuato
2020-03-27,5,5,0,59,44,0,Guanajuato
2020-03-28,1,4,0,60,48,0,Guanajuato
2020-03-29,0,1,0,60,49,0,Guanajuato
2020-03-30,1,4,0,61,53,0,Guanajuato
2020-03-31,1,2,0,62,55,0,Guanajuato
2020-04-01,7,1,0,69,56,0,Guanajuato
2020-04-02,7,2,0,76,58,0,Guanajuato
2020-04-03,5,4,0,81,62,0,Guanajuato
2020-04-04,3,3,0,84,65,0,Guanajuato
2020-04-05,5,3,2,89,68,2,Guanajuato
2020-04-06,2,7,0,91,75,2,Guanajuato
2020-04-07,1,6,1,92,81,3,Guanajuato
2020-04-08,3,8,0,95,89,3,Guanajuato
2020-04-09,4,2,1,99,91,4,Guanajuato
2020-04-10,6,3,1,105,94,5,Guanajuato
2020-04-11,4,3,0,109,97,5,Guanajuato
2020-04-12,7,1,0,116,98,5,Guanajuato
2020-04-13,10,2,0,126,100,5,Guanajuato
2020-04-14,22,3,2,148,103,7,Guanajuato
2020-04-15,15,14,1,163,117,8,Guanajuato
2020-04-16,13,12,0,176,129,8,Guanajuato
2020-04-17,6,28,3,182,157,11,Guanajuato
2020-04-18,13,10,0,195,167,11,Guanajuato
2020-04-19,6,9,0,201,176,11,Guanajuato
2020-04-20,6,9,0,207,185,11,Guanajuato
2020-04-21,5,8,2,212,193,13,Guanajuato
2020-04-22,2,11,3,214,204,16,Guanajuato
2020-04-23,1,8,3,215,212,19,Guanajuato
2020-04-24,0,3,1,215,215,20,Guanajuato
2020-04-25,0,0,1,215,215,21,Guanajuato
2020-04-26,0,0,0,215,215,21,Guanajuato
2020-04-27,0,0,0,215,215,21,Guanajuato
2020-03-08,1,0,0,1,0,0,Guerrero
2020-03-09,1,0,0,2,0,0,Guerrero
2020-03-10,0,0,0,2,0,0,Guerrero
2020-03-11,0,0,0,2,0,0,Guerrero
2020-03-12,1,0,0,3,0,0,Guerrero
2020-03-13,1,2,0,4,2,0,Guerrero
2020-03-14,0,0,0,4,2,0,Guerrero
2020-03-15,2,0,0,6,2,0,Guerrero
2020-03-16,1,1,0,7,3,0,Guerrero
2020-03-17,1,2,0,8,5,0,Guerrero
2020-03-18,2,1,0,10,6,0,Guerrero
2020-03-19,2,0,0,12,6,0,Guerrero
2020-03-20,3,0,0,15,6,0,Guerrero
2020-03-21,3,1,0,18,7,0,Guerrero
2020-03-22,1,0,0,19,7,0,Guerrero
2020-03-23,3,1,0,22,8,0,Guerrero
2020-03-24,1,0,0,23,8,0,Guerrero
2020-03-25,1,3,0,24,11,0,Guerrero
2020-03-26,3,4,0,27,15,0,Guerrero
2020-03-27,1,3,0,28,18,0,Guerrero
2020-03-28,1,3,1,29,21,1,Guerrero
2020-03-29,2,1,0,31,22,1,Guerrero
2020-03-30,4,3,0,35,25,1,Guerrero
2020-03-31,5,5,0,40,30,1,Guerrero
2020-04-01,4,3,0,44,33,1,Guerrero
2020-04-02,5,1,0,49,34,1,Guerrero
2020-04-03,8,1,0,57,35,1,Guerrero
2020-04-04,10,2,2,67,37,3,Guerrero
2020-04-05,6,3,0,73,40,3,Guerrero
2020-04-06,8,8,2,81,48,5,Guerrero
2020-04-07,5,11,0,86,59,5,Guerrero
2020-04-08,12,6,0,98,65,5,Guerrero
2020-04-09,7,7,1,105,72,6,Guerrero
2020-04-10,11,4,0,116,76,6,Guerrero
2020-04-11,6,5,0,122,81,6,Guerrero
2020-04-12,5,11,1,127,92,7,Guerrero
2020-04-13,14,16,1,141,108,8,Guerrero
2020-04-14,2,6,1,143,114,9,Guerrero
2020-04-15,10,6,3,153,120,12,Guerrero
2020-04-16,4,10,0,157,130,12,Guerrero
2020-04-17,5,9,1,162,139,13,Guerrero
2020-04-18,7,6,2,169,145,15,Guerrero
2020-04-19,10,4,3,179,149,18,Guerrero
2020-04-20,9,15,1,188,164,19,Guerrero
2020-04-21,13,5,6,201,169,25,Guerrero
2020-04-22,2,8,3,203,177,28,Guerrero
2020-04-23,3,13,1,206,190,29,Guerrero
2020-04-24,1,13,0,207,203,29,Guerrero
2020-04-25,0,4,1,207,207,30,Guerrero
2020-04-26,0,0,0,207,207,30,Guerrero
2020-04-27,0,0,0,207,207,30,Guerrero
2020-03-07,1,0,0,1,0,0,Hidalgo
2020-03-08,1,0,0,2,0,0,Hidalgo
2020-03-09,0,0,0,2,0,0,Hidalgo
2020-03-10,0,0,0,2,0,0,Hidalgo
2020-03-11,0,0,0,2,0,0,Hidalgo
2020-03-12,1,0,0,3,0,0,Hidalgo
2020-03-13,2,0,0,5,0,0,Hidalgo
2020-03-14,1,0,0,6,0,0,Hidalgo
2020-03-15,0,1,0,6,1,0,Hidalgo
2020-03-16,1,0,0,7,1,0,Hidalgo
2020-03-17,0,2,0,7,3,0,Hidalgo
2020-03-18,2,0,0,9,3,0,Hidalgo
2020-03-19,1,0,0,10,3,0,Hidalgo
2020-03-20,3,3,0,13,6,0,Hidalgo
2020-03-21,1,3,0,14,9,0,Hidalgo
2020-03-22,0,0,0,14,9,0,Hidalgo
2020-03-23,5,1,0,19,10,0,Hidalgo
2020-03-24,3,0,0,22,10,0,Hidalgo
2020-03-25,3,4,0,25,14,0,Hidalgo
2020-03-26,2,4,0,27,18,0,Hidalgo
2020-03-27,4,4,1,31,22,1,Hidalgo
2020-03-28,1,0,1,32,22,2,Hidalgo
2020-03-29,4,2,0,36,24,2,Hidalgo
2020-03-30,6,7,1,42,31,3,Hidalgo
2020-03-31,4,6,0,46,37,3,Hidalgo
2020-04-01,1,3,0,47,40,3,Hidalgo
2020-04-02,0,1,0,47,41,3,Hidalgo
2020-04-03,4,2,2,51,43,5,Hidalgo
2020-04-04,1,2,0,52,45,5,Hidalgo
2020-04-05,4,2,0,56,47,5,Hidalgo
2020-04-06,6,1,0,62,48,5,Hidalgo
2020-04-07,1,2,0,63,50,5,Hidalgo
2020-04-08,3,2,2,66,52,7,Hidalgo
2020-04-09,2,0,0,68,52,7,Hidalgo
2020-04-10,6,8,0,74,60,7,Hidalgo
2020-04-11,7,3,1,81,63,8,Hidalgo
2020-04-12,5,5,0,86,68,8,Hidalgo
2020-04-13,10,4,0,96,72,8,Hidalgo
2020-04-14,3,2,2,99,74,10,Hidalgo
2020-04-15,5,3,2,104,77,12,Hidalgo
2020-04-16,12,4,0,116,81,12,Hidalgo
2020-04-17,8,8,0,124,89,12,Hidalgo
2020-04-18,17,4,2,141,93,14,Hidalgo
2020-04-19,9,11,1,150,104,15,Hidalgo
2020-04-20,16,8,0,166,112,15,Hidalgo
2020-04-21,8,9,0,174,121,15,Hidalgo
2020-04-22,5,14,1,179,135,16,Hidalgo
2020-04-23,2,20,1,181,155,17,Hidalgo
2020-04-24,1,13,1,182,168,18,Hidalgo
2020-04-25,0,14,3,182,182,21,Hidalgo
2020-04-26,0,0,0,182,182,21,Hidalgo
2020-04-27,0,0,0,182,182,21,Hidalgo
2020-03-01,2,0,0,2,0,0,Jalisco
2020-03-02,0,0,0,2,0,0,Jalisco
2020-03-03,0,0,0,2,0,0,Jalisco
2020-03-04,1,0,0,3,0,0,Jalisco
2020-03-05,0,0,0,3,0,0,Jalisco
2020-03-06,2,0,0,5,0,0,Jalisco
2020-03-07,1,0,0,6,0,0,Jalisco
2020-03-08,3,0,0,9,0,0,Jalisco
2020-03-09,3,0,0,12,0,0,Jalisco
2020-03-10,4,0,0,16,0,0,Jalisco
2020-03-11,5,1,0,21,1,0,Jalisco
2020-03-12,8,3,0,29,4,0,Jalisco
2020-03-13,7,2,0,36,6,0,Jalisco
2020-03-14,8,5,0,44,11,0,Jalisco
2020-03-15,3,1,0,47,12,0,Jalisco
2020-03-16,6,12,0,53,24,0,Jalisco
2020-03-17,12,6,0,65,30,0,Jalisco
2020-03-18,6,17,0,71,47,0,Jalisco
2020-03-19,0,8,0,71,55,0,Jalisco
2020-03-20,8,5,1,79,60,1,Jalisco
2020-03-21,10,1,0,89,61,1,Jalisco
2020-03-22,6,3,0,95,64,1,Jalisco
2020-03-23,5,8,0,100,72,1,Jalisco
2020-03-24,4,7,0,104,79,1,Jalisco
2020-03-25,4,7,0,108,86,1,Jalisco
2020-03-26,1,6,2,109,92,3,Jalisco
2020-03-27,8,7,0,117,99,3,Jalisco
2020-03-28,2,2,0,119,101,3,Jalisco
2020-03-29,4,2,0,123,103,3,Jalisco
2020-03-30,8,7,0,131,110,3,Jalisco
2020-03-31,5,7,1,136,117,4,Jalisco
2020-04-01,3,2,0,139,119,4,Jalisco
2020-04-02,8,8,2,147,127,6,Jalisco
2020-04-03,8,11,0,155,138,6,Jalisco
2020-04-04,4,1,0,159,139,6,Jalisco
2020-04-05,3,2,1,162,141,7,Jalisco
2020-04-06,6,3,0,168,144,7,Jalisco
2020-04-07,10,5,1,178,149,8,Jalisco
2020-04-08,9,10,1,187,159,9,Jalisco
2020-04-09,7,5,0,194,164,9,Jalisco
2020-04-10,8,8,1,202,172,10,Jalisco
2020-04-11,4,5,1,206,177,11,Jalisco
2020-04-12,6,5,0,212,182,11,Jalisco
2020-04-13,8,11,0,220,193,11,Jalisco
2020-04-14,13,4,0,233,197,11,Jalisco
2020-04-15,6,12,0,239,209,11,Jalisco
2020-04-16,12,8,1,251,217,12,Jalisco
2020-04-17,11,13,1,262,230,13,Jalisco
2020-04-18,6,6,0,268,236,13,Jalisco
2020-04-19,5,3,2,273,239,15,Jalisco
2020-04-20,14,9,1,287,248,16,Jalisco
2020-04-21,7,14,1,294,262,17,Jalisco
2020-04-22,8,15,3,302,277,20,Jalisco
2020-04-23,0,13,0,302,290,20,Jalisco
2020-04-24,1,11,3,303,301,23,Jalisco
2020-04-25,0,2,2,303,303,25,Jalisco
2020-04-26,0,0,0,303,303,25,Jalisco
2020-04-27,0,0,0,303,303,25,Jalisco
2020-02-19,1,0,0,1,0,0,México
2020-02-20,0,0,0,1,0,0,México
2020-02-21,1,0,0,2,0,0,México
2020-02-22,0,0,0,2,0,0,México
2020-02-23,0,0,0,2,0,0,México
2020-02-24,0,0,0,2,0,0,México
2020-02-25,0,0,0,2,0,0,México
2020-02-26,0,0,0,2,0,0,México
2020-02-27,0,0,0,2,0,0,México
2020-02-28,0,1,0,2,1,0,México
2020-02-29,0,0,0,2,1,0,México
2020-03-01,0,0,0,2,1,0,México
2020-03-02,3,1,0,5,2,0,México
2020-03-03,1,0,0,6,2,0,México
2020-03-04,0,1,0,6,3,0,México
2020-03-05,3,0,0,9,3,0,México
2020-03-06,1,0,0,10,3,0,México
2020-03-07,5,0,0,15,3,0,México
2020-03-08,1,1,0,16,4,0,México
2020-03-09,8,1,0,24,5,0,México
2020-03-10,2,2,0,26,7,0,México
2020-03-11,2,1,0,28,8,0,México
2020-03-12,3,1,0,31,9,0,México
2020-03-13,8,11,0,39,20,0,México
2020-03-14,5,2,0,44,22,0,México
2020-03-15,11,4,0,55,26,0,México
2020-03-16,15,6,0,70,32,0,México
2020-03-17,6,2,0,76,34,0,México
2020-03-18,10,2,0,86,36,0,México
2020-03-19,9,6,0,95,42,0,México
2020-03-20,17,10,0,112,52,0,México
2020-03-21,13,6,0,125,58,0,México
2020-03-22,18,3,0,143,61,0,México
2020-03-23,21,9,0,164,70,0,México
2020-03-24,25,25,0,189,95,0,México
2020-03-25,22,24,0,211,119,0,México
2020-03-26,31,28,0,242,147,0,México
2020-03-27,34,37,0,276,184,0,México
2020-03-28,22,15,2,298,199,2,México
2020-03-29,23,7,1,321,206,3,México
2020-03-30,47,45,0,368,251,3,México
2020-03-31,34,27,1,402,278,4,México
2020-04-01,51,35,0,453,313,4,México
2020-04-02,29,34,4,482,347,8,México
2020-04-03,41,37,3,523,384,11,México
2020-04-04,51,26,3,574,410,14,México
2020-04-05,36,27,3,610,437,17,México
2020-04-06,67,51,4,677,488,21,México
2020-04-07,45,46,8,722,534,29,México
2020-04-08,65,59,4,787,593,33,México
2020-04-09,54,30,1,841,623,34,México
2020-04-10,86,54,3,927,677,37,México
2020-04-11,76,44,7,1003,721,44,México
2020-04-12,75,42,8,1078,763,52,México
2020-04-13,98,96,6,1176,859,58,México
2020-04-14,77,79,6,1253,938,64,México
2020-04-15,108,111,8,1361,1049,72,México
2020-04-16,97,88,3,1458,1137,75,México
2020-04-17,84,80,5,1542,1217,80,México
2020-04-18,83,75,10,1625,1292,90,México
2020-04-19,54,92,4,1679,1384,94,México
2020-04-20,29,126,5,1708,1510,99,México
2020-04-21,27,129,7,1735,1639,106,México
2020-04-22,6,60,4,1741,1699,110,México
2020-04-23,5,24,3,1746,1723,113,México
2020-04-24,4,21,4,1750,1744,117,México
2020-04-25,3,9,2,1753,1753,119,México
2020-04-26,0,0,3,1753,1753,122,México
2020-04-27,0,0,0,1753,1753,122,México
2020-03-09,1,0,0,1,0,0,Michoacán
2020-03-10,0,0,0,1,0,0,Michoacán
2020-03-11,0,0,0,1,0,0,Michoacán
2020-03-12,0,0,0,1,0,0,Michoacán
2020-03-13,0,0,0,1,0,0,Michoacán
2020-03-14,0,0,0,1,0,0,Michoacán
2020-03-15,8,0,0,9,0,0,Michoacán
2020-03-16,1,0,0,10,0,0,Michoacán
2020-03-17,2,0,0,12,0,0,Michoacán
2020-03-18,4,1,0,16,1,0,Michoacán
2020-03-19,0,1,0,16,2,0,Michoacán
2020-03-20,1,2,0,17,4,0,Michoacán
2020-03-21,0,5,0,17,9,0,Michoacán
2020-03-22,4,0,0,21,9,0,Michoacán
2020-03-23,4,3,0,25,12,0,Michoacán
2020-03-24,2,3,0,27,15,0,Michoacán
2020-03-25,4,2,0,31,17,0,Michoacán
2020-03-26,2,3,1,33,20,1,Michoacán
2020-03-27,3,1,0,36,21,1,Michoacán
2020-03-28,1,2,0,37,23,1,Michoacán
2020-03-29,1,3,0,38,26,1,Michoacán
2020-03-30,2,0,0,40,26,1,Michoacán
2020-03-31,1,4,0,41,30,1,Michoacán
2020-04-01,10,3,0,51,33,1,Michoacán
2020-04-02,3,0,0,54,33,1,Michoacán
2020-04-03,2,6,1,56,39,2,Michoacán
2020-04-04,3,2,2,59,41,4,Michoacán
2020-04-05,6,2,0,65,43,4,Michoacán
2020-04-06,5,6,1,70,49,5,Michoacán
2020-04-07,15,6,0,85,55,5,Michoacán
2020-04-08,8,4,1,93,59,6,Michoacán
2020-04-09,7,9,1,100,68,7,Michoacán
2020-04-10,11,2,1,111,70,8,Michoacán
2020-04-11,8,2,1,119,72,9,Michoacán
2020-04-12,10,4,0,129,76,9,Michoacán
2020-04-13,17,13,4,146,89,13,Michoacán
2020-04-14,8,15,1,154,104,14,Michoacán
2020-04-15,7,9,0,161,113,14,Michoacán
2020-04-16,11,8,2,172,121,16,Michoacán
2020-04-17,15,13,0,187,134,16,Michoacán
2020-04-18,11,8,1,198,142,17,Michoacán
2020-04-19,5,11,3,203,153,20,Michoacán
2020-04-20,11,25,4,214,178,24,Michoacán
2020-04-21,3,13,0,217,191,24,Michoacán
2020-04-22,2,9,1,219,200,25,Michoacán
2020-04-23,0,12,3,219,212,28,Michoacán
2020-04-24,0,6,2,219,218,30,Michoacán
2020-04-25,0,1,4,219,219,34,Michoacán
2020-04-26,0,0,0,219,219,34,Michoacán
2020-04-27,0,0,0,219,219,34,Michoacán
2020-03-14,1,0,0,1,0,0,Morelos
2020-03-15,0,0,0,1,0,0,Morelos
2020-03-16,1,0,0,2,0,0,Morelos
2020-03-17,1,1,0,3,1,0,Morelos
2020-03-18,0,1,0,3,2,0,Morelos
2020-03-19,1,0,0,4,2,0,Morelos
2020-03-20,1,0,0,5,2,0,Morelos
2020-03-21,2,1,0,7,3,0,Morelos
2020-03-22,2,0,0,9,3,0,Morelos
2020-03-23,3,2,0,12,5,0,Morelos
2020-03-24,0,3,0,12,8,0,Morelos
2020-03-25,0,0,0,12,8,0,Morelos
2020-03-26,2,0,0,14,8,0,Morelos
2020-03-27,1,0,0,15,8,0,Morelos
2020-03-28,2,1,1,17,9,1,Morelos
2020-03-29,1,0,1,18,9,2,Morelos
2020-03-30,5,2,0,23,11,2,Morelos
2020-03-31,3,1,1,26,12,3,Morelos
2020-04-01,8,3,1,34,15,4,Morelos
2020-04-02,4,7,0,38,22,4,Morelos
2020-04-03,3,1,0,41,23,4,Morelos
2020-04-04,5,2,0,46,25,4,Morelos
2020-04-05,6,3,0,52,28,4,Morelos
2020-04-06,2,7,1,54,35,5,Morelos
2020-04-07,2,7,1,56,42,6,Morelos
2020-04-08,6,6,1,62,48,7,Morelos
2020-04-09,1,5,0,63,53,7,Morelos
2020-04-10,10,1,0,73,54,7,Morelos
2020-04-11,4,1,0,77,55,7,Morelos
2020-04-12,5,3,0,82,58,7,Morelos
2020-04-13,12,7,3,94,65,10,Morelos
2020-04-14,6,9,0,100,74,10,Morelos
2020-04-15,9,6,1,109,80,11,Morelos
2020-04-16,9,8,0,118,88,11,Morelos
2020-04-17,10,5,2,128,93,13,Morelos
2020-04-18,23,3,0,151,96,13,Morelos
2020-04-19,11,7,3,162,103,16,Morelos
2020-04-20,12,19,2,174,122,18,Morelos
2020-04-21,3,13,0,177,135,18,Morelos
2020-04-22,3,19,5,180,154,23,Morelos
2020-04-23,1,17,3,181,171,26,Morelos
2020-04-24,0,10,1,181,181,27,Morelos
2020-04-25,0,0,0,181,181,27,Morelos
2020-04-26,0,0,0,181,181,27,Morelos
2020-04-27,0,0,0,181,181,27,Morelos
2020-01-06,1,1,0,1,1,0,Nayarit
2020-01-07,0,0,0,1,1,0,Nayarit
2020-01-08,0,0,0,1,1,0,Nayarit
2020-01-09,0,0,0,1,1,0,Nayarit
2020-01-10,0,0,0,1,1,0,Nayarit
2020-01-11,0,0,0,1,1,0,Nayarit
2020-01-12,0,0,0,1,1,0,Nayarit
2020-01-13,0,0,0,1,1,0,Nayarit
2020-01-14,0,0,0,1,1,0,Nayarit
2020-01-15,0,0,0,1,1,0,Nayarit
2020-01-16,0,0,0,1,1,0,Nayarit
2020-01-17,0,0,0,1,1,0,Nayarit
2020-01-18,0,0,0,1,1,0,Nayarit
2020-01-19,0,0,0,1,1,0,Nayarit
2020-01-20,0,0,0,1,1,0,Nayarit
2020-01-21,0,0,0,1,1,0,Nayarit
2020-01-22,0,0,0,1,1,0,Nayarit
2020-01-23,0,0,0,1,1,0,Nayarit
2020-01-24,0,0,0,1,1,0,Nayarit
2020-01-25,0,0,0,1,1,0,Nayarit
2020-01-26,0,0,0,1,1,0,Nayarit
2020-01-27,0,0,0,1,1,0,Nayarit
2020-01-28,0,0,0,1,1,0,Nayarit
2020-01-29,0,0,0,1,1,0,Nayarit
2020-01-30,0,0,0,1,1,0,Nayarit
2020-01-31,0,0,0,1,1,0,Nayarit
2020-02-01,0,0,0,1,1,0,Nayarit
2020-02-02,0,0,0,1,1,0,Nayarit
2020-02-03,0,0,0,1,1,0,Nayarit
2020-02-04,0,0,0,1,1,0,Nayarit
2020-02-05,0,0,0,1,1,0,Nayarit
2020-02-06,0,0,0,1,1,0,Nayarit
2020-02-07,0,0,0,1,1,0,Nayarit
2020-02-08,0,0,0,1,1,0,Nayarit
2020-02-09,0,0,0,1,1,0,Nayarit
2020-02-10,0,0,0,1,1,0,Nayarit
2020-02-11,0,0,0,1,1,0,Nayarit
2020-02-12,0,0,0,1,1,0,Nayarit
2020-02-13,0,0,0,1,1,0,Nayarit
2020-02-14,0,0,0,1,1,0,Nayarit
2020-02-15,0,0,0,1,1,0,Nayarit
2020-02-16,0,0,0,1,1,0,Nayarit
2020-02-17,0,0,0,1,1,0,Nayarit
2020-02-18,0,0,0,1,1,0,Nayarit
2020-02-19,0,0,0,1,1,0,Nayarit
2020-02-20,0,0,0,1,1,0,Nayarit
2020-02-21,0,0,0,1,1,0,Nayarit
2020-02-22,0,0,0,1,1,0,Nayarit
2020-02-23,0,0,0,1,1,0,Nayarit
2020-02-24,0,0,0,1,1,0,Nayarit
2020-02-25,0,0,0,1,1,0,Nayarit
2020-02-26,0,0,0,1,1,0,Nayarit
2020-02-27,0,0,0,1,1,0,Nayarit
2020-02-28,0,0,0,1,1,0,Nayarit
2020-02-29,0,0,0,1,1,0,Nayarit
2020-03-01,0,0,0,1,1,0,Nayarit
2020-03-02,0,0,0,1,1,0,Nayarit
2020-03-03,0,0,0,1,1,0,Nayarit
2020-03-04,0,0,0,1,1,0,Nayarit
2020-03-05,0,0,0,1,1,0,Nayarit
2020-03-06,0,0,0,1,1,0,Nayarit
2020-03-07,0,0,0,1,1,0,Nayarit
2020-03-08,0,0,0,1,1,0,Nayarit
2020-03-09,0,0,0,1,1,0,Nayarit
2020-03-10,1,0,0,2,1,0,Nayarit
2020-03-11,0,0,0,2,1,0,Nayarit
2020-03-12,0,0,0,2,1,0,Nayarit
2020-03-13,0,0,0,2,1,0,Nayarit
2020-03-14,0,0,0,2,1,0,Nayarit
2020-03-15,0,0,0,2,1,0,Nayarit
2020-03-16,0,0,0,2,1,0,Nayarit
2020-03-17,1,0,0,3,1,0,Nayarit
2020-03-18,0,1,0,3,2,0,Nayarit
2020-03-19,1,1,0,4,3,0,Nayarit
2020-03-20,0,0,0,4,3,0,Nayarit
2020-03-21,1,0,0,5,3,0,Nayarit
2020-03-22,0,0,0,5,3,0,Nayarit
2020-03-23,0,1,0,5,4,0,Nayarit
2020-03-24,2,3,0,7,7,0,Nayarit
2020-03-25,0,0,0,7,7,0,Nayarit
2020-03-26,0,0,0,7,7,0,Nayarit
2020-03-27,2,0,0,9,7,0,Nayarit
2020-03-28,0,0,0,9,7,0,Nayarit
2020-03-29,0,0,0,9,7,0,Nayarit
2020-03-30,0,0,1,9,7,1,Nayarit
2020-03-31,3,2,0,12,9,1,Nayarit
2020-04-01,2,0,0,14,9,1,Nayarit
2020-04-02,3,0,0,17,9,1,Nayarit
2020-04-03,1,1,0,18,10,1,Nayarit
2020-04-04,2,4,0,20,14,1,Nayarit
2020-04-05,4,2,0,24,16,1,Nayarit
2020-04-06,1,2,0,25,18,1,Nayarit
2020-04-07,1,2,0,26,20,1,Nayarit
2020-04-08,2,1,2,28,21,3,Nayarit
2020-04-09,1,2,1,29,23,4,Nayarit
2020-04-10,3,0,0,32,23,4,Nayarit
2020-04-11,1,2,0,33,25,4,Nayarit
2020-04-12,1,3,1,34,28,5,Nayarit
2020-04-13,3,2,0,37,30,5,Nayarit
2020-04-14,3,2,0,40,32,5,Nayarit
2020-04-15,1,2,0,41,34,5,Nayarit
2020-04-16,2,3,0,43,37,5,Nayarit
2020-04-17,8,3,1,51,40,6,Nayarit
2020-04-18,3,2,0,54,42,6,Nayarit
2020-04-19,2,2,0,56,44,6,Nayarit
2020-04-20,0,1,1,56,45,7,Nayarit
2020-04-21,1,3,0,57,48,7,Nayarit
2020-04-22,0,3,0,57,51,7,Nayarit
2020-04-23,1,4,0,58,55,7,Nayarit
2020-04-24,0,3,0,58,58,7,Nayarit
2020-04-25,0,0,0,58,58,7,Nayarit
2020-04-26,0,0,0,58,58,7,Nayarit
2020-04-27,0,0,0,58,58,7,Nayarit
2020-03-02,1,0,0,1,0,0,Nuevo León
2020-03-03,0,0,0,1,0,0,Nuevo León
2020-03-04,1,0,0,2,0,0,Nuevo León
2020-03-05,1,0,0,3,0,0,Nuevo León
2020-03-06,1,0,0,4,0,0,Nuevo León
2020-03-07,2,0,0,6,0,0,Nuevo León
2020-03-08,0,0,0,6,0,0,Nuevo León
2020-03-09,9,0,0,15,0,0,Nuevo León
2020-03-10,2,2,0,17,2,0,Nuevo León
2020-03-11,5,4,0,22,6,0,Nuevo León
2020-03-12,2,0,0,24,6,0,Nuevo León
2020-03-13,6,5,0,30,11,0,Nuevo León
2020-03-14,8,6,0,38,17,0,Nuevo León
2020-03-15,7,0,0,45,17,0,Nuevo León
2020-03-16,3,6,0,48,23,0,Nuevo León
2020-03-17,8,6,0,56,29,0,Nuevo León
2020-03-18,6,9,0,62,38,0,Nuevo León
2020-03-19,5,4,0,67,42,0,Nuevo León
2020-03-20,5,12,0,72,54,0,Nuevo León
2020-03-21,3,4,0,75,58,0,Nuevo León
2020-03-22,4,4,0,79,62,0,Nuevo León
2020-03-23,3,5,0,82,67,0,Nuevo León
2020-03-24,1,5,0,83,72,0,Nuevo León
2020-03-25,3,0,0,86,72,0,Nuevo León
2020-03-26,3,2,0,89,74,0,Nuevo León
2020-03-27,2,8,0,91,82,0,Nuevo León
2020-03-28,1,2,0,92,84,0,Nuevo León
2020-03-29,2,3,0,94,87,0,Nuevo León
2020-03-30,5,5,0,99,92,0,Nuevo León
2020-03-31,7,0,0,106,92,0,Nuevo León
2020-04-01,6,1,0,112,93,0,Nuevo León
2020-04-02,11,5,0,123,98,0,Nuevo León
2020-04-03,7,1,3,130,99,3,Nuevo León
2020-04-04,2,3,0,132,102,3,Nuevo León
2020-04-05,8,2,1,140,104,4,Nuevo León
2020-04-06,9,12,0,149,116,4,Nuevo León
2020-04-07,13,6,2,162,122,6,Nuevo León
2020-04-08,11,7,0,173,129,6,Nuevo León
2020-04-09,12,2,0,185,131,6,Nuevo León
2020-04-10,23,22,0,208,153,6,Nuevo León
2020-04-11,16,8,0,224,161,6,Nuevo León
2020-04-12,7,15,0,231,176,6,Nuevo León
2020-04-13,10,18,0,241,194,6,Nuevo León
2020-04-14,7,16,0,248,210,6,Nuevo León
2020-04-15,6,11,0,254,221,6,Nuevo León
2020-04-16,8,11,0,262,232,6,Nuevo León
2020-04-17,7,7,0,269,239,6,Nuevo León
2020-04-18,6,7,0,275,246,6,Nuevo León
2020-04-19,5,2,1,280,248,7,Nuevo León
2020-04-20,4,12,1,284,260,8,Nuevo León
2020-04-21,5,15,0,289,275,8,Nuevo León
2020-04-22,5,10,1,294,285,9,Nuevo León
2020-04-23,1,4,1,295,289,10,Nuevo León
2020-04-24,0,4,0,295,293,10,Nuevo León
2020-04-25,0,2,0,295,295,10,Nuevo León
2020-04-26,0,0,0,295,295,10,Nuevo León
2020-04-27,0,0,0,295,295,10,Nuevo León
2020-03-09,1,0,0,1,0,0,Oaxaca
2020-03-10,1,0,0,2,0,0,Oaxaca
2020-03-11,0,0,0,2,0,0,Oaxaca
2020-03-12,1,0,0,3,0,0,Oaxaca
2020-03-13,0,2,0,3,2,0,Oaxaca
2020-03-14,0,0,0,3,2,0,Oaxaca
2020-03-15,0,0,0,3,2,0,Oaxaca
2020-03-16,1,0,0,4,2,0,Oaxaca
2020-03-17,0,0,0,4,2,0,Oaxaca
2020-03-18,0,0,0,4,2,0,Oaxaca
2020-03-19,2,1,0,6,3,0,Oaxaca
2020-03-20,3,0,0,9,3,0,Oaxaca
2020-03-21,1,1,0,10,4,0,Oaxaca
2020-03-22,1,1,0,11,5,0,Oaxaca
2020-03-23,4,2,0,15,7,0,Oaxaca
2020-03-24,1,1,0,16,8,0,Oaxaca
2020-03-25,1,3,0,17,11,0,Oaxaca
2020-03-26,3,3,0,20,14,0,Oaxaca
2020-03-27,3,1,0,23,15,0,Oaxaca
2020-03-28,4,1,0,27,16,0,Oaxaca
2020-03-29,3,2,1,30,18,1,Oaxaca
2020-03-30,3,2,0,33,20,1,Oaxaca
2020-03-31,1,5,0,34,25,1,Oaxaca
2020-04-01,0,1,0,34,26,1,Oaxaca
2020-04-02,0,0,0,34,26,1,Oaxaca
2020-04-03,5,3,0,39,29,1,Oaxaca
2020-04-04,2,2,0,41,31,1,Oaxaca
2020-04-05,3,2,0,44,33,1,Oaxaca
2020-04-06,5,6,0,49,39,1,Oaxaca
2020-04-07,1,0,0,50,39,1,Oaxaca
2020-04-08,1,4,0,51,43,1,Oaxaca
2020-04-09,5,0,1,56,43,2,Oaxaca
2020-04-10,7,2,0,63,45,2,Oaxaca
2020-04-11,0,2,2,63,47,4,Oaxaca
2020-04-12,4,2,0,67,49,4,Oaxaca
2020-04-13,1,4,0,68,53,4,Oaxaca
2020-04-14,10,4,1,78,57,5,Oaxaca
2020-04-15,8,6,0,86,63,5,Oaxaca
2020-04-16,4,4,0,90,67,5,Oaxaca
2020-04-17,2,8,1,92,75,6,Oaxaca
2020-04-18,6,3,0,98,78,6,Oaxaca
2020-04-19,6,3,0,104,81,6,Oaxaca
2020-04-20,5,5,1,109,86,7,Oaxaca
2020-04-21,1,2,1,110,88,8,Oaxaca
2020-04-22,1,8,1,111,96,9,Oaxaca
2020-04-23,1,7,4,112,103,13,Oaxaca
2020-04-24,4,6,1,116,109,14,Oaxaca
2020-04-25,0,4,0,116,113,14,Oaxaca
2020-04-26,0,3,1,116,116,15,Oaxaca
2020-04-27,0,0,0,116,116,15,Oaxaca
2020-03-05,2,0,0,2,0,0,Puebla
2020-03-06,0,0,0,2,0,0,Puebla
2020-03-07,0,0,0,2,0,0,Puebla
2020-03-08,2,0,0,4,0,0,Puebla
2020-03-09,4,0,0,8,0,0,Puebla
2020-03-10,3,0,0,11,0,0,Puebla
2020-03-11,2,1,0,13,1,0,Puebla
2020-03-12,1,1,0,14,2,0,Puebla
2020-03-13,4,4,0,18,6,0,Puebla
2020-03-14,4,2,0,22,8,0,Puebla
2020-03-15,3,3,0,25,11,0,Puebla
2020-03-16,11,2,0,36,13,0,Puebla
2020-03-17,5,4,0,41,17,0,Puebla
2020-03-18,6,3,0,47,20,0,Puebla
2020-03-19,1,5,0,48,25,0,Puebla
2020-03-20,10,5,0,58,30,0,Puebla
2020-03-21,8,3,0,66,33,0,Puebla
2020-03-22,9,1,0,75,34,0,Puebla
2020-03-23,14,8,0,89,42,0,Puebla
2020-03-24,7,15,0,96,57,0,Puebla
2020-03-25,4,6,0,100,63,0,Puebla
2020-03-26,6,14,0,106,77,0,Puebla
2020-03-27,13,8,1,119,85,1,Puebla
2020-03-28,25,12,1,144,97,2,Puebla
2020-03-29,25,4,0,169,101,2,Puebla
2020-03-30,19,14,0,188,115,2,Puebla
2020-03-31,9,22,1,197,137,3,Puebla
2020-04-01,16,13,1,213,150,4,Puebla
2020-04-02,22,17,1,235,167,5,Puebla
2020-04-03,16,14,1,251,181,6,Puebla
2020-04-04,12,10,2,263,191,8,Puebla
2020-04-05,11,6,3,274,197,11,Puebla
2020-04-06,17,22,4,291,219,15,Puebla
2020-04-07,5,11,7,296,230,22,Puebla
2020-04-08,7,20,1,303,250,23,Puebla
2020-04-09,10,11,1,313,261,24,Puebla
2020-04-10,16,9,4,329,270,28,Puebla
2020-04-11,20,11,4,349,281,32,Puebla
2020-04-12,17,4,2,366,285,34,Puebla
2020-04-13,28,21,2,394,306,36,Puebla
2020-04-14,16,11,4,410,317,40,Puebla
2020-04-15,14,23,1,424,340,41,Puebla
2020-04-16,21,18,4,445,358,45,Puebla
2020-04-17,25,27,2,470,385,47,Puebla
2020-04-18,22,25,6,492,410,53,Puebla
2020-04-19,20,15,4,512,425,57,Puebla
2020-04-20,14,21,3,526,446,60,Puebla
2020-04-21,14,19,2,540,465,62,Puebla
2020-04-22,5,27,2,545,492,64,Puebla
2020-04-23,8,27,1,553,519,65,Puebla
2020-04-24,2,21,0,555,540,65,Puebla
2020-04-25,1,13,0,556,553,65,Puebla
2020-04-26,0,3,0,556,556,65,Puebla
2020-04-27,0,0,0,556,556,65,Puebla
2020-03-05,1,0,0,1,0,0,Querétaro
2020-03-06,0,0,0,1,0,0,Querétaro
2020-03-07,0,0,0,1,0,0,Querétaro
2020-03-08,1,0,0,2,0,0,Querétaro
2020-03-09,1,0,0,3,0,0,Querétaro
2020-03-10,4,2,0,7,2,0,Querétaro
2020-03-11,1,1,0,8,3,0,Querétaro
2020-03-12,0,1,0,8,4,0,Querétaro
2020-03-13,1,2,0,9,6,0,Querétaro
2020-03-14,1,1,0,10,7,0,Querétaro
2020-03-15,1,0,0,11,7,0,Querétaro
2020-03-16,4,0,0,15,7,0,Querétaro
2020-03-17,3,2,0,18,9,0,Querétaro
2020-03-18,2,2,0,20,11,0,Querétaro
2020-03-19,0,3,0,20,14,0,Querétaro
2020-03-20,3,1,0,23,15,0,Querétaro
2020-03-21,2,1,0,25,16,0,Querétaro
2020-03-22,2,0,0,27,16,0,Querétaro
2020-03-23,3,3,0,30,19,0,Querétaro
2020-03-24,0,4,0,30,23,0,Querétaro
2020-03-25,3,2,0,33,25,0,Querétaro
2020-03-26,4,1,0,37,26,0,Querétaro
2020-03-27,2,3,0,39,29,0,Querétaro
2020-03-28,2,0,1,41,29,1,Querétaro
2020-03-29,1,1,0,42,30,1,Querétaro
2020-03-30,1,2,0,43,32,1,Querétaro
2020-03-31,1,5,0,44,37,1,Querétaro
2020-04-01,4,4,0,48,41,1,Querétaro
2020-04-02,2,1,1,50,42,2,Querétaro
2020-04-03,4,4,0,54,46,2,Querétaro
2020-04-04,3,1,0,57,47,2,Querétaro
2020-04-05,2,0,0,59,47,2,Querétaro
2020-04-06,3,4,0,62,51,2,Querétaro
2020-04-07,3,4,0,65,55,2,Querétaro
2020-04-08,1,3,0,66,58,2,Querétaro
2020-04-09,2,3,0,68,61,2,Querétaro
2020-04-10,4,2,1,72,63,3,Querétaro
2020-04-11,5,2,1,77,65,4,Querétaro
2020-04-12,6,1,0,83,66,4,Querétaro
2020-04-13,1,6,0,84,72,4,Querétaro
2020-04-14,4,7,1,88,79,5,Querétaro
2020-04-15,5,2,1,93,81,6,Querétaro
2020-04-16,2,5,0,95,86,6,Querétaro
2020-04-17,5,5,0,100,91,6,Querétaro
2020-04-18,7,1,0,107,92,6,Querétaro
2020-04-19,3,1,0,110,93,6,Querétaro
2020-04-20,5,5,0,115,98,6,Querétaro
2020-04-21,4,1,1,119,99,7,Querétaro
2020-04-22,3,7,0,122,106,7,Querétaro
2020-04-23,1,10,0,123,116,7,Querétaro
2020-04-24,0,7,0,123,123,7,Querétaro
2020-04-25,0,0,1,123,123,8,Querétaro
2020-04-26,0,0,2,123,123,10,Querétaro
2020-04-27,0,0,0,123,123,10,Querétaro
2020-03-01,1,0,0,1,0,0,Quintana Roo
2020-03-02,0,0,0,1,0,0,Quintana Roo
2020-03-03,0,0,0,1,0,0,Quintana Roo
2020-03-04,0,0,0,1,0,0,Quintana Roo
2020-03-05,0,0,0,1,0,0,Quintana Roo
2020-03-06,0,0,0,1,0,0,Quintana Roo
2020-03-07,0,0,0,1,0,0,Quintana Roo
2020-03-08,1,0,0,2,0,0,Quintana Roo
2020-03-09,1,0,0,3,0,0,Quintana Roo
2020-03-10,0,0,0,3,0,0,Quintana Roo
2020-03-11,3,0,0,6,0,0,Quintana Roo
2020-03-12,1,1,0,7,1,0,Quintana Roo
2020-03-13,3,0,0,10,1,0,Quintana Roo
2020-03-14,4,4,0,14,5,0,Quintana Roo
2020-03-15,6,0,0,20,5,0,Quintana Roo
2020-03-16,2,3,0,22,8,0,Quintana Roo
2020-03-17,4,4,0,26,12,0,Quintana Roo
2020-03-18,7,1,0,33,13,0,Quintana Roo
2020-03-19,4,5,0,37,18,0,Quintana Roo
2020-03-20,8,2,0,45,20,0,Quintana Roo
2020-03-21,10,3,0,55,23,0,Quintana Roo
2020-03-22,6,4,0,61,27,0,Quintana Roo
2020-03-23,10,5,0,71,32,0,Quintana Roo
2020-03-24,6,9,0,77,41,0,Quintana Roo
2020-03-25,12,11,0,89,52,0,Quintana Roo
2020-03-26,6,9,1,95,61,1,Quintana Roo
2020-03-27,21,7,1,116,68,2,Quintana Roo
2020-03-28,16,7,1,132,75,3,Quintana Roo
2020-03-29,18,3,0,150,78,3,Quintana Roo
2020-03-30,16,21,0,166,99,3,Quintana Roo
2020-03-31,13,14,2,179,113,5,Quintana Roo
2020-04-01,19,22,1,198,135,6,Quintana Roo
2020-04-02,15,12,2,213,147,8,Quintana Roo
2020-04-03,18,13,2,231,160,10,Quintana Roo
2020-04-04,14,8,1,245,168,11,Quintana Roo
2020-04-05,24,10,1,269,178,12,Quintana Roo
2020-04-06,28,29,2,297,207,14,Quintana Roo
2020-04-07,15,18,2,312,225,16,Quintana Roo
2020-04-08,20,26,3,332,251,19,Quintana Roo
2020-04-09,25,9,3,357,260,22,Quintana Roo
2020-04-10,31,23,2,388,283,24,Quintana Roo
2020-04-11,32,17,2,420,300,26,Quintana Roo
2020-04-12,27,21,4,447,321,30,Quintana Roo
2020-04-13,24,22,5,471,343,35,Quintana Roo
2020-04-14,22,18,3,493,361,38,Quintana Roo
2020-04-15,24,21,0,517,382,38,Quintana Roo
2020-04-16,28,30,1,545,412,39,Quintana Roo
2020-04-17,23,34,3,568,446,42,Quintana Roo
2020-04-18,24,34,5,592,480,47,Quintana Roo
2020-04-19,15,21,6,607,501,53,Quintana Roo
2020-04-20,21,42,9,628,543,62,Quintana Roo
2020-04-21,9,32,5,637,575,67,Quintana Roo
2020-04-22,5,29,6,642,604,73,Quintana Roo
2020-04-23,0,24,4,642,628,77,Quintana Roo
2020-04-24,1,9,4,643,637,81,Quintana Roo
2020-04-25,0,6,2,643,643,83,Quintana Roo
2020-04-26,0,0,2,643,643,85,Quintana Roo
2020-04-27,0,0,0,643,643,85,Quintana Roo
2020-03-07,1,0,0,1,0,0,San Luis Potosí
2020-03-08,0,0,0,1,0,0,San Luis Potosí
2020-03-09,1,0,0,2,0,0,San Luis Potosí
2020-03-10,0,0,0,2,0,0,San Luis Potosí
2020-03-11,1,0,0,3,0,0,San Luis Potosí
2020-03-12,1,0,0,4,0,0,San Luis Potosí
2020-03-13,0,2,0,4,2,0,San Luis Potosí
2020-03-14,1,0,0,5,2,0,San Luis Potosí
2020-03-15,4,0,0,9,2,0,San Luis Potosí
2020-03-16,2,1,0,11,3,0,San Luis Potosí
2020-03-17,1,5,0,12,8,0,San Luis Potosí
2020-03-18,4,1,0,16,9,0,San Luis Potosí
2020-03-19,2,3,0,18,12,0,San Luis Potosí
2020-03-20,1,3,0,19,15,0,San Luis Potosí
2020-03-21,2,4,0,21,19,0,San Luis Potosí
2020-03-22,3,1,0,24,20,0,San Luis Potosí
2020-03-23,0,2,0,24,22,0,San Luis Potosí
2020-03-24,5,0,1,29,22,1,San Luis Potosí
2020-03-25,3,0,1,32,22,2,San Luis Potosí
2020-03-26,1,1,0,33,23,2,San Luis Potosí
2020-03-27,3,6,0,36,29,2,San Luis Potosí
2020-03-28,1,0,0,37,29,2,San Luis Potosí
2020-03-29,2,6,0,39,35,2,San Luis Potosí
2020-03-30,1,3,1,40,38,3,San Luis Potosí
2020-03-31,4,2,0,44,40,3,San Luis Potosí
2020-04-01,2,0,0,46,40,3,San Luis Potosí
2020-04-02,4,0,0,50,40,3,San Luis Potosí
2020-04-03,4,0,0,54,40,3,San Luis Potosí
2020-04-04,3,3,0,57,43,3,San Luis Potosí
2020-04-05,0,1,0,57,44,3,San Luis Potosí
2020-04-06,1,3,1,58,47,4,San Luis Potosí
2020-04-07,0,4,0,58,51,4,San Luis Potosí
2020-04-08,1,1,0,59,52,4,San Luis Potosí
2020-04-09,1,4,0,60,56,4,San Luis Potosí
2020-04-10,2,1,0,62,57,4,San Luis Potosí
2020-04-11,0,2,0,62,59,4,San Luis Potosí
2020-04-12,1,0,0,63,59,4,San Luis Potosí
2020-04-13,3,1,0,66,60,4,San Luis Potosí
2020-04-14,4,0,0,70,60,4,San Luis Potosí
2020-04-15,1,2,0,71,62,4,San Luis Potosí
2020-04-16,1,2,0,72,64,4,San Luis Potosí
2020-04-17,1,7,1,73,71,5,San Luis Potosí
2020-04-18,1,1,1,74,72,6,San Luis Potosí
2020-04-19,0,0,0,74,72,6,San Luis Potosí
2020-04-20,5,0,0,79,72,6,San Luis Potosí
2020-04-21,2,1,0,81,73,6,San Luis Potosí
2020-04-22,2,0,0,83,73,6,San Luis Potosí
2020-04-23,1,3,0,84,76,6,San Luis Potosí
2020-04-24,0,3,0,84,79,6,San Luis Potosí
2020-04-25,0,5,0,84,84,6,San Luis Potosí
2020-04-26,0,0,0,84,84,6,San Luis Potosí
2020-04-27,0,0,0,84,84,6,San Luis Potosí
2020-02-22,1,0,0,1,0,0,Sinaloa
2020-02-23,0,0,0,1,0,0,Sinaloa
2020-02-24,0,0,0,1,0,0,Sinaloa
2020-02-25,0,0,0,1,0,0,Sinaloa
2020-02-26,0,0,0,1,0,0,Sinaloa
2020-02-27,0,1,0,1,1,0,Sinaloa
2020-02-28,0,0,0,1,1,0,Sinaloa
2020-02-29,0,0,0,1,1,0,Sinaloa
2020-03-01,1,0,0,2,1,0,Sinaloa
2020-03-02,0,0,0,2,1,0,Sinaloa
2020-03-03,0,0,0,2,1,0,Sinaloa
2020-03-04,0,0,0,2,1,0,Sinaloa
2020-03-05,0,0,0,2,1,0,Sinaloa
2020-03-06,0,0,0,2,1,0,Sinaloa
2020-03-07,0,0,0,2,1,0,Sinaloa
2020-03-08,0,0,0,2,1,0,Sinaloa
2020-03-09,1,0,0,3,1,0,Sinaloa
2020-03-10,0,0,0,3,1,0,Sinaloa
2020-03-11,0,0,0,3,1,0,Sinaloa
2020-03-12,1,0,0,4,1,0,Sinaloa
2020-03-13,0,1,0,4,2,0,Sinaloa
2020-03-14,2,0,0,6,2,0,Sinaloa
2020-03-15,1,0,0,7,2,0,Sinaloa
2020-03-16,3,1,0,10,3,0,Sinaloa
2020-03-17,2,1,0,12,4,0,Sinaloa
2020-03-18,1,0,0,13,4,0,Sinaloa
2020-03-19,3,0,0,16,4,0,Sinaloa
2020-03-20,6,1,0,22,5,0,Sinaloa
2020-03-21,6,0,0,28,5,0,Sinaloa
2020-03-22,6,1,0,34,6,0,Sinaloa
2020-03-23,16,2,0,50,8,0,Sinaloa
2020-03-24,12,6,0,62,14,0,Sinaloa
2020-03-25,9,7,0,71,21,0,Sinaloa
2020-03-26,11,9,1,82,30,1,Sinaloa
2020-03-27,13,9,0,95,39,1,Sinaloa
2020-03-28,10,5,1,105,44,2,Sinaloa
2020-03-29,15,6,1,120,50,3,Sinaloa
2020-03-30,16,11,0,136,61,3,Sinaloa
2020-03-31,24,15,1,160,76,4,Sinaloa
2020-04-01,18,14,2,178,90,6,Sinaloa
2020-04-02,21,28,3,199,118,9,Sinaloa
2020-04-03,27,9,2,226,127,11,Sinaloa
2020-04-04,25,10,5,251,137,16,Sinaloa
2020-04-05,22,15,0,273,152,16,Sinaloa
2020-04-06,30,29,1,303,181,17,Sinaloa
2020-04-07,29,20,2,332,201,19,Sinaloa
2020-04-08,39,30,6,371,231,25,Sinaloa
2020-04-09,35,12,6,406,243,31,Sinaloa
2020-04-10,46,33,9,452,276,40,Sinaloa
2020-04-11,37,23,8,489,299,48,Sinaloa
2020-04-12,37,22,6,526,321,54,Sinaloa
2020-04-13,39,41,7,565,362,61,Sinaloa
2020-04-14,32,47,4,597,409,65,Sinaloa
2020-04-15,25,50,4,622,459,69,Sinaloa
2020-04-16,31,40,3,653,499,72,Sinaloa
2020-04-17,34,37,4,687,536,76,Sinaloa
2020-04-18,23,28,4,710,564,80,Sinaloa
2020-04-19,30,31,3,740,595,83,Sinaloa
2020-04-20,29,56,8,769,651,91,Sinaloa
2020-04-21,13,42,5,782,693,96,Sinaloa
2020-04-22,12,39,7,794,732,103,Sinaloa
2020-04-23,3,40,6,797,772,109,Sinaloa
2020-04-24,1,25,3,798,797,112,Sinaloa
2020-04-25,0,0,4,798,797,116,Sinaloa
2020-04-26,0,1,4,798,798,120,Sinaloa
2020-04-27,0,0,2,798,798,122,Sinaloa
2020-03-11,2,0,0,2,0,0,Sonora
2020-03-12,2,0,0,4,0,0,Sonora
2020-03-13,0,0,0,4,0,0,Sonora
2020-03-14,0,0,0,4,0,0,Sonora
2020-03-15,1,1,0,5,1,0,Sonora
2020-03-16,2,0,0,7,1,0,Sonora
2020-03-17,2,1,0,9,2,0,Sonora
2020-03-18,1,1,0,10,3,0,Sonora
2020-03-19,2,0,0,12,3,0,Sonora
2020-03-20,1,1,0,13,4,0,Sonora
2020-03-21,0,1,0,13,5,0,Sonora
2020-03-22,2,0,0,15,5,0,Sonora
2020-03-23,4,3,0,19,8,0,Sonora
2020-03-24,2,3,0,21,11,0,Sonora
2020-03-25,1,2,0,22,13,0,Sonora
2020-03-26,3,0,0,25,13,0,Sonora
2020-03-27,3,3,0,28,16,0,Sonora
2020-03-28,5,3,0,33,19,0,Sonora
2020-03-29,0,0,0,33,19,0,Sonora
2020-03-30,1,1,1,34,20,1,Sonora
2020-03-31,4,5,0,38,25,1,Sonora
2020-04-01,7,1,0,45,26,1,Sonora
2020-04-02,2,2,0,47,28,1,Sonora
2020-04-03,5,1,0,52,29,1,Sonora
2020-04-04,5,5,0,57,34,1,Sonora
2020-04-05,4,2,1,61,36,2,Sonora
2020-04-06,17,11,1,78,47,3,Sonora
2020-04-07,4,7,1,82,54,4,Sonora
2020-04-08,4,8,1,86,62,5,Sonora
2020-04-09,9,4,1,95,66,6,Sonora
2020-04-10,11,3,0,106,69,6,Sonora
2020-04-11,3,4,1,109,73,7,Sonora
2020-04-12,5,3,3,114,76,10,Sonora
2020-04-13,6,12,0,120,88,10,Sonora
2020-04-14,3,3,1,123,91,11,Sonora
2020-04-15,1,9,1,124,100,12,Sonora
2020-04-16,5,6,0,129,106,12,Sonora
2020-04-17,6,3,1,135,109,13,Sonora
2020-04-18,9,9,0,144,118,13,Sonora
2020-04-19,1,4,0,145,122,13,Sonora
2020-04-20,7,6,1,152,128,14,Sonora
2020-04-21,3,10,2,155,138,16,Sonora
2020-04-22,1,10,1,156,148,17,Sonora
2020-04-23,2,3,0,158,151,17,Sonora
2020-04-24,1,8,1,159,159,18,Sonora
2020-04-25,0,0,0,159,159,18,Sonora
2020-04-26,0,0,0,159,159,18,Sonora
2020-04-27,0,0,0,159,159,18,Sonora
2020-03-09,3,0,0,3,0,0,Tabasco
2020-03-10,2,0,0,5,0,0,Tabasco
2020-03-11,0,0,0,5,0,0,Tabasco
2020-03-12,0,0,0,5,0,0,Tabasco
2020-03-13,2,0,0,7,0,0,Tabasco
2020-03-14,2,0,0,9,0,0,Tabasco
2020-03-15,1,0,0,10,0,0,Tabasco
2020-03-16,3,0,0,13,0,0,Tabasco
2020-03-17,2,1,0,15,1,0,Tabasco
2020-03-18,5,2,0,20,3,0,Tabasco
2020-03-19,8,2,0,28,5,0,Tabasco
2020-03-20,4,2,0,32,7,0,Tabasco
2020-03-21,5,0,0,37,7,0,Tabasco
2020-03-22,3,0,0,40,7,0,Tabasco
2020-03-23,7,3,0,47,10,0,Tabasco
2020-03-24,6,10,0,53,20,0,Tabasco
2020-03-25,11,3,0,64,23,0,Tabasco
2020-03-26,6,5,0,70,28,0,Tabasco
2020-03-27,6,10,0,76,38,0,Tabasco
2020-03-28,16,1,0,92,39,0,Tabasco
2020-03-29,12,9,0,104,48,0,Tabasco
2020-03-30,12,9,0,116,57,0,Tabasco
2020-03-31,8,11,1,124,68,1,Tabasco
2020-04-01,13,8,3,137,76,4,Tabasco
2020-04-02,16,15,0,153,91,4,Tabasco
2020-04-03,13,20,1,166,111,5,Tabasco
2020-04-04,23,3,0,189,114,5,Tabasco
2020-04-05,17,8,3,206,122,8,Tabasco
2020-04-06,28,7,2,234,129,10,Tabasco
2020-04-07,31,13,0,265,142,10,Tabasco
2020-04-08,31,18,1,296,160,11,Tabasco
2020-04-09,40,12,1,336,172,12,Tabasco
2020-04-10,48,14,0,384,186,12,Tabasco
2020-04-11,24,13,1,408,199,13,Tabasco
2020-04-12,38,27,2,446,226,15,Tabasco
2020-04-13,43,30,4,489,256,19,Tabasco
2020-04-14,60,46,5,549,302,24,Tabasco
2020-04-15,39,35,3,588,337,27,Tabasco
2020-04-16,38,40,3,626,377,30,Tabasco
2020-04-17,40,53,10,666,430,40,Tabasco
2020-04-18,44,47,9,710,477,49,Tabasco
2020-04-19,41,41,8,751,518,57,Tabasco
2020-04-20,23,68,7,774,586,64,Tabasco
2020-04-21,17,71,3,791,657,67,Tabasco
2020-04-22,13,60,10,804,717,77,Tabasco
2020-04-23,7,41,8,811,758,85,Tabasco
2020-04-24,1,40,7,812,798,92,Tabasco
2020-04-25,0,14,3,812,812,95,Tabasco
2020-04-26,0,0,4,812,812,99,Tabasco
2020-04-27,0,0,0,812,812,99,Tabasco
2020-03-13,1,0,0,1,0,0,Tamaulipas
2020-03-14,2,0,0,3,0,0,Tamaulipas
2020-03-15,0,1,0,3,1,0,Tamaulipas
2020-03-16,3,1,0,6,2,0,Tamaulipas
2020-03-17,0,0,0,6,2,0,Tamaulipas
2020-03-18,0,0,0,6,2,0,Tamaulipas
2020-03-19,0,1,0,6,3,0,Tamaulipas
2020-03-20,3,1,0,9,4,0,Tamaulipas
2020-03-21,1,0,0,10,4,0,Tamaulipas
2020-03-22,1,1,0,11,5,0,Tamaulipas
2020-03-23,1,1,0,12,6,0,Tamaulipas
2020-03-24,1,1,0,13,7,0,Tamaulipas
2020-03-25,2,0,0,15,7,0,Tamaulipas
2020-03-26,4,0,0,19,7,0,Tamaulipas
2020-03-27,3,1,0,22,8,0,Tamaulipas
2020-03-28,1,2,0,23,10,0,Tamaulipas
2020-03-29,0,3,0,23,13,0,Tamaulipas
2020-03-30,9,4,0,32,17,0,Tamaulipas
2020-03-31,5,4,0,37,21,0,Tamaulipas
2020-04-01,5,5,0,42,26,0,Tamaulipas
2020-04-02,4,1,0,46,27,0,Tamaulipas
2020-04-03,1,4,1,47,31,1,Tamaulipas
2020-04-04,7,3,1,54,34,2,Tamaulipas
2020-04-05,2,1,0,56,35,2,Tamaulipas
2020-04-06,4,8,1,60,43,3,Tamaulipas
2020-04-07,6,4,0,66,47,3,Tamaulipas
2020-04-08,3,3,0,69,50,3,Tamaulipas
2020-04-09,4,4,0,73,54,3,Tamaulipas
2020-04-10,6,3,0,79,57,3,Tamaulipas
2020-04-11,8,1,0,87,58,3,Tamaulipas
2020-04-12,8,7,0,95,65,3,Tamaulipas
2020-04-13,22,5,0,117,70,3,Tamaulipas
2020-04-14,13,16,1,130,86,4,Tamaulipas
2020-04-15,9,14,1,139,100,5,Tamaulipas
2020-04-16,17,23,0,156,123,5,Tamaulipas
2020-04-17,19,16,1,175,139,6,Tamaulipas
2020-04-18,16,7,0,191,146,6,Tamaulipas
2020-04-19,7,5,0,198,151,6,Tamaulipas
2020-04-20,18,20,3,216,171,9,Tamaulipas
2020-04-21,13,15,0,229,186,9,Tamaulipas
2020-04-22,9,16,0,238,202,9,Tamaulipas
2020-04-23,17,25,2,255,227,11,Tamaulipas
2020-04-24,5,18,0,260,245,11,Tamaulipas
2020-04-25,15,20,0,275,265,11,Tamaulipas
2020-04-26,13,23,1,288,288,12,Tamaulipas
2020-04-27,0,0,0,288,288,12,Tamaulipas
2020-03-16,2,0,0,2,0,0,Tlaxcala
2020-03-17,1,0,0,3,0,0,Tlaxcala
2020-03-18,0,0,0,3,0,0,Tlaxcala
2020-03-19,0,0,0,3,0,0,Tlaxcala
2020-03-20,0,0,0,3,0,0,Tlaxcala
2020-03-21,0,0,0,3,0,0,Tlaxcala
2020-03-22,1,0,0,4,0,0,Tlaxcala
2020-03-23,1,2,0,5,2,0,Tlaxcala
2020-03-24,2,2,0,7,4,0,Tlaxcala
2020-03-25,2,0,0,9,4,0,Tlaxcala
2020-03-26,0,0,0,9,4,0,Tlaxcala
2020-03-27,1,1,0,10,5,0,Tlaxcala
2020-03-28,9,2,0,19,7,0,Tlaxcala
2020-03-29,2,0,0,21,7,0,Tlaxcala
2020-03-30,4,1,0,25,8,0,Tlaxcala
2020-03-31,3,0,0,28,8,0,Tlaxcala
2020-04-01,5,4,0,33,12,0,Tlaxcala
2020-04-02,4,1,0,37,13,0,Tlaxcala
2020-04-03,5,0,0,42,13,0,Tlaxcala
2020-04-04,8,2,0,50,15,0,Tlaxcala
2020-04-05,2,5,0,52,20,0,Tlaxcala
2020-04-06,4,8,0,56,28,0,Tlaxcala
2020-04-07,6,7,0,62,35,0,Tlaxcala
2020-04-08,10,6,1,72,41,1,Tlaxcala
2020-04-09,2,1,0,74,42,1,Tlaxcala
2020-04-10,11,7,0,85,49,1,Tlaxcala
2020-04-11,1,7,0,86,56,1,Tlaxcala
2020-04-12,2,2,3,88,58,4,Tlaxcala
2020-04-13,6,7,0,94,65,4,Tlaxcala
2020-04-14,10,6,1,104,71,5,Tlaxcala
2020-04-15,7,4,0,111,75,5,Tlaxcala
2020-04-16,8,6,0,119,81,5,Tlaxcala
2020-04-17,6,5,1,125,86,6,Tlaxcala
2020-04-18,3,5,0,128,91,6,Tlaxcala
2020-04-19,4,10,2,132,101,8,Tlaxcala
2020-04-20,3,9,0,135,110,8,Tlaxcala
2020-04-21,6,7,2,141,117,10,Tlaxcala
2020-04-22,1,6,1,142,123,11,Tlaxcala
2020-04-23,2,9,1,144,132,12,Tlaxcala
2020-04-24,1,9,1,145,141,13,Tlaxcala
2020-04-25,0,4,1,145,145,14,Tlaxcala
2020-04-26,0,0,1,145,145,15,Tlaxcala
2020-04-27,0,0,0,145,145,15,Tlaxcala
2020-01-08,1,1,0,1,1,0,Veracruz
2020-01-09,0,0,0,1,1,0,Veracruz
2020-01-10,0,0,0,1,1,0,Veracruz
2020-01-11,0,0,0,1,1,0,Veracruz
2020-01-12,0,0,0,1,1,0,Veracruz
2020-01-13,0,0,0,1,1,0,Veracruz
2020-01-14,0,0,0,1,1,0,Veracruz
2020-01-15,0,0,0,1,1,0,Veracruz
2020-01-16,0,0,0,1,1,0,Veracruz
2020-01-17,0,0,0,1,1,0,Veracruz
2020-01-18,0,0,0,1,1,0,Veracruz
2020-01-19,0,0,0,1,1,0,Veracruz
2020-01-20,0,0,0,1,1,0,Veracruz
2020-01-21,0,0,0,1,1,0,Veracruz
2020-01-22,0,0,0,1,1,0,Veracruz
2020-01-23,0,0,0,1,1,0,Veracruz
2020-01-24,0,0,0,1,1,0,Veracruz
2020-01-25,0,0,0,1,1,0,Veracruz
2020-01-26,0,0,0,1,1,0,Veracruz
2020-01-27,0,0,0,1,1,0,Veracruz
2020-01-28,0,0,0,1,1,0,Veracruz
2020-01-29,0,0,0,1,1,0,Veracruz
2020-01-30,0,0,0,1,1,0,Veracruz
2020-01-31,0,0,0,1,1,0,Veracruz
2020-02-01,0,0,0,1,1,0,Veracruz
2020-02-02,0,0,0,1,1,0,Veracruz
2020-02-03,0,0,0,1,1,0,Veracruz
2020-02-04,0,0,0,1,1,0,Veracruz
2020-02-05,0,0,0,1,1,0,Veracruz
2020-02-06,0,0,0,1,1,0,Veracruz
2020-02-07,0,0,0,1,1,0,Veracruz
2020-02-08,0,0,0,1,1,0,Veracruz
2020-02-09,0,0,0,1,1,0,Veracruz
2020-02-10,0,0,0,1,1,0,Veracruz
2020-02-11,0,0,0,1,1,0,Veracruz
2020-02-12,0,0,0,1,1,0,Veracruz
2020-02-13,0,0,0,1,1,0,Veracruz
2020-02-14,0,0,0,1,1,0,Veracruz
2020-02-15,0,0,0,1,1,0,Veracruz
2020-02-16,0,0,0,1,1,0,Veracruz
2020-02-17,0,0,0,1,1,0,Veracruz
2020-02-18,0,0,0,1,1,0,Veracruz
2020-02-19,0,0,0,1,1,0,Veracruz
2020-02-20,0,0,0,1,1,0,Veracruz
2020-02-21,0,0,0,1,1,0,Veracruz
2020-02-22,0,0,0,1,1,0,Veracruz
2020-02-23,0,0,0,1,1,0,Veracruz
2020-02-24,0,0,0,1,1,0,Veracruz
2020-02-25,0,0,0,1,1,0,Veracruz
2020-02-26,0,0,0,1,1,0,Veracruz
2020-02-27,0,0,0,1,1,0,Veracruz
2020-02-28,0,0,0,1,1,0,Veracruz
2020-02-29,0,0,0,1,1,0,Veracruz
2020-03-01,0,0,0,1,1,0,Veracruz
2020-03-02,0,0,0,1,1,0,Veracruz
2020-03-03,1,0,0,2,1,0,Veracruz
2020-03-04,0,0,0,2,1,0,Veracruz
2020-03-05,0,0,0,2,1,0,Veracruz
2020-03-06,0,0,0,2,1,0,Veracruz
2020-03-07,0,0,0,2,1,0,Veracruz
2020-03-08,0,0,0,2,1,0,Veracruz
2020-03-09,0,0,0,2,1,0,Veracruz
2020-03-10,0,0,0,2,1,0,Veracruz
2020-03-11,0,0,0,2,1,0,Veracruz
2020-03-12,4,0,0,6,1,0,Veracruz
2020-03-13,0,0,0,6,1,0,Veracruz
2020-03-14,3,0,0,9,1,0,Veracruz
2020-03-15,2,2,0,11,3,0,Veracruz
2020-03-16,2,0,0,13,3,0,Veracruz
2020-03-17,2,0,0,15,3,0,Veracruz
2020-03-18,4,7,0,19,10,0,Veracruz
2020-03-19,2,5,0,21,15,0,Veracruz
2020-03-20,7,1,0,28,16,0,Veracruz
2020-03-21,1,1,0,29,17,0,Veracruz
2020-03-22,1,0,0,30,17,0,Veracruz
2020-03-23,5,4,0,35,21,0,Veracruz
2020-03-24,0,2,0,35,23,0,Veracruz
2020-03-25,3,2,0,38,25,0,Veracruz
2020-03-26,4,4,0,42,29,0,Veracruz
2020-03-27,4,1,0,46,30,0,Veracruz
2020-03-28,3,1,1,49,31,1,Veracruz
2020-03-29,4,1,0,53,32,1,Veracruz
2020-03-30,4,3,0,57,35,1,Veracruz
2020-03-31,5,2,0,62,37,1,Veracruz
2020-04-01,4,8,1,66,45,2,Veracruz
2020-04-02,10,5,0,76,50,2,Veracruz
2020-04-03,6,6,1,82,56,3,Veracruz
2020-04-04,5,2,0,87,58,3,Veracruz
2020-04-05,8,2,0,95,60,3,Veracruz
2020-04-06,8,6,0,103,66,3,Veracruz
2020-04-07,12,9,0,115,75,3,Veracruz
2020-04-08,18,4,0,133,79,3,Veracruz
2020-04-09,16,11,1,149,90,4,Veracruz
2020-04-10,17,8,0,166,98,4,Veracruz
2020-04-11,18,10,0,184,108,4,Veracruz
2020-04-12,24,9,3,208,117,7,Veracruz
2020-04-13,26,12,1,234,129,8,Veracruz
2020-04-14,16,11,1,250,140,9,Veracruz
2020-04-15,30,27,0,280,167,9,Veracruz
2020-04-16,20,32,1,300,199,10,Veracruz
2020-04-17,17,31,1,317,230,11,Veracruz
2020-04-18,24,17,2,341,247,13,Veracruz
2020-04-19,13,15,4,354,262,17,Veracruz
2020-04-20,26,30,3,380,292,20,Veracruz
2020-04-21,12,34,3,392,326,23,Veracruz
2020-04-22,4,20,2,396,346,25,Veracruz
2020-04-23,5,28,1,401,374,26,Veracruz
2020-04-24,0,19,1,401,393,27,Veracruz
2020-04-25,1,9,3,402,402,30,Veracruz
2020-04-26,0,0,1,402,402,31,Veracruz
2020-04-27,0,0,0,402,402,31,Veracruz
2020-02-19,1,0,0,1,0,0,Yucatán
2020-02-20,0,0,0,1,0,0,Yucatán
2020-02-21,0,0,0,1,0,0,Yucatán
2020-02-22,0,0,0,1,0,0,Yucatán
2020-02-23,0,0,0,1,0,0,Yucatán
2020-02-24,0,0,0,1,0,0,Yucatán
2020-02-25,0,0,0,1,0,0,Yucatán
2020-02-26,0,0,0,1,0,0,Yucatán
2020-02-27,0,0,0,1,0,0,Yucatán
2020-02-28,0,0,0,1,0,0,Yucatán
2020-02-29,0,0,0,1,0,0,Yucatán
2020-03-01,0,0,0,1,0,0,Yucatán
2020-03-02,0,0,0,1,0,0,Yucatán
2020-03-03,0,0,0,1,0,0,Yucatán
2020-03-04,0,0,0,1,0,0,Yucatán
2020-03-05,0,0,0,1,0,0,Yucatán
2020-03-06,0,0,0,1,0,0,Yucatán
2020-03-07,1,0,0,2,0,0,Yucatán
2020-03-08,4,1,0,6,1,0,Yucatán
2020-03-09,1,0,0,7,1,0,Yucatán
2020-03-10,2,0,0,9,1,0,Yucatán
2020-03-11,3,0,0,12,1,0,Yucatán
2020-03-12,1,1,0,13,2,0,Yucatán
2020-03-13,5,0,0,18,2,0,Yucatán
2020-03-14,3,0,0,21,2,0,Yucatán
2020-03-15,1,4,0,22,6,0,Yucatán
2020-03-16,2,2,0,24,8,0,Yucatán
2020-03-17,5,6,0,29,14,0,Yucatán
2020-03-18,5,0,0,34,14,0,Yucatán
2020-03-19,8,2,0,42,16,0,Yucatán
2020-03-20,4,3,0,46,19,0,Yucatán
2020-03-21,4,0,0,50,19,0,Yucatán
2020-03-22,5,8,0,55,27,0,Yucatán
2020-03-23,3,5,0,58,32,0,Yucatán
2020-03-24,3,8,0,61,40,0,Yucatán
2020-03-25,1,3,0,62,43,0,Yucatán
2020-03-26,3,0,0,65,43,0,Yucatán
2020-03-27,4,3,0,69,46,0,Yucatán
2020-03-28,6,4,0,75,50,0,Yucatán
2020-03-29,7,2,0,82,52,0,Yucatán
2020-03-30,5,10,0,87,62,0,Yucatán
2020-03-31,6,4,0,93,66,0,Yucatán
2020-04-01,6,8,0,99,74,0,Yucatán
2020-04-02,7,2,0,106,76,0,Yucatán
2020-04-03,11,8,2,117,84,2,Yucatán
2020-04-04,6,2,0,123,86,2,Yucatán
2020-04-05,4,5,0,127,91,2,Yucatán
2020-04-06,11,12,1,138,103,3,Yucatán
2020-04-07,11,11,2,149,114,5,Yucatán
2020-04-08,12,9,0,161,123,5,Yucatán
2020-04-09,3,10,0,164,133,5,Yucatán
2020-04-10,5,4,2,169,137,7,Yucatán
2020-04-11,16,7,0,185,144,7,Yucatán
2020-04-12,17,4,0,202,148,7,Yucatán
2020-04-13,14,16,0,216,164,7,Yucatán
2020-04-14,12,19,0,228,183,7,Yucatán
2020-04-15,10,22,3,238,205,10,Yucatán
2020-04-16,15,13,1,253,218,11,Yucatán
2020-04-17,12,13,1,265,231,12,Yucatán
2020-04-18,19,5,0,284,236,12,Yucatán
2020-04-19,19,4,1,303,240,13,Yucatán
2020-04-20,18,22,1,321,262,14,Yucatán
2020-04-21,16,19,3,337,281,17,Yucatán
2020-04-22,5,15,1,342,296,18,Yucatán
2020-04-23,7,27,3,349,323,21,Yucatán
2020-04-24,1,25,2,350,348,23,Yucatán
2020-04-25,0,2,0,350,350,23,Yucatán
2020-04-26,0,0,0,350,350,23,Yucatán
2020-04-27,0,0,0,350,350,23,Yucatán
2020-03-09,1,0,0,1,0,0,Zacatecas
2020-03-10,0,0,0,1,0,0,Zacatecas
2020-03-11,0,0,0,1,0,0,Zacatecas
2020-03-12,1,0,0,2,0,0,Zacatecas
2020-03-13,0,0,0,2,0,0,Zacatecas
2020-03-14,0,0,0,2,0,0,Zacatecas
2020-03-15,0,0,0,2,0,0,Zacatecas
2020-03-16,1,1,0,3,1,0,Zacatecas
2020-03-17,0,0,0,3,1,0,Zacatecas
2020-03-18,1,0,0,4,1,0,Zacatecas
2020-03-19,3,0,0,7,1,0,Zacatecas
2020-03-20,0,1,0,7,2,0,Zacatecas
2020-03-21,2,1,0,9,3,0,Zacatecas
2020-03-22,1,1,0,10,4,0,Zacatecas
2020-03-23,0,0,0,10,4,0,Zacatecas
2020-03-24,0,1,0,10,5,0,Zacatecas
2020-03-25,0,0,0,10,5,0,Zacatecas
2020-03-26,0,0,0,10,5,0,Zacatecas
2020-03-27,0,3,0,10,8,0,Zacatecas
2020-03-28,0,1,0,10,9,0,Zacatecas
2020-03-29,0,0,0,10,9,0,Zacatecas
2020-03-30,0,0,0,10,9,0,Zacatecas
2020-03-31,2,0,1,12,9,1,Zacatecas
2020-04-01,0,0,0,12,9,1,Zacatecas
2020-04-02,2,1,0,14,10,1,Zacatecas
2020-04-03,2,0,0,16,10,1,Zacatecas
2020-04-04,0,1,1,16,11,2,Zacatecas
2020-04-05,0,1,0,16,12,2,Zacatecas
2020-04-06,0,1,0,16,13,2,Zacatecas
2020-04-07,1,0,0,17,13,2,Zacatecas
2020-04-08,6,2,0,23,15,2,Zacatecas
2020-04-09,1,1,0,24,16,2,Zacatecas
2020-04-10,4,0,0,28,16,2,Zacatecas
2020-04-11,4,2,0,32,18,2,Zacatecas
2020-04-12,2,1,0,34,19,2,Zacatecas
2020-04-13,2,0,0,36,19,2,Zacatecas
2020-04-14,2,1,0,38,20,2,Zacatecas
2020-04-15,1,6,0,39,26,2,Zacatecas
2020-04-16,6,2,0,45,28,2,Zacatecas
2020-04-17,2,2,0,47,30,2,Zacatecas
2020-04-18,5,7,0,52,37,2,Zacatecas
2020-04-19,5,1,1,57,38,3,Zacatecas
2020-04-20,3,10,0,60,48,3,Zacatecas
2020-04-21,2,1,0,62,49,3,Zacatecas
2020-04-22,2,2,0,64,51,3,Zacatecas
2020-04-23,0,7,1,64,58,4,Zacatecas
2020-04-24,0,5,0,64,63,4,Zacatecas
2020-04-25,0,1,0,64,64,4,Zacatecas
2020-04-26,0,0,0,64,64,4,Zacatecas
2020-04-27,0,0,0,64,64,4,Zacatecas
