fecha,sintomas_nuevos,ingreso_nuevos,muertes_nuevas,sintomas_acumulados,ingreso_acumulados,muertes_acumuladas,estado
2020-03-10,1,0,0,1,0,0,Aguascalientes
2020-03-11,0,0,0,1,0,0,Aguascalientes
2020-03-12,1,0,0,2,0,0,Aguascalientes
2020-03-13,0,0,0,2,0,0,Aguascalientes
2020-03-14,1,1,0,3,1,0,Aguascalientes
2020-03-15,1,0,0,4,1,0,Aguascalientes
2020-03-16,2,0,0,6,1,0,Aguascalientes
2020-03-17,2,1,0,8,2,0,Aguascalientes
2020-03-18,4,2,0,12,4,0,Aguascalientes
2020-03-19,2,1,0,14,5,0,Aguascalientes
2020-03-20,3,2,0,17,7,0,Aguascalientes
2020-03-21,0,1,0,17,8,0,Aguascalientes
2020-03-22,5,1,0,22,9,0,Aguascalientes
2020-03-23,9,4,0,31,13,0,Aguascalientes
2020-03-24,5,0,0,36,13,0,Aguascalientes
2020-03-25,5,17,0,41,30,0,Aguascalientes
2020-03-26,4,4,0,45,34,0,Aguascalientes
2020-03-27,5,6,0,50,40,0,Aguascalientes
2020-03-28,2,5,0,52,45,0,Aguascalientes
2020-03-29,2,3,0,54,48,0,Aguascalientes
2020-03-30,3,4,0,57,52,0,Aguascalientes
2020-03-31,1,1,0,58,53,0,Aguascalientes
2020-04-01,1,0,0,59,53,0,Aguascalientes
2020-04-02,2,0,0,61,53,0,Aguascalientes
2020-04-03,1,1,0,62,54,0,Aguascalientes
2020-04-04,0,0,0,62,54,0,Aguascalientes
2020-04-05,1,3,0,63,57,0,Aguascalientes
2020-04-06,4,4,0,67,61,0,Aguascalientes
2020-04-07,5,1,0,72,62,0,Aguascalientes
2020-04-08,2,1,0,74,63,0,Aguascalientes
2020-04-09,2,0,0,76,63,0,Aguascalientes
2020-04-10,2,2,1,78,65,1,Aguascalientes
2020-04-11,5,1,0,83,66,1,Aguascalientes
2020-04-12,2,2,0,85,68,1,Aguascalientes
2020-04-13,1,6,1,86,74,2,Aguascalientes
2020-04-14,4,0,0,90,74,2,Aguascalientes
2020-04-15,7,9,0,97,83,2,Aguascalientes
2020-04-16,2,4,0,99,87,2,Aguascalientes
2020-04-17,0,7,0,99,94,2,Aguascalientes
2020-04-18,1,3,0,100,97,2,Aguascalientes
2020-04-19,0,1,0,100,98,2,Aguascalientes
2020-04-20,0,0,0,100,98,2,Aguascalientes
2020-04-21,0,0,0,100,98,2,Aguascalientes
2020-04-22,0,2,0,100,100,2,Aguascalientes
2020-02-07,1,0,0,1,0,0,Baja California
2020-02-08,0,0,0,1,0,0,Baja California
2020-02-09,0,0,0,1,0,0,Baja California
2020-02-10,0,0,0,1,0,0,Baja California
2020-02-11,0,0,0,1,0,0,Baja California
2020-02-12,0,1,0,1,1,0,Baja California
2020-02-13,0,0,0,1,1,0,Baja California
2020-02-14,0,0,0,1,1,0,Baja California
2020-02-15,0,0,0,1,1,0,Baja California
2020-02-16,0,0,0,1,1,0,Baja California
2020-02-17,1,0,0,2,1,0,Baja California
2020-02-18,0,0,0,2,1,0,Baja California
2020-02-19,0,1,0,2,2,0,Baja California
2020-02-20,0,0,0,2,2,0,Baja California
2020-02-21,0,0,0,2,2,0,Baja California
2020-02-22,0,0,0,2,2,0,Baja California
2020-02-23,0,0,0,2,2,0,Baja California
2020-02-24,0,0,0,2,2,0,Baja California
2020-02-25,0,0,0,2,2,0,Baja California
2020-02-26,0,0,0,2,2,0,Baja California
2020-02-27,0,0,0,2,2,0,Baja California
2020-02-28,0,0,0,2,2,0,Baja California
2020-02-29,0,0,0,2,2,0,Baja California
2020-03-01,0,0,0,2,2,0,Baja California
2020-03-02,0,0,0,2,2,0,Baja California
2020-03-03,0,0,0,2,2,0,Baja California
2020-03-04,0,0,0,2,2,0,Baja California
2020-03-05,0,0,0,2,2,0,Baja California
2020-03-06,0,0,0,2,2,0,Baja California
2020-03-07,0,0,0,2,2,0,Baja California
2020-03-08,0,0,0,2,2,0,Baja California
2020-03-09,1,0,0,3,2,0,Baja California
2020-03-10,0,0,0,3,2,0,Baja California
2020-03-11,2,1,0,5,3,0,Baja California
2020-03-12,2,0,0,7,3,0,Baja California
2020-03-13,4,0,0,11,3,0,Baja California
2020-03-14,2,0,0,13,3,0,Baja California
2020-03-15,2,0,0,15,3,0,Baja California
2020-03-16,5,1,0,20,4,0,Baja California
2020-03-17,5,3,0,25,7,0,Baja California
2020-03-18,11,4,0,36,11,0,Baja California
2020-03-19,10,5,0,46,16,0,Baja California
2020-03-20,15,6,0,61,22,0,Baja California
2020-03-21,6,3,0,67,25,0,Baja California
2020-03-22,7,2,0,74,27,0,Baja California
2020-03-23,17,10,0,91,37,0,Baja California
2020-03-24,20,9,0,111,46,0,Baja California
2020-03-25,17,7,0,128,53,0,Baja California
2020-03-26,22,11,0,150,64,0,Baja California
2020-03-27,24,17,0,174,81,0,Baja California
2020-03-28,24,7,0,198,88,0,Baja California
2020-03-29,36,20,1,234,108,1,Baja California
2020-03-30,38,28,2,272,136,3,Baja California
2020-03-31,32,41,2,304,177,5,Baja California
2020-04-01,50,61,2,354,238,7,Baja California
2020-04-02,60,26,5,414,264,12,Baja California
2020-04-03,46,36,3,460,300,15,Baja California
2020-04-04,50,24,5,510,324,20,Baja California
2020-04-05,38,18,1,548,342,21,Baja California
2020-04-06,46,66,8,594,408,29,Baja California
2020-04-07,40,34,4,634,442,33,Baja California
2020-04-08,51,66,5,685,508,38,Baja California
2020-04-09,60,55,4,745,563,42,Baja California
2020-04-10,72,38,6,817,601,48,Baja California
2020-04-11,49,38,7,866,639,55,Baja California
2020-04-12,48,37,9,914,676,64,Baja California
2020-04-13,21,68,3,935,744,67,Baja California
2020-04-14,21,95,8,956,839,75,Baja California
2020-04-15,5,56,12,961,895,87,Baja California
2020-04-16,17,37,5,978,932,92,Baja California
2020-04-17,5,28,8,983,960,100,Baja California
2020-04-18,1,12,2,984,972,102,Baja California
2020-04-19,1,4,9,985,976,111,Baja California
2020-04-20,0,8,5,985,984,116,Baja California
2020-04-21,0,1,1,985,985,117,Baja California
2020-04-22,0,0,0,985,985,117,Baja California
2020-03-13,1,0,0,1,0,0,Baja California Sur
2020-03-14,0,0,0,1,0,0,Baja California Sur
2020-03-15,0,0,0,1,0,0,Baja California Sur
2020-03-16,3,0,0,4,0,0,Baja California Sur
2020-03-17,1,0,0,5,0,0,Baja California Sur
2020-03-18,1,1,0,6,1,0,Baja California Sur
2020-03-19,0,0,0,6,1,0,Baja California Sur
2020-03-20,1,1,0,7,2,0,Baja California Sur
2020-03-21,4,1,0,11,3,0,Baja California Sur
2020-03-22,5,0,0,16,3,0,Baja California Sur
2020-03-23,5,4,0,21,7,0,Baja California Sur
2020-03-24,2,2,0,23,9,0,Baja California Sur
2020-03-25,5,0,0,28,9,0,Baja California Sur
2020-03-26,5,2,0,33,11,0,Baja California Sur
2020-03-27,8,4,0,41,15,0,Baja California Sur
2020-03-28,10,4,0,51,19,0,Baja California Sur
2020-03-29,4,1,1,55,20,1,Baja California Sur
2020-03-30,13,13,0,68,33,1,Baja California Sur
2020-03-31,13,7,1,81,40,2,Baja California Sur
2020-04-01,17,5,0,98,45,2,Baja California Sur
2020-04-02,17,11,0,115,56,2,Baja California Sur
2020-04-03,21,16,0,136,72,2,Baja California Sur
2020-04-04,18,6,1,154,78,3,Baja California Sur
2020-04-05,17,5,1,171,83,4,Baja California Sur
2020-04-06,13,17,0,184,100,4,Baja California Sur
2020-04-07,5,24,0,189,124,4,Baja California Sur
2020-04-08,6,23,1,195,147,5,Baja California Sur
2020-04-09,6,25,0,201,172,5,Baja California Sur
2020-04-10,10,9,0,211,181,5,Baja California Sur
2020-04-11,10,7,1,221,188,6,Baja California Sur
2020-04-12,9,5,1,230,193,7,Baja California Sur
2020-04-13,1,11,0,231,204,7,Baja California Sur
2020-04-14,3,14,0,234,218,7,Baja California Sur
2020-04-15,4,5,0,238,223,7,Baja California Sur
2020-04-16,1,9,1,239,232,8,Baja California Sur
2020-04-17,0,5,1,239,237,9,Baja California Sur
2020-04-18,0,1,0,239,238,9,Baja California Sur
2020-04-19,1,1,0,240,239,9,Baja California Sur
2020-04-20,0,0,1,240,239,10,Baja California Sur
2020-04-21,0,1,0,240,240,10,Baja California Sur
2020-04-22,0,0,0,240,240,10,Baja California Sur
2020-02-23,1,0,0,1,0,0,Campeche
2020-02-24,0,0,0,1,0,0,Campeche
2020-02-25,0,0,0,1,0,0,Campeche
2020-02-26,0,0,0,1,0,0,Campeche
2020-02-27,0,0,0,1,0,0,Campeche
2020-02-28,0,0,0,1,0,0,Campeche
2020-02-29,0,0,0,1,0,0,Campeche
2020-03-01,0,0,0,1,0,0,Campeche
2020-03-02,0,0,0,1,0,0,Campeche
2020-03-03,0,0,0,1,0,0,Campeche
2020-03-04,0,0,0,1,0,0,Campeche
2020-03-05,0,0,0,1,0,0,Campeche
2020-03-06,0,0,0,1,0,0,Campeche
2020-03-07,0,0,0,1,0,0,Campeche
2020-03-08,1,1,0,2,1,0,Campeche
2020-03-09,1,0,0,3,1,0,Campeche
2020-03-10,0,0,0,3,1,0,Campeche
2020-03-11,0,0,0,3,1,0,Campeche
2020-03-12,1,1,0,4,2,0,Campeche
2020-03-13,0,0,0,4,2,0,Campeche
2020-03-14,0,1,0,4,3,0,Campeche
2020-03-15,0,0,0,4,3,0,Campeche
2020-03-16,0,0,0,4,3,0,Campeche
2020-03-17,0,0,0,4,3,0,Campeche
2020-03-18,1,0,0,5,3,0,Campeche
2020-03-19,0,0,0,5,3,0,Campeche
2020-03-20,1,0,0,6,3,0,Campeche
2020-03-21,0,0,0,6,3,0,Campeche
2020-03-22,0,0,0,6,3,0,Campeche
2020-03-23,1,1,0,7,4,0,Campeche
2020-03-24,0,0,0,7,4,0,Campeche
2020-03-25,2,0,0,9,4,0,Campeche
2020-03-26,0,1,0,9,5,0,Campeche
2020-03-27,2,3,0,11,8,0,Campeche
2020-03-28,2,0,0,13,8,0,Campeche
2020-03-29,0,1,0,13,9,0,Campeche
2020-03-30,2,0,0,15,9,0,Campeche
2020-03-31,1,0,0,16,9,0,Campeche
2020-04-01,1,0,0,17,9,0,Campeche
2020-04-02,1,2,0,18,11,0,Campeche
2020-04-03,4,1,0,22,12,0,Campeche
2020-04-04,2,0,0,24,12,0,Campeche
2020-04-05,1,3,0,25,15,0,Campeche
2020-04-06,2,2,1,27,17,1,Campeche
2020-04-07,1,0,0,28,17,1,Campeche
2020-04-08,4,0,0,32,17,1,Campeche
2020-04-09,1,2,0,33,19,1,Campeche
2020-04-10,4,1,1,37,20,2,Campeche
2020-04-11,4,5,0,41,25,2,Campeche
2020-04-12,1,2,0,42,27,2,Campeche
2020-04-13,2,2,0,44,29,2,Campeche
2020-04-14,1,4,1,45,33,3,Campeche
2020-04-15,2,2,0,47,35,3,Campeche
2020-04-16,2,4,0,49,39,3,Campeche
2020-04-17,0,1,1,49,40,4,Campeche
2020-04-18,0,5,0,49,45,4,Campeche
2020-04-19,0,1,0,49,46,4,Campeche
2020-04-20,0,1,0,49,47,4,Campeche
2020-04-21,0,2,0,49,49,4,Campeche
2020-04-22,0,0,0,49,49,4,Campeche
2020-02-27,1,0,0,1,0,0,Coahuila
2020-02-28,0,1,0,1,1,0,Coahuila
2020-02-29,0,0,0,1,1,0,Coahuila
2020-03-01,0,0,0,1,1,0,Coahuila
2020-03-02,0,0,0,1,1,0,Coahuila
2020-03-03,0,0,0,1,1,0,Coahuila
2020-03-04,1,0,0,2,1,0,Coahuila
2020-03-05,0,0,0,2,1,0,Coahuila
2020-03-06,0,0,0,2,1,0,Coahuila
2020-03-07,0,0,0,2,1,0,Coahuila
2020-03-08,0,0,0,2,1,0,Coahuila
2020-03-09,0,0,0,2,1,0,Coahuila
2020-03-10,1,0,0,3,1,0,Coahuila
2020-03-11,0,2,0,3,3,0,Coahuila
2020-03-12,0,0,0,3,3,0,Coahuila
2020-03-13,1,0,0,4,3,0,Coahuila
2020-03-14,0,0,0,4,3,0,Coahuila
2020-03-15,0,0,0,4,3,0,Coahuila
2020-03-16,2,1,0,6,4,0,Coahuila
2020-03-17,3,2,0,9,6,0,Coahuila
2020-03-18,4,2,0,13,8,0,Coahuila
2020-03-19,3,3,0,16,11,0,Coahuila
2020-03-20,7,4,0,23,15,0,Coahuila
2020-03-21,8,0,0,31,15,0,Coahuila
2020-03-22,3,0,0,34,15,0,Coahuila
2020-03-23,10,1,0,44,16,0,Coahuila
2020-03-24,9,5,0,53,21,0,Coahuila
2020-03-25,7,0,0,60,21,0,Coahuila
2020-03-26,10,3,0,70,24,0,Coahuila
2020-03-27,18,4,0,88,28,0,Coahuila
2020-03-28,15,5,1,103,33,1,Coahuila
2020-03-29,15,14,0,118,47,1,Coahuila
2020-03-30,22,19,1,140,66,2,Coahuila
2020-03-31,11,13,1,151,79,3,Coahuila
2020-04-01,13,18,0,164,97,3,Coahuila
2020-04-02,11,16,2,175,113,5,Coahuila
2020-04-03,11,21,2,186,134,7,Coahuila
2020-04-04,14,10,0,200,144,7,Coahuila
2020-04-05,6,4,2,206,148,9,Coahuila
2020-04-06,13,26,1,219,174,10,Coahuila
2020-04-07,11,7,4,230,181,14,Coahuila
2020-04-08,10,18,0,240,199,14,Coahuila
2020-04-09,7,6,1,247,205,15,Coahuila
2020-04-10,8,11,1,255,216,16,Coahuila
2020-04-11,6,7,0,261,223,16,Coahuila
2020-04-12,4,5,0,265,228,16,Coahuila
2020-04-13,8,14,0,273,242,16,Coahuila
2020-04-14,4,14,3,277,256,19,Coahuila
2020-04-15,2,13,1,279,269,20,Coahuila
2020-04-16,1,4,2,280,273,22,Coahuila
2020-04-17,1,5,0,281,278,22,Coahuila
2020-04-18,0,1,0,281,279,22,Coahuila
2020-04-19,1,2,1,282,281,23,Coahuila
2020-04-20,1,2,3,283,283,26,Coahuila
2020-04-21,1,1,1,284,284,27,Coahuila
2020-04-22,0,0,1,284,284,28,Coahuila
2020-03-12,1,0,0,1,0,0,Colima
2020-03-13,0,0,0,1,0,0,Colima
2020-03-14,0,1,0,1,1,0,Colima
2020-03-15,1,0,0,2,1,0,Colima
2020-03-16,0,1,0,2,2,0,Colima
2020-03-17,0,0,0,2,2,0,Colima
2020-03-18,0,0,0,2,2,0,Colima
2020-03-19,0,0,0,2,2,0,Colima
2020-03-20,0,0,0,2,2,0,Colima
2020-03-21,0,0,0,2,2,0,Colima
2020-03-22,0,0,0,2,2,0,Colima
2020-03-23,0,0,0,2,2,0,Colima
2020-03-24,1,1,0,3,3,0,Colima
2020-03-25,1,0,0,4,3,0,Colima
2020-03-26,0,0,0,4,3,0,Colima
2020-03-27,0,0,0,4,3,0,Colima
2020-03-28,2,0,0,6,3,0,Colima
2020-03-29,1,0,0,7,3,0,Colima
2020-03-30,0,1,0,7,4,0,Colima
2020-03-31,0,1,0,7,5,0,Colima
2020-04-01,0,2,0,7,7,0,Colima
2020-04-02,0,0,0,7,7,0,Colima
2020-04-03,0,0,0,7,7,0,Colima
2020-04-04,0,0,0,7,7,0,Colima
2020-04-05,0,0,0,7,7,0,Colima
2020-04-06,1,0,0,8,7,0,Colima
2020-04-07,1,0,0,9,7,0,Colima
2020-04-08,0,0,0,9,7,0,Colima
2020-04-09,0,0,0,9,7,0,Colima
2020-04-10,0,0,0,9,7,0,Colima
2020-04-11,2,1,0,11,8,0,Colima
2020-04-12,1,2,0,12,10,0,Colima
2020-04-13,0,0,1,12,10,1,Colima
2020-04-14,0,0,0,12,10,1,Colima
2020-04-15,2,1,0,14,11,1,Colima
2020-04-16,0,0,1,14,11,2,Colima
2020-04-17,0,2,0,14,13,2,Colima
2020-04-18,1,1,0,15,14,2,Colima
2020-04-19,0,1,0,15,15,2,Colima
2020-04-20,0,0,0,15,15,2,Colima
2020-04-21,0,0,0,15,15,2,Colima
2020-04-22,0,0,0,15,15,2,Colima
2020-02-25,1,0,0,1,0,0,Chiapas
2020-02-26,0,0,0,1,0,0,Chiapas
2020-02-27,0,0,0,1,0,0,Chiapas
2020-02-28,0,0,0,1,0,0,Chiapas
2020-02-29,0,1,0,1,1,0,Chiapas
2020-03-01,0,0,0,1,1,0,Chiapas
2020-03-02,0,0,0,1,1,0,Chiapas
2020-03-03,0,0,0,1,1,0,Chiapas
2020-03-04,0,0,0,1,1,0,Chiapas
2020-03-05,0,0,0,1,1,0,Chiapas
2020-03-06,0,0,0,1,1,0,Chiapas
2020-03-07,0,0,0,1,1,0,Chiapas
2020-03-08,0,0,0,1,1,0,Chiapas
2020-03-09,0,0,0,1,1,0,Chiapas
2020-03-10,0,0,0,1,1,0,Chiapas
2020-03-11,0,0,0,1,1,0,Chiapas
2020-03-12,0,0,0,1,1,0,Chiapas
2020-03-13,1,0,0,2,1,0,Chiapas
2020-03-14,1,0,0,3,1,0,Chiapas
2020-03-15,0,0,0,3,1,0,Chiapas
2020-03-16,0,0,0,3,1,0,Chiapas
2020-03-17,0,0,0,3,1,0,Chiapas
2020-03-18,0,1,0,3,2,0,Chiapas
2020-03-19,0,0,0,3,2,0,Chiapas
2020-03-20,2,0,0,5,2,0,Chiapas
2020-03-21,2,0,0,7,2,0,Chiapas
2020-03-22,3,0,0,10,2,0,Chiapas
2020-03-23,4,3,0,14,5,0,Chiapas
2020-03-24,1,0,0,15,5,0,Chiapas
2020-03-25,4,2,0,19,7,0,Chiapas
2020-03-26,0,0,0,19,7,0,Chiapas
2020-03-27,3,5,0,22,12,0,Chiapas
2020-03-28,4,1,0,26,13,0,Chiapas
2020-03-29,1,0,0,27,13,0,Chiapas
2020-03-30,1,1,0,28,14,0,Chiapas
2020-03-31,3,2,0,31,16,0,Chiapas
2020-04-01,2,4,0,33,20,0,Chiapas
2020-04-02,2,2,0,35,22,0,Chiapas
2020-04-03,4,5,0,39,27,0,Chiapas
2020-04-04,4,2,0,43,29,0,Chiapas
2020-04-05,1,1,0,44,30,0,Chiapas
2020-04-06,2,5,1,46,35,1,Chiapas
2020-04-07,5,2,0,51,37,1,Chiapas
2020-04-08,4,5,0,55,42,1,Chiapas
2020-04-09,2,3,1,57,45,2,Chiapas
2020-04-10,2,3,0,59,48,2,Chiapas
2020-04-11,6,1,1,65,49,3,Chiapas
2020-04-12,3,0,0,68,49,3,Chiapas
2020-04-13,5,6,0,73,55,3,Chiapas
2020-04-14,3,5,0,76,60,3,Chiapas
2020-04-15,5,5,0,81,65,3,Chiapas
2020-04-16,5,2,0,86,67,3,Chiapas
2020-04-17,1,6,0,87,73,3,Chiapas
2020-04-18,0,3,0,87,76,3,Chiapas
2020-04-19,0,5,1,87,81,4,Chiapas
2020-04-20,0,6,0,87,87,4,Chiapas
2020-04-21,0,0,0,87,87,4,Chiapas
2020-04-22,0,0,0,87,87,4,Chiapas
2020-03-12,2,0,0,2,0,0,Chihuahua
2020-03-13,1,1,0,3,1,0,Chihuahua
2020-03-14,0,1,0,3,2,0,Chihuahua
2020-03-15,1,0,0,4,2,0,Chihuahua
2020-03-16,1,0,0,5,2,0,Chihuahua
2020-03-17,1,0,0,6,2,0,Chihuahua
2020-03-18,2,1,0,8,3,0,Chihuahua
2020-03-19,1,1,0,9,4,0,Chihuahua
2020-03-20,2,3,0,11,7,0,Chihuahua
2020-03-21,1,1,0,12,8,0,Chihuahua
2020-03-22,1,1,0,13,9,0,Chihuahua
2020-03-23,1,0,0,14,9,0,Chihuahua
2020-03-24,4,1,0,18,10,0,Chihuahua
2020-03-25,4,1,0,22,11,0,Chihuahua
2020-03-26,5,2,0,27,13,0,Chihuahua
2020-03-27,0,2,0,27,15,0,Chihuahua
2020-03-28,4,2,0,31,17,0,Chihuahua
2020-03-29,6,5,0,37,22,0,Chihuahua
2020-03-30,1,3,0,38,25,0,Chihuahua
2020-03-31,10,5,0,48,30,0,Chihuahua
2020-04-01,6,6,0,54,36,0,Chihuahua
2020-04-02,10,6,0,64,42,0,Chihuahua
2020-04-03,13,5,2,77,47,2,Chihuahua
2020-04-04,3,6,1,80,53,3,Chihuahua
2020-04-05,6,10,1,86,63,4,Chihuahua
2020-04-06,7,8,2,93,71,6,Chihuahua
2020-04-07,9,6,5,102,77,11,Chihuahua
2020-04-08,11,8,5,113,85,16,Chihuahua
2020-04-09,6,5,4,119,90,20,Chihuahua
2020-04-10,13,7,1,132,97,21,Chihuahua
2020-04-11,10,9,0,142,106,21,Chihuahua
2020-04-12,4,6,4,146,112,25,Chihuahua
2020-04-13,7,13,3,153,125,28,Chihuahua
2020-04-14,4,10,1,157,135,29,Chihuahua
2020-04-15,11,10,3,168,145,32,Chihuahua
2020-04-16,2,13,1,170,158,33,Chihuahua
2020-04-17,1,6,4,171,164,37,Chihuahua
2020-04-18,3,2,1,174,166,38,Chihuahua
2020-04-19,0,5,0,174,171,38,Chihuahua
2020-04-20,0,3,0,174,174,38,Chihuahua
2020-04-21,0,0,0,174,174,38,Chihuahua
2020-04-22,0,0,0,174,174,38,Chihuahua
2020-02-17,1,0,0,1,0,0,Ciudad de México
2020-02-18,1,1,0,2,1,0,Ciudad de México
2020-02-19,0,0,0,2,1,0,Ciudad de México
2020-02-20,0,0,0,2,1,0,Ciudad de México
2020-02-21,0,0,0,2,1,0,Ciudad de México
2020-02-22,1,0,0,3,1,0,Ciudad de México
2020-02-23,1,0,0,4,1,0,Ciudad de México
2020-02-24,0,0,0,4,1,0,Ciudad de México
2020-02-25,1,0,0,5,1,0,Ciudad de México
2020-02-26,0,0,0,5,1,0,Ciudad de México
2020-02-27,0,2,0,5,3,0,Ciudad de México
2020-02-28,2,0,0,7,3,0,Ciudad de México
2020-02-29,1,0,0,8,3,0,Ciudad de México
2020-03-01,2,0,0,10,3,0,Ciudad de México
2020-03-02,3,0,0,13,3,0,Ciudad de México
2020-03-03,2,0,0,15,3,0,Ciudad de México
2020-03-04,3,0,0,18,3,0,Ciudad de México
2020-03-05,2,1,0,20,4,0,Ciudad de México
2020-03-06,5,0,0,25,4,0,Ciudad de México
2020-03-07,8,0,0,33,4,0,Ciudad de México
2020-03-08,5,1,0,38,5,0,Ciudad de México
2020-03-09,18,0,0,56,5,0,Ciudad de México
2020-03-10,21,3,0,77,8,0,Ciudad de México
2020-03-11,19,12,0,96,20,0,Ciudad de México
2020-03-12,15,17,0,111,37,0,Ciudad de México
2020-03-13,31,24,0,142,61,0,Ciudad de México
2020-03-14,33,21,0,175,82,0,Ciudad de México
2020-03-15,34,10,0,209,92,0,Ciudad de México
2020-03-16,39,24,0,248,116,0,Ciudad de México
2020-03-17,22,31,0,270,147,0,Ciudad de México
2020-03-18,24,31,0,294,178,0,Ciudad de México
2020-03-19,32,37,0,326,215,0,Ciudad de México
2020-03-20,48,22,0,374,237,0,Ciudad de México
2020-03-21,19,11,0,393,248,0,Ciudad de México
2020-03-22,27,10,0,420,258,0,Ciudad de México
2020-03-23,36,24,1,456,282,1,Ciudad de México
2020-03-24,39,32,0,495,314,1,Ciudad de México
2020-03-25,36,23,1,531,337,2,Ciudad de México
2020-03-26,73,42,3,604,379,5,Ciudad de México
2020-03-27,50,38,3,654,417,8,Ciudad de México
2020-03-28,53,40,1,707,457,9,Ciudad de México
2020-03-29,43,34,2,750,491,11,Ciudad de México
2020-03-30,80,64,4,830,555,15,Ciudad de México
2020-03-31,63,42,6,893,597,21,Ciudad de México
2020-04-01,102,47,5,995,644,26,Ciudad de México
2020-04-02,90,54,5,1085,698,31,Ciudad de México
2020-04-03,91,69,7,1176,767,38,Ciudad de México
2020-04-04,105,45,5,1281,812,43,Ciudad de México
2020-04-05,105,46,3,1386,858,46,Ciudad de México
2020-04-06,118,99,14,1504,957,60,Ciudad de México
2020-04-07,113,113,8,1617,1070,68,Ciudad de México
2020-04-08,113,114,5,1730,1184,73,Ciudad de México
2020-04-09,137,117,13,1867,1301,86,Ciudad de México
2020-04-10,194,124,19,2061,1425,105,Ciudad de México
2020-04-11,124,88,19,2185,1513,124,Ciudad de México
2020-04-12,116,100,5,2301,1613,129,Ciudad de México
2020-04-13,138,191,11,2439,1804,140,Ciudad de México
2020-04-14,101,193,15,2540,1997,155,Ciudad de México
2020-04-15,102,169,14,2642,2166,169,Ciudad de México
2020-04-16,52,174,14,2694,2340,183,Ciudad de México
2020-04-17,58,178,3,2752,2518,186,Ciudad de México
2020-04-18,35,68,11,2787,2586,197,Ciudad de México
2020-04-19,19,66,8,2806,2652,205,Ciudad de México
2020-04-20,5,134,6,2811,2786,211,Ciudad de México
2020-04-21,4,29,0,2815,2815,211,Ciudad de México
2020-04-22,0,0,1,2815,2815,212,Ciudad de México
2020-03-06,1,0,0,1,0,0,Durango
2020-03-07,0,0,0,1,0,0,Durango
2020-03-08,0,0,0,1,0,0,Durango
2020-03-09,1,0,0,2,0,0,Durango
2020-03-10,0,0,0,2,0,0,Durango
2020-03-11,1,1,0,3,1,0,Durango
2020-03-12,0,0,0,3,1,0,Durango
2020-03-13,0,1,0,3,2,0,Durango
2020-03-14,0,1,0,3,3,0,Durango
2020-03-15,1,0,0,4,3,0,Durango
2020-03-16,0,0,0,4,3,0,Durango
2020-03-17,0,1,0,4,4,0,Durango
2020-03-18,2,1,1,6,5,1,Durango
2020-03-19,1,0,0,7,5,1,Durango
2020-03-20,0,0,0,7,5,1,Durango
2020-03-21,0,1,0,7,6,1,Durango
2020-03-22,0,0,0,7,6,1,Durango
2020-03-23,2,1,0,9,7,1,Durango
2020-03-24,1,1,1,10,8,2,Durango
2020-03-25,1,1,0,11,9,2,Durango
2020-03-26,0,0,0,11,9,2,Durango
2020-03-27,0,0,0,11,9,2,Durango
2020-03-28,1,0,0,12,9,2,Durango
2020-03-29,1,0,0,13,9,2,Durango
2020-03-30,2,2,0,15,11,2,Durango
2020-03-31,0,2,1,15,13,3,Durango
2020-04-01,0,1,1,15,14,4,Durango
2020-04-02,1,0,0,16,14,4,Durango
2020-04-03,0,0,0,16,14,4,Durango
2020-04-04,0,0,0,16,14,4,Durango
2020-04-05,0,0,0,16,14,4,Durango
2020-04-06,0,1,0,16,15,4,Durango
2020-04-07,0,0,0,16,15,4,Durango
2020-04-08,1,0,0,17,15,4,Durango
2020-04-09,0,1,0,17,16,4,Durango
2020-04-10,3,0,0,20,16,4,Durango
2020-04-11,3,0,0,23,16,4,Durango
2020-04-12,1,0,0,24,16,4,Durango
2020-04-13,3,0,0,27,16,4,Durango
2020-04-14,4,0,0,31,16,4,Durango
2020-04-15,0,2,0,31,18,4,Durango
2020-04-16,1,1,0,32,19,4,Durango
2020-04-17,0,0,0,32,19,4,Durango
2020-04-18,0,2,0,32,21,4,Durango
2020-04-19,0,9,0,32,30,4,Durango
2020-04-20,1,3,0,33,33,4,Durango
2020-04-21,0,0,1,33,33,5,Durango
2020-04-22,0,0,0,33,33,5,Durango
2020-03-10,1,0,0,1,0,0,Guanajuato
2020-03-11,0,0,0,1,0,0,Guanajuato
2020-03-12,2,0,0,3,0,0,Guanajuato
2020-03-13,0,1,0,3,1,0,Guanajuato
2020-03-14,3,0,0,6,1,0,Guanajuato
2020-03-15,3,2,0,9,3,0,Guanajuato
2020-03-16,10,2,0,19,5,0,Guanajuato
2020-03-17,4,0,0,23,5,0,Guanajuato
2020-03-18,2,1,0,25,6,0,Guanajuato
2020-03-19,1,1,0,26,7,0,Guanajuato
2020-03-20,7,4,0,33,11,0,Guanajuato
2020-03-21,4,11,0,37,22,0,Guanajuato
2020-03-22,5,1,0,42,23,0,Guanajuato
2020-03-23,2,6,0,44,29,0,Guanajuato
2020-03-24,3,1,0,47,30,0,Guanajuato
2020-03-25,3,4,0,50,34,0,Guanajuato
2020-03-26,5,6,0,55,40,0,Guanajuato
2020-03-27,4,5,0,59,45,0,Guanajuato
2020-03-28,1,4,0,60,49,0,Guanajuato
2020-03-29,0,1,0,60,50,0,Guanajuato
2020-03-30,1,4,0,61,54,0,Guanajuato
2020-03-31,1,1,0,62,55,0,Guanajuato
2020-04-01,7,1,0,69,56,0,Guanajuato
2020-04-02,7,2,0,76,58,0,Guanajuato
2020-04-03,5,4,0,81,62,0,Guanajuato
2020-04-04,3,3,0,84,65,0,Guanajuato
2020-04-05,5,3,2,89,68,2,Guanajuato
2020-04-06,2,7,0,91,75,2,Guanajuato
2020-04-07,1,6,1,92,81,3,Guanajuato
2020-04-08,3,8,0,95,89,3,Guanajuato
2020-04-09,4,2,1,99,91,4,Guanajuato
2020-04-10,5,2,1,104,93,5,Guanajuato
2020-04-11,4,3,0,108,96,5,Guanajuato
2020-04-12,7,1,0,115,97,5,Guanajuato
2020-04-13,9,2,0,124,99,5,Guanajuato
2020-04-14,18,3,2,142,102,7,Guanajuato
2020-04-15,12,13,0,154,115,7,Guanajuato
2020-04-16,8,12,0,162,127,7,Guanajuato
2020-04-17,4,25,2,166,152,9,Guanajuato
2020-04-18,6,10,0,172,162,9,Guanajuato
2020-04-19,1,7,0,173,169,9,Guanajuato
2020-04-20,0,2,0,173,171,9,Guanajuato
2020-04-21,0,2,0,173,173,9,Guanajuato
2020-04-22,0,0,0,173,173,9,Guanajuato
2020-03-08,1,0,0,1,0,0,Guerrero
2020-03-09,1,0,0,2,0,0,Guerrero
2020-03-10,0,0,0,2,0,0,Guerrero
2020-03-11,0,0,0,2,0,0,Guerrero
2020-03-12,1,0,0,3,0,0,Guerrero
2020-03-13,1,2,0,4,2,0,Guerrero
2020-03-14,0,0,0,4,2,0,Guerrero
2020-03-15,2,0,0,6,2,0,Guerrero
2020-03-16,1,1,0,7,3,0,Guerrero
2020-03-17,2,3,0,9,6,0,Guerrero
2020-03-18,2,1,0,11,7,0,Guerrero
2020-03-19,2,0,0,13,7,0,Guerrero
2020-03-20,3,0,0,16,7,0,Guerrero
2020-03-21,3,1,0,19,8,0,Guerrero
2020-03-22,1,0,0,20,8,0,Guerrero
2020-03-23,3,1,0,23,9,0,Guerrero
2020-03-24,1,0,0,24,9,0,Guerrero
2020-03-25,1,3,0,25,12,0,Guerrero
2020-03-26,3,4,0,28,16,0,Guerrero
2020-03-27,0,3,0,28,19,0,Guerrero
2020-03-28,1,3,1,29,22,1,Guerrero
2020-03-29,2,1,0,31,23,1,Guerrero
2020-03-30,5,2,0,36,25,1,Guerrero
2020-03-31,5,5,0,41,30,1,Guerrero
2020-04-01,4,3,0,45,33,1,Guerrero
2020-04-02,5,1,0,50,34,1,Guerrero
2020-04-03,8,1,0,58,35,1,Guerrero
2020-04-04,10,3,2,68,38,3,Guerrero
2020-04-05,6,3,0,74,41,3,Guerrero
2020-04-06,8,8,2,82,49,5,Guerrero
2020-04-07,3,10,0,85,59,5,Guerrero
2020-04-08,13,6,0,98,65,5,Guerrero
2020-04-09,5,7,1,103,72,6,Guerrero
2020-04-10,7,5,0,110,77,6,Guerrero
2020-04-11,7,5,0,117,82,6,Guerrero
2020-04-12,3,11,1,120,93,7,Guerrero
2020-04-13,9,14,1,129,107,8,Guerrero
2020-04-14,2,5,1,131,112,9,Guerrero
2020-04-15,3,4,2,134,116,11,Guerrero
2020-04-16,4,8,0,138,124,11,Guerrero
2020-04-17,1,4,1,139,128,12,Guerrero
2020-04-18,0,4,1,139,132,13,Guerrero
2020-04-19,2,3,3,141,135,16,Guerrero
2020-04-20,1,7,0,142,142,16,Guerrero
2020-04-21,0,0,2,142,142,18,Guerrero
2020-04-22,0,0,0,142,142,18,Guerrero
2020-02-22,1,0,0,1,0,0,Hidalgo
2020-02-23,0,0,0,1,0,0,Hidalgo
2020-02-24,0,0,0,1,0,0,Hidalgo
2020-02-25,0,0,0,1,0,0,Hidalgo
2020-02-26,0,0,0,1,0,0,Hidalgo
2020-02-27,0,1,0,1,1,0,Hidalgo
2020-02-28,0,0,0,1,1,0,Hidalgo
2020-02-29,0,0,0,1,1,0,Hidalgo
2020-03-01,0,0,0,1,1,0,Hidalgo
2020-03-02,0,0,0,1,1,0,Hidalgo
2020-03-03,0,0,0,1,1,0,Hidalgo
2020-03-04,0,0,0,1,1,0,Hidalgo
2020-03-05,0,0,0,1,1,0,Hidalgo
2020-03-06,0,0,0,1,1,0,Hidalgo
2020-03-07,1,0,0,2,1,0,Hidalgo
2020-03-08,1,0,0,3,1,0,Hidalgo
2020-03-09,0,0,0,3,1,0,Hidalgo
2020-03-10,0,0,0,3,1,0,Hidalgo
2020-03-11,0,0,0,3,1,0,Hidalgo
2020-03-12,1,0,0,4,1,0,Hidalgo
2020-03-13,3,0,0,7,1,0,Hidalgo
2020-03-14,1,0,0,8,1,0,Hidalgo
2020-03-15,0,1,0,8,2,0,Hidalgo
2020-03-16,2,0,0,10,2,0,Hidalgo
2020-03-17,0,2,0,10,4,0,Hidalgo
2020-03-18,2,0,0,12,4,0,Hidalgo
2020-03-19,2,0,0,14,4,0,Hidalgo
2020-03-20,3,3,0,17,7,0,Hidalgo
2020-03-21,1,3,0,18,10,0,Hidalgo
2020-03-22,0,0,0,18,10,0,Hidalgo
2020-03-23,5,2,0,23,12,0,Hidalgo
2020-03-24,3,1,0,26,13,0,Hidalgo
2020-03-25,2,4,0,28,17,0,Hidalgo
2020-03-26,3,4,0,31,21,0,Hidalgo
2020-03-27,4,5,1,35,26,1,Hidalgo
2020-03-28,2,0,1,37,26,2,Hidalgo
2020-03-29,5,2,0,42,28,2,Hidalgo
2020-03-30,7,7,1,49,35,3,Hidalgo
2020-03-31,4,7,0,53,42,3,Hidalgo
2020-04-01,0,4,2,53,46,5,Hidalgo
2020-04-02,0,1,0,53,47,5,Hidalgo
2020-04-03,4,2,1,57,49,6,Hidalgo
2020-04-04,1,2,0,58,51,6,Hidalgo
2020-04-05,4,1,0,62,52,6,Hidalgo
2020-04-06,7,2,0,69,54,6,Hidalgo
2020-04-07,1,3,0,70,57,6,Hidalgo
2020-04-08,3,1,2,73,58,8,Hidalgo
2020-04-09,3,0,0,76,58,8,Hidalgo
2020-04-10,7,7,0,83,65,8,Hidalgo
2020-04-11,8,3,0,91,68,8,Hidalgo
2020-04-12,5,5,0,96,73,8,Hidalgo
2020-04-13,11,7,0,107,80,8,Hidalgo
2020-04-14,4,6,2,111,86,10,Hidalgo
2020-04-15,3,4,2,114,90,12,Hidalgo
2020-04-16,4,3,0,118,93,12,Hidalgo
2020-04-17,2,7,0,120,100,12,Hidalgo
2020-04-18,4,4,2,124,104,14,Hidalgo
2020-04-19,0,11,1,124,115,15,Hidalgo
2020-04-20,1,7,0,125,122,15,Hidalgo
2020-04-21,0,3,0,125,125,15,Hidalgo
2020-04-22,0,0,0,125,125,15,Hidalgo
2020-03-01,2,0,0,2,0,0,Jalisco
2020-03-02,0,0,0,2,0,0,Jalisco
2020-03-03,0,0,0,2,0,0,Jalisco
2020-03-04,1,0,0,3,0,0,Jalisco
2020-03-05,0,0,0,3,0,0,Jalisco
2020-03-06,2,0,0,5,0,0,Jalisco
2020-03-07,1,0,0,6,0,0,Jalisco
2020-03-08,3,0,0,9,0,0,Jalisco
2020-03-09,3,0,0,12,0,0,Jalisco
2020-03-10,4,0,0,16,0,0,Jalisco
2020-03-11,6,1,0,22,1,0,Jalisco
2020-03-12,8,3,0,30,4,0,Jalisco
2020-03-13,8,3,0,38,7,0,Jalisco
2020-03-14,8,5,0,46,12,0,Jalisco
2020-03-15,2,2,0,48,14,0,Jalisco
2020-03-16,6,12,0,54,26,0,Jalisco
2020-03-17,13,6,0,67,32,0,Jalisco
2020-03-18,8,17,0,75,49,0,Jalisco
2020-03-19,0,10,0,75,59,0,Jalisco
2020-03-20,8,5,1,83,64,1,Jalisco
2020-03-21,11,1,0,94,65,1,Jalisco
2020-03-22,6,3,0,100,68,1,Jalisco
2020-03-23,5,8,0,105,76,1,Jalisco
2020-03-24,4,8,0,109,84,1,Jalisco
2020-03-25,4,7,0,113,91,1,Jalisco
2020-03-26,1,6,2,114,97,3,Jalisco
2020-03-27,8,7,0,122,104,3,Jalisco
2020-03-28,2,2,0,124,106,3,Jalisco
2020-03-29,4,2,0,128,108,3,Jalisco
2020-03-30,8,7,0,136,115,3,Jalisco
2020-03-31,5,7,1,141,122,4,Jalisco
2020-04-01,3,2,0,144,124,4,Jalisco
2020-04-02,8,8,2,152,132,6,Jalisco
2020-04-03,8,11,0,160,143,6,Jalisco
2020-04-04,3,1,0,163,144,6,Jalisco
2020-04-05,3,2,1,166,146,7,Jalisco
2020-04-06,6,3,0,172,149,7,Jalisco
2020-04-07,10,5,1,182,154,8,Jalisco
2020-04-08,8,9,1,190,163,9,Jalisco
2020-04-09,5,4,0,195,167,9,Jalisco
2020-04-10,6,8,1,201,175,10,Jalisco
2020-04-11,4,5,1,205,180,11,Jalisco
2020-04-12,5,5,0,210,185,11,Jalisco
2020-04-13,7,9,0,217,194,11,Jalisco
2020-04-14,7,4,0,224,198,11,Jalisco
2020-04-15,1,9,0,225,207,11,Jalisco
2020-04-16,6,8,1,231,215,12,Jalisco
2020-04-17,4,11,1,235,226,13,Jalisco
2020-04-18,0,5,0,235,231,13,Jalisco
2020-04-19,0,2,1,235,233,14,Jalisco
2020-04-20,0,2,1,235,235,15,Jalisco
2020-04-21,0,0,0,235,235,15,Jalisco
2020-04-22,0,0,0,235,235,15,Jalisco
2020-01-27,1,1,0,1,1,0,México
2020-01-28,0,0,0,1,1,0,México
2020-01-29,0,0,0,1,1,0,México
2020-01-30,0,0,0,1,1,0,México
2020-01-31,0,0,0,1,1,0,México
2020-02-01,0,0,0,1,1,0,México
2020-02-02,0,0,0,1,1,0,México
2020-02-03,0,0,0,1,1,0,México
2020-02-04,0,0,0,1,1,0,México
2020-02-05,0,0,0,1,1,0,México
2020-02-06,0,0,0,1,1,0,México
2020-02-07,0,0,0,1,1,0,México
2020-02-08,0,0,0,1,1,0,México
2020-02-09,0,0,0,1,1,0,México
2020-02-10,0,0,0,1,1,0,México
2020-02-11,0,0,0,1,1,0,México
2020-02-12,0,0,0,1,1,0,México
2020-02-13,0,0,0,1,1,0,México
2020-02-14,0,0,0,1,1,0,México
2020-02-15,0,0,0,1,1,0,México
2020-02-16,0,0,0,1,1,0,México
2020-02-17,1,0,0,2,1,0,México
2020-02-18,0,0,0,2,1,0,México
2020-02-19,1,0,0,3,1,0,México
2020-02-20,0,0,0,3,1,0,México
2020-02-21,1,0,0,4,1,0,México
2020-02-22,0,0,0,4,1,0,México
2020-02-23,0,0,0,4,1,0,México
2020-02-24,0,0,0,4,1,0,México
2020-02-25,0,0,0,4,1,0,México
2020-02-26,1,0,0,5,1,0,México
2020-02-27,0,0,0,5,1,0,México
2020-02-28,0,1,0,5,2,0,México
2020-02-29,1,0,0,6,2,0,México
2020-03-01,0,0,0,6,2,0,México
2020-03-02,1,0,0,7,2,0,México
2020-03-03,3,0,0,10,2,0,México
2020-03-04,1,2,0,11,4,0,México
2020-03-05,1,0,0,12,4,0,México
2020-03-06,0,0,0,12,4,0,México
2020-03-07,5,0,0,17,4,0,México
2020-03-08,3,2,0,20,6,0,México
2020-03-09,11,1,0,31,7,0,México
2020-03-10,2,2,0,33,9,0,México
2020-03-11,4,2,0,37,11,0,México
2020-03-12,7,2,0,44,13,0,México
2020-03-13,10,12,0,54,25,0,México
2020-03-14,10,4,0,64,29,0,México
2020-03-15,13,9,0,77,38,0,México
2020-03-16,19,6,0,96,44,0,México
2020-03-17,10,7,0,106,51,0,México
2020-03-18,11,6,1,117,57,1,México
2020-03-19,9,11,0,126,68,1,México
2020-03-20,18,10,0,144,78,1,México
2020-03-21,15,6,0,159,84,1,México
2020-03-22,19,5,1,178,89,2,México
2020-03-23,27,14,0,205,103,2,México
2020-03-24,25,22,0,230,125,2,México
2020-03-25,32,21,0,262,146,2,México
2020-03-26,38,24,0,300,170,2,México
2020-03-27,43,37,0,343,207,2,México
2020-03-28,30,24,3,373,231,5,México
2020-03-29,32,17,1,405,248,6,México
2020-03-30,57,49,0,462,297,6,México
2020-03-31,46,31,2,508,328,8,México
2020-04-01,65,45,0,573,373,8,México
2020-04-02,46,41,4,619,414,12,México
2020-04-03,54,45,3,673,459,15,México
2020-04-04,62,30,4,735,489,19,México
2020-04-05,52,38,3,787,527,22,México
2020-04-06,87,67,4,874,594,26,México
2020-04-07,51,63,9,925,657,35,México
2020-04-08,84,79,4,1009,736,39,México
2020-04-09,66,40,1,1075,776,40,México
2020-04-10,112,68,4,1187,844,44,México
2020-04-11,79,59,9,1266,903,53,México
2020-04-12,80,58,9,1346,961,62,México
2020-04-13,80,125,8,1426,1086,70,México
2020-04-14,67,112,7,1493,1198,77,México
2020-04-15,47,131,13,1540,1329,90,México
2020-04-16,28,109,7,1568,1438,97,México
2020-04-17,12,66,5,1580,1504,102,México
2020-04-18,8,41,8,1588,1545,110,México
2020-04-19,5,16,4,1593,1561,114,México
2020-04-20,0,24,2,1593,1585,116,México
2020-04-21,0,7,3,1593,1592,119,México
2020-04-22,0,1,0,1593,1593,119,México
2020-03-09,1,0,0,1,0,0,Michoacán
2020-03-10,0,0,0,1,0,0,Michoacán
2020-03-11,0,0,0,1,0,0,Michoacán
2020-03-12,0,0,0,1,0,0,Michoacán
2020-03-13,0,0,0,1,0,0,Michoacán
2020-03-14,0,0,0,1,0,0,Michoacán
2020-03-15,8,0,0,9,0,0,Michoacán
2020-03-16,1,0,0,10,0,0,Michoacán
2020-03-17,2,0,0,12,0,0,Michoacán
2020-03-18,4,1,0,16,1,0,Michoacán
2020-03-19,0,1,0,16,2,0,Michoacán
2020-03-20,1,2,0,17,4,0,Michoacán
2020-03-21,0,5,0,17,9,0,Michoacán
2020-03-22,4,0,0,21,9,0,Michoacán
2020-03-23,4,3,0,25,12,0,Michoacán
2020-03-24,2,3,0,27,15,0,Michoacán
2020-03-25,4,2,0,31,17,0,Michoacán
2020-03-26,2,3,1,33,20,1,Michoacán
2020-03-27,3,1,0,36,21,1,Michoacán
2020-03-28,1,1,0,37,22,1,Michoacán
2020-03-29,1,3,0,38,25,1,Michoacán
2020-03-30,2,0,0,40,25,1,Michoacán
2020-03-31,1,4,0,41,29,1,Michoacán
2020-04-01,9,3,0,50,32,1,Michoacán
2020-04-02,3,0,0,53,32,1,Michoacán
2020-04-03,3,6,2,56,38,3,Michoacán
2020-04-04,3,2,1,59,40,4,Michoacán
2020-04-05,5,2,0,64,42,4,Michoacán
2020-04-06,5,6,1,69,48,5,Michoacán
2020-04-07,14,6,0,83,54,5,Michoacán
2020-04-08,7,4,1,90,58,6,Michoacán
2020-04-09,6,9,1,96,67,7,Michoacán
2020-04-10,7,3,1,103,70,8,Michoacán
2020-04-11,6,2,1,109,72,9,Michoacán
2020-04-12,9,4,0,118,76,9,Michoacán
2020-04-13,11,13,4,129,89,13,Michoacán
2020-04-14,4,15,1,133,104,14,Michoacán
2020-04-15,2,9,0,135,113,14,Michoacán
2020-04-16,4,6,2,139,119,16,Michoacán
2020-04-17,5,12,0,144,131,16,Michoacán
2020-04-18,0,4,1,144,135,17,Michoacán
2020-04-19,0,4,2,144,139,19,Michoacán
2020-04-20,1,6,1,145,145,20,Michoacán
2020-04-21,0,0,0,145,145,20,Michoacán
2020-04-22,0,0,0,145,145,20,Michoacán
2020-03-02,1,0,0,1,0,0,Morelos
2020-03-03,0,0,0,1,0,0,Morelos
2020-03-04,0,0,0,1,0,0,Morelos
2020-03-05,0,0,0,1,0,0,Morelos
2020-03-06,0,0,0,1,0,0,Morelos
2020-03-07,0,0,0,1,0,0,Morelos
2020-03-08,0,0,0,1,0,0,Morelos
2020-03-09,0,0,0,1,0,0,Morelos
2020-03-10,1,0,0,2,0,0,Morelos
2020-03-11,0,0,0,2,0,0,Morelos
2020-03-12,0,0,0,2,0,0,Morelos
2020-03-13,0,0,0,2,0,0,Morelos
2020-03-14,1,1,0,3,1,0,Morelos
2020-03-15,0,0,0,3,1,0,Morelos
2020-03-16,1,0,0,4,1,0,Morelos
2020-03-17,1,1,0,5,2,0,Morelos
2020-03-18,1,1,0,6,3,0,Morelos
2020-03-19,1,0,0,7,3,0,Morelos
2020-03-20,1,1,0,8,4,0,Morelos
2020-03-21,2,1,0,10,5,0,Morelos
2020-03-22,2,0,0,12,5,0,Morelos
2020-03-23,3,2,0,15,7,0,Morelos
2020-03-24,0,3,0,15,10,0,Morelos
2020-03-25,1,0,0,16,10,0,Morelos
2020-03-26,2,0,0,18,10,0,Morelos
2020-03-27,2,0,0,20,10,0,Morelos
2020-03-28,3,2,1,23,12,1,Morelos
2020-03-29,1,1,1,24,13,2,Morelos
2020-03-30,4,2,0,28,15,2,Morelos
2020-03-31,3,1,1,31,16,3,Morelos
2020-04-01,9,3,1,40,19,4,Morelos
2020-04-02,4,8,0,44,27,4,Morelos
2020-04-03,3,1,0,47,28,4,Morelos
2020-04-04,6,2,0,53,30,4,Morelos
2020-04-05,6,3,0,59,33,4,Morelos
2020-04-06,2,8,1,61,41,5,Morelos
2020-04-07,2,7,1,63,48,6,Morelos
2020-04-08,6,6,1,69,54,7,Morelos
2020-04-09,1,6,0,70,60,7,Morelos
2020-04-10,8,1,0,78,61,7,Morelos
2020-04-11,4,1,0,82,62,7,Morelos
2020-04-12,4,3,0,86,65,7,Morelos
2020-04-13,9,6,3,95,71,10,Morelos
2020-04-14,5,9,0,100,80,10,Morelos
2020-04-15,3,7,1,103,87,11,Morelos
2020-04-16,2,5,1,105,92,12,Morelos
2020-04-17,1,4,2,106,96,14,Morelos
2020-04-18,0,2,0,106,98,14,Morelos
2020-04-19,0,7,3,106,105,17,Morelos
2020-04-20,0,1,2,106,106,19,Morelos
2020-04-21,0,0,0,106,106,19,Morelos
2020-04-22,0,0,0,106,106,19,Morelos
2020-01-06,1,1,0,1,1,0,Nayarit
2020-01-07,0,0,0,1,1,0,Nayarit
2020-01-08,0,0,0,1,1,0,Nayarit
2020-01-09,0,0,0,1,1,0,Nayarit
2020-01-10,0,0,0,1,1,0,Nayarit
2020-01-11,0,0,0,1,1,0,Nayarit
2020-01-12,0,0,0,1,1,0,Nayarit
2020-01-13,0,0,0,1,1,0,Nayarit
2020-01-14,0,0,0,1,1,0,Nayarit
2020-01-15,0,0,0,1,1,0,Nayarit
2020-01-16,0,0,0,1,1,0,Nayarit
2020-01-17,0,0,0,1,1,0,Nayarit
2020-01-18,0,0,0,1,1,0,Nayarit
2020-01-19,0,0,0,1,1,0,Nayarit
2020-01-20,0,0,0,1,1,0,Nayarit
2020-01-21,0,0,0,1,1,0,Nayarit
2020-01-22,0,0,0,1,1,0,Nayarit
2020-01-23,0,0,0,1,1,0,Nayarit
2020-01-24,0,0,0,1,1,0,Nayarit
2020-01-25,0,0,0,1,1,0,Nayarit
2020-01-26,0,0,0,1,1,0,Nayarit
2020-01-27,0,0,0,1,1,0,Nayarit
2020-01-28,0,0,0,1,1,0,Nayarit
2020-01-29,0,0,0,1,1,0,Nayarit
2020-01-30,0,0,0,1,1,0,Nayarit
2020-01-31,0,0,0,1,1,0,Nayarit
2020-02-01,0,0,0,1,1,0,Nayarit
2020-02-02,0,0,0,1,1,0,Nayarit
2020-02-03,0,0,0,1,1,0,Nayarit
2020-02-04,0,0,0,1,1,0,Nayarit
2020-02-05,0,0,0,1,1,0,Nayarit
2020-02-06,0,0,0,1,1,0,Nayarit
2020-02-07,0,0,0,1,1,0,Nayarit
2020-02-08,0,0,0,1,1,0,Nayarit
2020-02-09,0,0,0,1,1,0,Nayarit
2020-02-10,0,0,0,1,1,0,Nayarit
2020-02-11,0,0,0,1,1,0,Nayarit
2020-02-12,0,0,0,1,1,0,Nayarit
2020-02-13,0,0,0,1,1,0,Nayarit
2020-02-14,0,0,0,1,1,0,Nayarit
2020-02-15,0,0,0,1,1,0,Nayarit
2020-02-16,0,0,0,1,1,0,Nayarit
2020-02-17,0,0,0,1,1,0,Nayarit
2020-02-18,0,0,0,1,1,0,Nayarit
2020-02-19,0,0,0,1,1,0,Nayarit
2020-02-20,0,0,0,1,1,0,Nayarit
2020-02-21,0,0,0,1,1,0,Nayarit
2020-02-22,0,0,0,1,1,0,Nayarit
2020-02-23,0,0,0,1,1,0,Nayarit
2020-02-24,0,0,0,1,1,0,Nayarit
2020-02-25,0,0,0,1,1,0,Nayarit
2020-02-26,0,0,0,1,1,0,Nayarit
2020-02-27,0,0,0,1,1,0,Nayarit
2020-02-28,0,0,0,1,1,0,Nayarit
2020-02-29,0,0,0,1,1,0,Nayarit
2020-03-01,0,0,0,1,1,0,Nayarit
2020-03-02,0,0,0,1,1,0,Nayarit
2020-03-03,0,0,0,1,1,0,Nayarit
2020-03-04,0,0,0,1,1,0,Nayarit
2020-03-05,0,0,0,1,1,0,Nayarit
2020-03-06,0,0,0,1,1,0,Nayarit
2020-03-07,0,0,0,1,1,0,Nayarit
2020-03-08,0,0,0,1,1,0,Nayarit
2020-03-09,0,0,0,1,1,0,Nayarit
2020-03-10,1,0,0,2,1,0,Nayarit
2020-03-11,0,0,0,2,1,0,Nayarit
2020-03-12,0,0,0,2,1,0,Nayarit
2020-03-13,0,0,0,2,1,0,Nayarit
2020-03-14,0,0,0,2,1,0,Nayarit
2020-03-15,1,0,0,3,1,0,Nayarit
2020-03-16,0,0,0,3,1,0,Nayarit
2020-03-17,1,0,0,4,1,0,Nayarit
2020-03-18,0,1,0,4,2,0,Nayarit
2020-03-19,1,1,0,5,3,0,Nayarit
2020-03-20,0,0,0,5,3,0,Nayarit
2020-03-21,1,0,0,6,3,0,Nayarit
2020-03-22,0,0,0,6,3,0,Nayarit
2020-03-23,0,2,0,6,5,0,Nayarit
2020-03-24,2,3,0,8,8,0,Nayarit
2020-03-25,0,0,0,8,8,0,Nayarit
2020-03-26,0,0,0,8,8,0,Nayarit
2020-03-27,2,0,0,10,8,0,Nayarit
2020-03-28,1,1,0,11,9,0,Nayarit
2020-03-29,0,0,0,11,9,0,Nayarit
2020-03-30,0,0,1,11,9,1,Nayarit
2020-03-31,3,2,0,14,11,1,Nayarit
2020-04-01,2,0,0,16,11,1,Nayarit
2020-04-02,3,0,0,19,11,1,Nayarit
2020-04-03,1,1,0,20,12,1,Nayarit
2020-04-04,2,4,0,22,16,1,Nayarit
2020-04-05,4,1,0,26,17,1,Nayarit
2020-04-06,1,2,0,27,19,1,Nayarit
2020-04-07,1,2,0,28,21,1,Nayarit
2020-04-08,2,2,2,30,23,3,Nayarit
2020-04-09,0,2,1,30,25,4,Nayarit
2020-04-10,4,0,0,34,25,4,Nayarit
2020-04-11,1,2,0,35,27,4,Nayarit
2020-04-12,1,3,1,36,30,5,Nayarit
2020-04-13,3,4,0,39,34,5,Nayarit
2020-04-14,2,1,0,41,35,5,Nayarit
2020-04-15,1,1,0,42,36,5,Nayarit
2020-04-16,2,3,0,44,39,5,Nayarit
2020-04-17,2,3,0,46,42,5,Nayarit
2020-04-18,1,2,0,47,44,5,Nayarit
2020-04-19,0,2,0,47,46,5,Nayarit
2020-04-20,0,0,1,47,46,6,Nayarit
2020-04-21,0,1,0,47,47,6,Nayarit
2020-04-22,0,0,0,47,47,6,Nayarit
2020-03-02,1,0,0,1,0,0,Nuevo León
2020-03-03,0,0,0,1,0,0,Nuevo León
2020-03-04,1,0,0,2,0,0,Nuevo León
2020-03-05,1,0,0,3,0,0,Nuevo León
2020-03-06,1,0,0,4,0,0,Nuevo León
2020-03-07,2,0,0,6,0,0,Nuevo León
2020-03-08,0,0,0,6,0,0,Nuevo León
2020-03-09,9,0,0,15,0,0,Nuevo León
2020-03-10,2,2,0,17,2,0,Nuevo León
2020-03-11,5,4,0,22,6,0,Nuevo León
2020-03-12,2,0,0,24,6,0,Nuevo León
2020-03-13,6,5,0,30,11,0,Nuevo León
2020-03-14,8,6,0,38,17,0,Nuevo León
2020-03-15,7,0,0,45,17,0,Nuevo León
2020-03-16,3,6,0,48,23,0,Nuevo León
2020-03-17,8,6,0,56,29,0,Nuevo León
2020-03-18,6,9,0,62,38,0,Nuevo León
2020-03-19,5,4,0,67,42,0,Nuevo León
2020-03-20,5,12,0,72,54,0,Nuevo León
2020-03-21,3,4,0,75,58,0,Nuevo León
2020-03-22,4,4,0,79,62,0,Nuevo León
2020-03-23,3,5,0,82,67,0,Nuevo León
2020-03-24,1,5,0,83,72,0,Nuevo León
2020-03-25,2,0,0,85,72,0,Nuevo León
2020-03-26,3,2,0,88,74,0,Nuevo León
2020-03-27,2,8,0,90,82,0,Nuevo León
2020-03-28,1,2,0,91,84,0,Nuevo León
2020-03-29,2,3,0,93,87,0,Nuevo León
2020-03-30,4,4,0,97,91,0,Nuevo León
2020-03-31,7,0,0,104,91,0,Nuevo León
2020-04-01,5,0,0,109,91,0,Nuevo León
2020-04-02,10,5,0,119,96,0,Nuevo León
2020-04-03,7,2,2,126,98,2,Nuevo León
2020-04-04,2,3,0,128,101,2,Nuevo León
2020-04-05,7,2,1,135,103,3,Nuevo León
2020-04-06,9,10,0,144,113,3,Nuevo León
2020-04-07,10,6,2,154,119,5,Nuevo León
2020-04-08,9,8,0,163,127,5,Nuevo León
2020-04-09,7,1,0,170,128,5,Nuevo León
2020-04-10,17,22,0,187,150,5,Nuevo León
2020-04-11,8,8,0,195,158,5,Nuevo León
2020-04-12,5,14,0,200,172,5,Nuevo León
2020-04-13,4,15,0,204,187,5,Nuevo León
2020-04-14,4,8,0,208,195,5,Nuevo León
2020-04-15,1,1,0,209,196,5,Nuevo León
2020-04-16,2,4,0,211,200,5,Nuevo León
2020-04-17,0,4,0,211,204,5,Nuevo León
2020-04-18,0,4,0,211,208,5,Nuevo León
2020-04-19,0,0,0,211,208,5,Nuevo León
2020-04-20,0,3,0,211,211,5,Nuevo León
2020-04-21,0,0,0,211,211,5,Nuevo León
2020-04-22,0,0,0,211,211,5,Nuevo León
2020-03-09,1,0,0,1,0,0,Oaxaca
2020-03-10,1,0,0,2,0,0,Oaxaca
2020-03-11,0,0,0,2,0,0,Oaxaca
2020-03-12,2,0,0,4,0,0,Oaxaca
2020-03-13,0,2,0,4,2,0,Oaxaca
2020-03-14,0,0,0,4,2,0,Oaxaca
2020-03-15,0,0,0,4,2,0,Oaxaca
2020-03-16,1,0,0,5,2,0,Oaxaca
2020-03-17,0,0,0,5,2,0,Oaxaca
2020-03-18,0,0,0,5,2,0,Oaxaca
2020-03-19,2,1,0,7,3,0,Oaxaca
2020-03-20,3,1,0,10,4,0,Oaxaca
2020-03-21,1,1,0,11,5,0,Oaxaca
2020-03-22,1,1,0,12,6,0,Oaxaca
2020-03-23,4,2,0,16,8,0,Oaxaca
2020-03-24,1,1,0,17,9,0,Oaxaca
2020-03-25,1,3,0,18,12,0,Oaxaca
2020-03-26,3,3,0,21,15,0,Oaxaca
2020-03-27,3,1,0,24,16,0,Oaxaca
2020-03-28,4,1,0,28,17,0,Oaxaca
2020-03-29,3,2,1,31,19,1,Oaxaca
2020-03-30,3,2,0,34,21,1,Oaxaca
2020-03-31,1,5,0,35,26,1,Oaxaca
2020-04-01,0,1,0,35,27,1,Oaxaca
2020-04-02,0,0,0,35,27,1,Oaxaca
2020-04-03,5,3,0,40,30,1,Oaxaca
2020-04-04,2,2,0,42,32,1,Oaxaca
2020-04-05,3,2,0,45,34,1,Oaxaca
2020-04-06,4,6,0,49,40,1,Oaxaca
2020-04-07,0,0,0,49,40,1,Oaxaca
2020-04-08,2,4,0,51,44,1,Oaxaca
2020-04-09,5,0,1,56,44,2,Oaxaca
2020-04-10,7,2,0,63,46,2,Oaxaca
2020-04-11,0,1,1,63,47,3,Oaxaca
2020-04-12,3,2,0,66,49,3,Oaxaca
2020-04-13,0,5,0,66,54,3,Oaxaca
2020-04-14,7,4,1,73,58,4,Oaxaca
2020-04-15,6,4,0,79,62,4,Oaxaca
2020-04-16,1,4,1,80,66,5,Oaxaca
2020-04-17,0,7,1,80,73,6,Oaxaca
2020-04-18,0,2,0,80,75,6,Oaxaca
2020-04-19,1,1,0,81,76,6,Oaxaca
2020-04-20,0,4,1,81,80,7,Oaxaca
2020-04-21,0,1,1,81,81,8,Oaxaca
2020-04-22,0,0,0,81,81,8,Oaxaca
2020-03-05,2,0,0,2,0,0,Puebla
2020-03-06,0,0,0,2,0,0,Puebla
2020-03-07,0,0,0,2,0,0,Puebla
2020-03-08,2,0,0,4,0,0,Puebla
2020-03-09,4,0,0,8,0,0,Puebla
2020-03-10,3,0,0,11,0,0,Puebla
2020-03-11,2,1,0,13,1,0,Puebla
2020-03-12,1,1,0,14,2,0,Puebla
2020-03-13,4,4,0,18,6,0,Puebla
2020-03-14,4,2,0,22,8,0,Puebla
2020-03-15,3,3,0,25,11,0,Puebla
2020-03-16,11,2,0,36,13,0,Puebla
2020-03-17,4,3,0,40,16,0,Puebla
2020-03-18,6,3,0,46,19,0,Puebla
2020-03-19,1,5,0,47,24,0,Puebla
2020-03-20,9,5,0,56,29,0,Puebla
2020-03-21,9,4,0,65,33,0,Puebla
2020-03-22,9,1,0,74,34,0,Puebla
2020-03-23,15,8,0,89,42,0,Puebla
2020-03-24,7,14,0,96,56,0,Puebla
2020-03-25,4,6,0,100,62,0,Puebla
2020-03-26,6,14,0,106,76,0,Puebla
2020-03-27,13,8,1,119,84,1,Puebla
2020-03-28,24,12,1,143,96,2,Puebla
2020-03-29,24,4,0,167,100,2,Puebla
2020-03-30,17,13,0,184,113,2,Puebla
2020-03-31,9,21,1,193,134,3,Puebla
2020-04-01,16,13,1,209,147,4,Puebla
2020-04-02,23,17,1,232,164,5,Puebla
2020-04-03,17,14,1,249,178,6,Puebla
2020-04-04,12,10,3,261,188,9,Puebla
2020-04-05,12,6,3,273,194,12,Puebla
2020-04-06,17,22,4,290,216,16,Puebla
2020-04-07,6,12,7,296,228,23,Puebla
2020-04-08,5,19,1,301,247,24,Puebla
2020-04-09,8,11,1,309,258,25,Puebla
2020-04-10,13,8,4,322,266,29,Puebla
2020-04-11,11,14,5,333,280,34,Puebla
2020-04-12,12,4,2,345,284,36,Puebla
2020-04-13,15,20,2,360,304,38,Puebla
2020-04-14,7,10,4,367,314,42,Puebla
2020-04-15,7,20,1,374,334,43,Puebla
2020-04-16,8,9,3,382,343,46,Puebla
2020-04-17,4,13,2,386,356,48,Puebla
2020-04-18,2,15,5,388,371,53,Puebla
2020-04-19,0,4,3,388,375,56,Puebla
2020-04-20,0,13,2,388,388,58,Puebla
2020-04-21,0,0,0,388,388,58,Puebla
2020-04-22,0,0,0,388,388,58,Puebla
2020-03-05,1,0,0,1,0,0,Querétaro
2020-03-06,0,0,0,1,0,0,Querétaro
2020-03-07,0,0,0,1,0,0,Querétaro
2020-03-08,1,0,0,2,0,0,Querétaro
2020-03-09,1,0,0,3,0,0,Querétaro
2020-03-10,4,2,0,7,2,0,Querétaro
2020-03-11,1,1,0,8,3,0,Querétaro
2020-03-12,0,1,0,8,4,0,Querétaro
2020-03-13,1,2,0,9,6,0,Querétaro
2020-03-14,1,1,0,10,7,0,Querétaro
2020-03-15,1,0,0,11,7,0,Querétaro
2020-03-16,3,0,0,14,7,0,Querétaro
2020-03-17,3,2,0,17,9,0,Querétaro
2020-03-18,2,2,0,19,11,0,Querétaro
2020-03-19,0,3,0,19,14,0,Querétaro
2020-03-20,3,0,0,22,14,0,Querétaro
2020-03-21,2,1,0,24,15,0,Querétaro
2020-03-22,2,0,0,26,15,0,Querétaro
2020-03-23,2,3,0,28,18,0,Querétaro
2020-03-24,0,4,0,28,22,0,Querétaro
2020-03-25,3,2,0,31,24,0,Querétaro
2020-03-26,3,1,0,34,25,0,Querétaro
2020-03-27,2,3,0,36,28,0,Querétaro
2020-03-28,2,0,1,38,28,1,Querétaro
2020-03-29,1,1,0,39,29,1,Querétaro
2020-03-30,1,1,0,40,30,1,Querétaro
2020-03-31,1,4,0,41,34,1,Querétaro
2020-04-01,4,4,0,45,38,1,Querétaro
2020-04-02,2,1,1,47,39,2,Querétaro
2020-04-03,4,4,0,51,43,2,Querétaro
2020-04-04,3,1,0,54,44,2,Querétaro
2020-04-05,2,0,0,56,44,2,Querétaro
2020-04-06,3,4,0,59,48,2,Querétaro
2020-04-07,3,4,0,62,52,2,Querétaro
2020-04-08,1,3,0,63,55,2,Querétaro
2020-04-09,2,3,0,65,58,2,Querétaro
2020-04-10,4,2,1,69,60,3,Querétaro
2020-04-11,5,2,1,74,62,4,Querétaro
2020-04-12,6,1,0,80,63,4,Querétaro
2020-04-13,1,6,0,81,69,4,Querétaro
2020-04-14,2,7,1,83,76,5,Querétaro
2020-04-15,5,2,1,88,78,6,Querétaro
2020-04-16,1,5,0,89,83,6,Querétaro
2020-04-17,0,3,0,89,86,6,Querétaro
2020-04-18,1,1,0,90,87,6,Querétaro
2020-04-19,0,1,0,90,88,6,Querétaro
2020-04-20,0,2,0,90,90,6,Querétaro
2020-04-21,0,0,1,90,90,7,Querétaro
2020-04-22,0,0,0,90,90,7,Querétaro
2020-03-01,1,0,0,1,0,0,Quintana Roo
2020-03-02,0,0,0,1,0,0,Quintana Roo
2020-03-03,0,0,0,1,0,0,Quintana Roo
2020-03-04,0,0,0,1,0,0,Quintana Roo
2020-03-05,0,0,0,1,0,0,Quintana Roo
2020-03-06,0,0,0,1,0,0,Quintana Roo
2020-03-07,0,0,0,1,0,0,Quintana Roo
2020-03-08,1,0,0,2,0,0,Quintana Roo
2020-03-09,1,0,0,3,0,0,Quintana Roo
2020-03-10,2,0,0,5,0,0,Quintana Roo
2020-03-11,3,2,0,8,2,0,Quintana Roo
2020-03-12,1,1,0,9,3,0,Quintana Roo
2020-03-13,3,0,0,12,3,0,Quintana Roo
2020-03-14,4,4,0,16,7,0,Quintana Roo
2020-03-15,6,0,0,22,7,0,Quintana Roo
2020-03-16,2,3,0,24,10,0,Quintana Roo
2020-03-17,3,4,0,27,14,0,Quintana Roo
2020-03-18,7,2,0,34,16,0,Quintana Roo
2020-03-19,4,5,0,38,21,0,Quintana Roo
2020-03-20,8,0,0,46,21,0,Quintana Roo
2020-03-21,9,3,0,55,24,0,Quintana Roo
2020-03-22,6,4,0,61,28,0,Quintana Roo
2020-03-23,10,4,0,71,32,0,Quintana Roo
2020-03-24,6,9,0,77,41,0,Quintana Roo
2020-03-25,13,11,0,90,52,0,Quintana Roo
2020-03-26,6,9,1,96,61,1,Quintana Roo
2020-03-27,20,7,1,116,68,2,Quintana Roo
2020-03-28,15,7,1,131,75,3,Quintana Roo
2020-03-29,17,3,0,148,78,3,Quintana Roo
2020-03-30,17,22,0,165,100,3,Quintana Roo
2020-03-31,13,14,2,178,114,5,Quintana Roo
2020-04-01,19,22,1,197,136,6,Quintana Roo
2020-04-02,15,12,2,212,148,8,Quintana Roo
2020-04-03,18,13,2,230,161,10,Quintana Roo
2020-04-04,13,8,1,243,169,11,Quintana Roo
2020-04-05,25,9,1,268,178,12,Quintana Roo
2020-04-06,23,30,2,291,208,14,Quintana Roo
2020-04-07,13,18,2,304,226,16,Quintana Roo
2020-04-08,17,25,3,321,251,19,Quintana Roo
2020-04-09,18,9,4,339,260,23,Quintana Roo
2020-04-10,17,21,2,356,281,25,Quintana Roo
2020-04-11,17,15,2,373,296,27,Quintana Roo
2020-04-12,16,18,4,389,314,31,Quintana Roo
2020-04-13,10,18,5,399,332,36,Quintana Roo
2020-04-14,9,14,3,408,346,39,Quintana Roo
2020-04-15,8,17,0,416,363,39,Quintana Roo
2020-04-16,9,24,1,425,387,40,Quintana Roo
2020-04-17,3,21,3,428,408,43,Quintana Roo
2020-04-18,3,12,3,431,420,46,Quintana Roo
2020-04-19,1,6,3,432,426,49,Quintana Roo
2020-04-20,0,6,5,432,432,54,Quintana Roo
2020-04-21,0,0,2,432,432,56,Quintana Roo
2020-04-22,0,0,0,432,432,56,Quintana Roo
2020-03-07,1,0,0,1,0,0,San Luis Potosí
2020-03-08,0,0,0,1,0,0,San Luis Potosí
2020-03-09,1,0,0,2,0,0,San Luis Potosí
2020-03-10,0,0,0,2,0,0,San Luis Potosí
2020-03-11,1,0,0,3,0,0,San Luis Potosí
2020-03-12,1,0,0,4,0,0,San Luis Potosí
2020-03-13,0,2,0,4,2,0,San Luis Potosí
2020-03-14,1,0,0,5,2,0,San Luis Potosí
2020-03-15,4,0,0,9,2,0,San Luis Potosí
2020-03-16,2,1,0,11,3,0,San Luis Potosí
2020-03-17,1,5,0,12,8,0,San Luis Potosí
2020-03-18,4,1,0,16,9,0,San Luis Potosí
2020-03-19,2,3,0,18,12,0,San Luis Potosí
2020-03-20,1,3,0,19,15,0,San Luis Potosí
2020-03-21,2,4,0,21,19,0,San Luis Potosí
2020-03-22,3,1,0,24,20,0,San Luis Potosí
2020-03-23,0,2,0,24,22,0,San Luis Potosí
2020-03-24,5,0,1,29,22,1,San Luis Potosí
2020-03-25,3,0,1,32,22,2,San Luis Potosí
2020-03-26,1,1,0,33,23,2,San Luis Potosí
2020-03-27,3,6,0,36,29,2,San Luis Potosí
2020-03-28,1,0,0,37,29,2,San Luis Potosí
2020-03-29,2,6,0,39,35,2,San Luis Potosí
2020-03-30,1,3,1,40,38,3,San Luis Potosí
2020-03-31,4,2,0,44,40,3,San Luis Potosí
2020-04-01,2,0,0,46,40,3,San Luis Potosí
2020-04-02,3,0,0,49,40,3,San Luis Potosí
2020-04-03,4,0,0,53,40,3,San Luis Potosí
2020-04-04,3,3,0,56,43,3,San Luis Potosí
2020-04-05,0,1,0,56,44,3,San Luis Potosí
2020-04-06,1,2,1,57,46,4,San Luis Potosí
2020-04-07,0,4,0,57,50,4,San Luis Potosí
2020-04-08,1,1,0,58,51,4,San Luis Potosí
2020-04-09,1,4,0,59,55,4,San Luis Potosí
2020-04-10,2,1,0,61,56,4,San Luis Potosí
2020-04-11,0,2,0,61,58,4,San Luis Potosí
2020-04-12,1,0,0,62,58,4,San Luis Potosí
2020-04-13,2,1,0,64,59,4,San Luis Potosí
2020-04-14,2,0,0,66,59,4,San Luis Potosí
2020-04-15,1,2,0,67,61,4,San Luis Potosí
2020-04-16,0,2,0,67,63,4,San Luis Potosí
2020-04-17,0,4,0,67,67,4,San Luis Potosí
2020-04-18,0,0,1,67,67,5,San Luis Potosí
2020-04-19,0,0,0,67,67,5,San Luis Potosí
2020-04-20,0,0,0,67,67,5,San Luis Potosí
2020-04-21,0,0,0,67,67,5,San Luis Potosí
2020-04-22,0,0,0,67,67,5,San Luis Potosí
2020-03-01,1,0,0,1,0,0,Sinaloa
2020-03-02,0,0,0,1,0,0,Sinaloa
2020-03-03,0,0,0,1,0,0,Sinaloa
2020-03-04,0,0,0,1,0,0,Sinaloa
2020-03-05,0,0,0,1,0,0,Sinaloa
2020-03-06,0,0,0,1,0,0,Sinaloa
2020-03-07,0,0,0,1,0,0,Sinaloa
2020-03-08,0,0,0,1,0,0,Sinaloa
2020-03-09,1,0,0,2,0,0,Sinaloa
2020-03-10,0,0,0,2,0,0,Sinaloa
2020-03-11,0,0,0,2,0,0,Sinaloa
2020-03-12,1,0,0,3,0,0,Sinaloa
2020-03-13,0,1,0,3,1,0,Sinaloa
2020-03-14,2,0,0,5,1,0,Sinaloa
2020-03-15,2,0,0,7,1,0,Sinaloa
2020-03-16,3,1,0,10,2,0,Sinaloa
2020-03-17,2,1,0,12,3,0,Sinaloa
2020-03-18,1,0,0,13,3,0,Sinaloa
2020-03-19,3,1,0,16,4,0,Sinaloa
2020-03-20,5,1,0,21,5,0,Sinaloa
2020-03-21,6,0,0,27,5,0,Sinaloa
2020-03-22,6,1,0,33,6,0,Sinaloa
2020-03-23,16,2,0,49,8,0,Sinaloa
2020-03-24,12,5,0,61,13,0,Sinaloa
2020-03-25,9,7,0,70,20,0,Sinaloa
2020-03-26,11,9,1,81,29,1,Sinaloa
2020-03-27,13,9,0,94,38,1,Sinaloa
2020-03-28,10,5,1,104,43,2,Sinaloa
2020-03-29,15,6,1,119,49,3,Sinaloa
2020-03-30,16,11,0,135,60,3,Sinaloa
2020-03-31,24,15,1,159,75,4,Sinaloa
2020-04-01,18,14,2,177,89,6,Sinaloa
2020-04-02,22,28,3,199,117,9,Sinaloa
2020-04-03,27,9,2,226,126,11,Sinaloa
2020-04-04,24,10,2,250,136,13,Sinaloa
2020-04-05,21,15,0,271,151,13,Sinaloa
2020-04-06,29,28,1,300,179,14,Sinaloa
2020-04-07,27,20,2,327,199,16,Sinaloa
2020-04-08,35,30,2,362,229,18,Sinaloa
2020-04-09,28,10,5,390,239,23,Sinaloa
2020-04-10,41,32,6,431,271,29,Sinaloa
2020-04-11,29,22,4,460,293,33,Sinaloa
2020-04-12,26,20,3,486,313,36,Sinaloa
2020-04-13,22,40,4,508,353,40,Sinaloa
2020-04-14,20,42,4,528,395,44,Sinaloa
2020-04-15,14,48,3,542,443,47,Sinaloa
2020-04-16,8,40,0,550,483,47,Sinaloa
2020-04-17,8,29,2,558,512,49,Sinaloa
2020-04-18,4,18,0,562,530,49,Sinaloa
2020-04-19,6,24,3,568,554,52,Sinaloa
2020-04-20,0,14,5,568,568,57,Sinaloa
2020-04-21,0,0,2,568,568,59,Sinaloa
2020-04-22,0,0,0,568,568,59,Sinaloa
2020-03-11,2,0,0,2,0,0,Sonora
2020-03-12,2,0,0,4,0,0,Sonora
2020-03-13,0,0,0,4,0,0,Sonora
2020-03-14,0,0,0,4,0,0,Sonora
2020-03-15,1,1,0,5,1,0,Sonora
2020-03-16,2,0,0,7,1,0,Sonora
2020-03-17,3,2,0,10,3,0,Sonora
2020-03-18,1,1,0,11,4,0,Sonora
2020-03-19,2,0,0,13,4,0,Sonora
2020-03-20,2,1,0,15,5,0,Sonora
2020-03-21,0,1,0,15,6,0,Sonora
2020-03-22,2,0,0,17,6,0,Sonora
2020-03-23,1,2,0,18,8,0,Sonora
2020-03-24,2,3,0,20,11,0,Sonora
2020-03-25,1,3,0,21,14,0,Sonora
2020-03-26,4,0,0,25,14,0,Sonora
2020-03-27,4,4,0,29,18,0,Sonora
2020-03-28,5,3,0,34,21,0,Sonora
2020-03-29,0,0,0,34,21,0,Sonora
2020-03-30,1,1,1,35,22,1,Sonora
2020-03-31,4,5,0,39,27,1,Sonora
2020-04-01,11,1,0,50,28,1,Sonora
2020-04-02,2,2,0,52,30,1,Sonora
2020-04-03,5,1,0,57,31,1,Sonora
2020-04-04,8,6,0,65,37,1,Sonora
2020-04-05,6,2,2,71,39,3,Sonora
2020-04-06,16,11,1,87,50,4,Sonora
2020-04-07,5,9,1,92,59,5,Sonora
2020-04-08,7,10,1,99,69,6,Sonora
2020-04-09,7,4,1,106,73,7,Sonora
2020-04-10,11,5,0,117,78,7,Sonora
2020-04-11,4,5,1,121,83,8,Sonora
2020-04-12,3,3,3,124,86,11,Sonora
2020-04-13,3,14,0,127,100,11,Sonora
2020-04-14,3,6,0,130,106,11,Sonora
2020-04-15,1,10,1,131,116,12,Sonora
2020-04-16,1,6,0,132,122,12,Sonora
2020-04-17,0,3,1,132,125,13,Sonora
2020-04-18,0,7,0,132,132,13,Sonora
2020-04-19,0,0,0,132,132,13,Sonora
2020-04-20,0,0,1,132,132,14,Sonora
2020-04-21,0,0,0,132,132,14,Sonora
2020-04-22,0,0,0,132,132,14,Sonora
2020-01-08,1,1,0,1,1,0,Tabasco
2020-01-09,0,0,0,1,1,0,Tabasco
2020-01-10,0,0,0,1,1,0,Tabasco
2020-01-11,0,0,0,1,1,0,Tabasco
2020-01-12,0,0,0,1,1,0,Tabasco
2020-01-13,0,0,0,1,1,0,Tabasco
2020-01-14,0,0,0,1,1,0,Tabasco
2020-01-15,0,0,0,1,1,0,Tabasco
2020-01-16,0,0,0,1,1,0,Tabasco
2020-01-17,0,0,0,1,1,0,Tabasco
2020-01-18,0,0,0,1,1,0,Tabasco
2020-01-19,0,0,0,1,1,0,Tabasco
2020-01-20,0,0,0,1,1,0,Tabasco
2020-01-21,0,0,0,1,1,0,Tabasco
2020-01-22,0,0,0,1,1,0,Tabasco
2020-01-23,0,0,0,1,1,0,Tabasco
2020-01-24,0,0,0,1,1,0,Tabasco
2020-01-25,0,0,0,1,1,0,Tabasco
2020-01-26,0,0,0,1,1,0,Tabasco
2020-01-27,0,0,0,1,1,0,Tabasco
2020-01-28,0,0,0,1,1,0,Tabasco
2020-01-29,0,0,0,1,1,0,Tabasco
2020-01-30,0,0,0,1,1,0,Tabasco
2020-01-31,0,0,0,1,1,0,Tabasco
2020-02-01,0,0,0,1,1,0,Tabasco
2020-02-02,0,0,0,1,1,0,Tabasco
2020-02-03,0,0,0,1,1,0,Tabasco
2020-02-04,0,0,0,1,1,0,Tabasco
2020-02-05,0,0,0,1,1,0,Tabasco
2020-02-06,0,0,0,1,1,0,Tabasco
2020-02-07,0,0,0,1,1,0,Tabasco
2020-02-08,0,0,0,1,1,0,Tabasco
2020-02-09,0,0,0,1,1,0,Tabasco
2020-02-10,0,0,0,1,1,0,Tabasco
2020-02-11,0,0,0,1,1,0,Tabasco
2020-02-12,0,0,0,1,1,0,Tabasco
2020-02-13,0,0,0,1,1,0,Tabasco
2020-02-14,0,0,0,1,1,0,Tabasco
2020-02-15,0,0,0,1,1,0,Tabasco
2020-02-16,0,0,0,1,1,0,Tabasco
2020-02-17,0,0,0,1,1,0,Tabasco
2020-02-18,0,0,0,1,1,0,Tabasco
2020-02-19,0,0,0,1,1,0,Tabasco
2020-02-20,0,0,0,1,1,0,Tabasco
2020-02-21,0,0,0,1,1,0,Tabasco
2020-02-22,0,0,0,1,1,0,Tabasco
2020-02-23,0,0,0,1,1,0,Tabasco
2020-02-24,0,0,0,1,1,0,Tabasco
2020-02-25,0,0,0,1,1,0,Tabasco
2020-02-26,0,0,0,1,1,0,Tabasco
2020-02-27,0,0,0,1,1,0,Tabasco
2020-02-28,0,0,0,1,1,0,Tabasco
2020-02-29,0,0,0,1,1,0,Tabasco
2020-03-01,0,0,0,1,1,0,Tabasco
2020-03-02,0,0,0,1,1,0,Tabasco
2020-03-03,0,0,0,1,1,0,Tabasco
2020-03-04,0,0,0,1,1,0,Tabasco
2020-03-05,0,0,0,1,1,0,Tabasco
2020-03-06,0,0,0,1,1,0,Tabasco
2020-03-07,0,0,0,1,1,0,Tabasco
2020-03-08,0,0,0,1,1,0,Tabasco
2020-03-09,3,0,0,4,1,0,Tabasco
2020-03-10,2,0,0,6,1,0,Tabasco
2020-03-11,0,0,0,6,1,0,Tabasco
2020-03-12,0,0,0,6,1,0,Tabasco
2020-03-13,2,0,0,8,1,0,Tabasco
2020-03-14,2,0,0,10,1,0,Tabasco
2020-03-15,1,0,0,11,1,0,Tabasco
2020-03-16,3,0,0,14,1,0,Tabasco
2020-03-17,2,1,0,16,2,0,Tabasco
2020-03-18,5,2,0,21,4,0,Tabasco
2020-03-19,8,2,0,29,6,0,Tabasco
2020-03-20,4,2,0,33,8,0,Tabasco
2020-03-21,5,0,0,38,8,0,Tabasco
2020-03-22,3,0,0,41,8,0,Tabasco
2020-03-23,7,3,0,48,11,0,Tabasco
2020-03-24,6,10,0,54,21,0,Tabasco
2020-03-25,11,3,0,65,24,0,Tabasco
2020-03-26,6,5,0,71,29,0,Tabasco
2020-03-27,7,10,0,78,39,0,Tabasco
2020-03-28,15,1,0,93,40,0,Tabasco
2020-03-29,12,9,0,105,49,0,Tabasco
2020-03-30,10,9,0,115,58,0,Tabasco
2020-03-31,9,11,1,124,69,1,Tabasco
2020-04-01,11,9,3,135,78,4,Tabasco
2020-04-02,17,14,0,152,92,4,Tabasco
2020-04-03,12,19,1,164,111,5,Tabasco
2020-04-04,24,3,0,188,114,5,Tabasco
2020-04-05,15,8,3,203,122,8,Tabasco
2020-04-06,28,6,3,231,128,11,Tabasco
2020-04-07,27,12,0,258,140,11,Tabasco
2020-04-08,26,16,1,284,156,12,Tabasco
2020-04-09,35,8,1,319,164,13,Tabasco
2020-04-10,37,13,0,356,177,13,Tabasco
2020-04-11,19,18,1,375,195,14,Tabasco
2020-04-12,25,27,2,400,222,16,Tabasco
2020-04-13,31,29,4,431,251,20,Tabasco
2020-04-14,28,45,5,459,296,25,Tabasco
2020-04-15,20,33,3,479,329,28,Tabasco
2020-04-16,8,30,2,487,359,30,Tabasco
2020-04-17,11,37,10,498,396,40,Tabasco
2020-04-18,4,40,9,502,436,49,Tabasco
2020-04-19,7,32,7,509,468,56,Tabasco
2020-04-20,1,34,4,510,502,60,Tabasco
2020-04-21,0,8,1,510,510,61,Tabasco
2020-04-22,0,0,0,510,510,61,Tabasco
2020-03-13,1,0,0,1,0,0,Tamaulipas
2020-03-14,2,0,0,3,0,0,Tamaulipas
2020-03-15,0,1,0,3,1,0,Tamaulipas
2020-03-16,3,1,0,6,2,0,Tamaulipas
2020-03-17,0,0,0,6,2,0,Tamaulipas
2020-03-18,0,0,0,6,2,0,Tamaulipas
2020-03-19,0,1,0,6,3,0,Tamaulipas
2020-03-20,3,1,0,9,4,0,Tamaulipas
2020-03-21,2,0,0,11,4,0,Tamaulipas
2020-03-22,1,2,0,12,6,0,Tamaulipas
2020-03-23,1,1,0,13,7,0,Tamaulipas
2020-03-24,1,1,0,14,8,0,Tamaulipas
2020-03-25,2,0,0,16,8,0,Tamaulipas
2020-03-26,4,0,0,20,8,0,Tamaulipas
2020-03-27,3,1,0,23,9,0,Tamaulipas
2020-03-28,1,1,0,24,10,0,Tamaulipas
2020-03-29,0,3,0,24,13,0,Tamaulipas
2020-03-30,7,4,0,31,17,0,Tamaulipas
2020-03-31,4,4,0,35,21,0,Tamaulipas
2020-04-01,5,6,0,40,27,0,Tamaulipas
2020-04-02,4,1,0,44,28,0,Tamaulipas
2020-04-03,1,4,1,45,32,1,Tamaulipas
2020-04-04,8,2,1,53,34,2,Tamaulipas
2020-04-05,3,1,0,56,35,2,Tamaulipas
2020-04-06,3,8,1,59,43,3,Tamaulipas
2020-04-07,5,4,0,64,47,3,Tamaulipas
2020-04-08,3,3,0,67,50,3,Tamaulipas
2020-04-09,3,2,0,70,52,3,Tamaulipas
2020-04-10,5,3,0,75,55,3,Tamaulipas
2020-04-11,6,2,0,81,57,3,Tamaulipas
2020-04-12,8,7,0,89,64,3,Tamaulipas
2020-04-13,20,5,0,109,69,3,Tamaulipas
2020-04-14,8,15,1,117,84,4,Tamaulipas
2020-04-15,7,14,1,124,98,5,Tamaulipas
2020-04-16,14,20,0,138,118,5,Tamaulipas
2020-04-17,12,14,1,150,132,6,Tamaulipas
2020-04-18,9,7,0,159,139,6,Tamaulipas
2020-04-19,3,5,0,162,144,6,Tamaulipas
2020-04-20,1,13,2,163,157,8,Tamaulipas
2020-04-21,2,8,0,165,165,8,Tamaulipas
2020-04-22,0,0,0,165,165,8,Tamaulipas
2020-03-16,2,0,0,2,0,0,Tlaxcala
2020-03-17,0,0,0,2,0,0,Tlaxcala
2020-03-18,0,0,0,2,0,0,Tlaxcala
2020-03-19,0,0,0,2,0,0,Tlaxcala
2020-03-20,0,0,0,2,0,0,Tlaxcala
2020-03-21,0,0,0,2,0,0,Tlaxcala
2020-03-22,1,0,0,3,0,0,Tlaxcala
2020-03-23,1,1,0,4,1,0,Tlaxcala
2020-03-24,2,2,0,6,3,0,Tlaxcala
2020-03-25,2,0,0,8,3,0,Tlaxcala
2020-03-26,0,0,0,8,3,0,Tlaxcala
2020-03-27,1,1,0,9,4,0,Tlaxcala
2020-03-28,9,2,0,18,6,0,Tlaxcala
2020-03-29,2,0,0,20,6,0,Tlaxcala
2020-03-30,4,1,0,24,7,0,Tlaxcala
2020-03-31,3,0,0,27,7,0,Tlaxcala
2020-04-01,5,4,0,32,11,0,Tlaxcala
2020-04-02,5,1,0,37,12,0,Tlaxcala
2020-04-03,4,0,0,41,12,0,Tlaxcala
2020-04-04,8,2,0,49,14,0,Tlaxcala
2020-04-05,1,6,0,50,20,0,Tlaxcala
2020-04-06,2,8,0,52,28,0,Tlaxcala
2020-04-07,4,7,0,56,35,0,Tlaxcala
2020-04-08,7,6,1,63,41,1,Tlaxcala
2020-04-09,1,1,0,64,42,1,Tlaxcala
2020-04-10,9,5,0,73,47,1,Tlaxcala
2020-04-11,1,6,0,74,53,1,Tlaxcala
2020-04-12,0,1,3,74,54,4,Tlaxcala
2020-04-13,2,5,0,76,59,4,Tlaxcala
2020-04-14,6,6,1,82,65,5,Tlaxcala
2020-04-15,4,4,0,86,69,5,Tlaxcala
2020-04-16,2,4,0,88,73,5,Tlaxcala
2020-04-17,3,3,1,91,76,6,Tlaxcala
2020-04-18,1,3,0,92,79,6,Tlaxcala
2020-04-19,0,7,2,92,86,8,Tlaxcala
2020-04-20,0,5,0,92,91,8,Tlaxcala
2020-04-21,0,1,1,92,92,9,Tlaxcala
2020-04-22,0,0,0,92,92,9,Tlaxcala
2020-03-03,1,0,0,1,0,0,Veracruz
2020-03-04,0,0,0,1,0,0,Veracruz
2020-03-05,0,0,0,1,0,0,Veracruz
2020-03-06,0,0,0,1,0,0,Veracruz
2020-03-07,0,0,0,1,0,0,Veracruz
2020-03-08,0,0,0,1,0,0,Veracruz
2020-03-09,0,0,0,1,0,0,Veracruz
2020-03-10,0,0,0,1,0,0,Veracruz
2020-03-11,0,0,0,1,0,0,Veracruz
2020-03-12,4,0,0,5,0,0,Veracruz
2020-03-13,0,0,0,5,0,0,Veracruz
2020-03-14,3,0,0,8,0,0,Veracruz
2020-03-15,2,2,0,10,2,0,Veracruz
2020-03-16,2,0,0,12,2,0,Veracruz
2020-03-17,2,0,0,14,2,0,Veracruz
2020-03-18,4,7,0,18,9,0,Veracruz
2020-03-19,2,5,0,20,14,0,Veracruz
2020-03-20,7,1,0,27,15,0,Veracruz
2020-03-21,1,1,0,28,16,0,Veracruz
2020-03-22,1,0,0,29,16,0,Veracruz
2020-03-23,5,4,0,34,20,0,Veracruz
2020-03-24,0,2,0,34,22,0,Veracruz
2020-03-25,3,2,0,37,24,0,Veracruz
2020-03-26,3,4,0,40,28,0,Veracruz
2020-03-27,5,1,0,45,29,0,Veracruz
2020-03-28,1,1,1,46,30,1,Veracruz
2020-03-29,4,1,0,50,31,1,Veracruz
2020-03-30,4,2,0,54,33,1,Veracruz
2020-03-31,4,2,0,58,35,1,Veracruz
2020-04-01,4,7,1,62,42,2,Veracruz
2020-04-02,11,5,0,73,47,2,Veracruz
2020-04-03,6,7,1,79,54,3,Veracruz
2020-04-04,4,2,0,83,56,3,Veracruz
2020-04-05,7,2,0,90,58,3,Veracruz
2020-04-06,12,5,0,102,63,3,Veracruz
2020-04-07,11,11,0,113,74,3,Veracruz
2020-04-08,14,4,0,127,78,3,Veracruz
2020-04-09,12,10,1,139,88,4,Veracruz
2020-04-10,13,8,0,152,96,4,Veracruz
2020-04-11,13,12,0,165,108,4,Veracruz
2020-04-12,14,9,3,179,117,7,Veracruz
2020-04-13,15,12,1,194,129,8,Veracruz
2020-04-14,5,13,0,199,142,8,Veracruz
2020-04-15,5,14,0,204,156,8,Veracruz
2020-04-16,4,15,1,208,171,9,Veracruz
2020-04-17,0,8,1,208,179,10,Veracruz
2020-04-18,1,12,2,209,191,12,Veracruz
2020-04-19,3,14,4,212,205,16,Veracruz
2020-04-20,0,6,2,212,211,18,Veracruz
2020-04-21,0,1,1,212,212,19,Veracruz
2020-04-22,0,0,0,212,212,19,Veracruz
2020-02-19,1,0,0,1,0,0,Yucatán
2020-02-20,0,0,0,1,0,0,Yucatán
2020-02-21,0,0,0,1,0,0,Yucatán
2020-02-22,0,0,0,1,0,0,Yucatán
2020-02-23,0,0,0,1,0,0,Yucatán
2020-02-24,0,0,0,1,0,0,Yucatán
2020-02-25,0,0,0,1,0,0,Yucatán
2020-02-26,0,0,0,1,0,0,Yucatán
2020-02-27,0,0,0,1,0,0,Yucatán
2020-02-28,0,0,0,1,0,0,Yucatán
2020-02-29,0,0,0,1,0,0,Yucatán
2020-03-01,0,0,0,1,0,0,Yucatán
2020-03-02,0,0,0,1,0,0,Yucatán
2020-03-03,0,0,0,1,0,0,Yucatán
2020-03-04,0,0,0,1,0,0,Yucatán
2020-03-05,0,0,0,1,0,0,Yucatán
2020-03-06,0,0,0,1,0,0,Yucatán
2020-03-07,1,0,0,2,0,0,Yucatán
2020-03-08,3,0,0,5,0,0,Yucatán
2020-03-09,1,0,0,6,0,0,Yucatán
2020-03-10,3,0,0,9,0,0,Yucatán
2020-03-11,3,0,0,12,0,0,Yucatán
2020-03-12,1,1,0,13,1,0,Yucatán
2020-03-13,5,0,0,18,1,0,Yucatán
2020-03-14,3,0,0,21,1,0,Yucatán
2020-03-15,1,4,0,22,5,0,Yucatán
2020-03-16,2,2,0,24,7,0,Yucatán
2020-03-17,7,6,0,31,13,0,Yucatán
2020-03-18,5,0,0,36,13,0,Yucatán
2020-03-19,7,2,0,43,15,0,Yucatán
2020-03-20,3,6,0,46,21,0,Yucatán
2020-03-21,4,0,0,50,21,0,Yucatán
2020-03-22,4,8,0,54,29,0,Yucatán
2020-03-23,3,5,0,57,34,0,Yucatán
2020-03-24,2,8,0,59,42,0,Yucatán
2020-03-25,0,3,0,59,45,0,Yucatán
2020-03-26,2,0,0,61,45,0,Yucatán
2020-03-27,4,3,0,65,48,0,Yucatán
2020-03-28,3,4,0,68,52,0,Yucatán
2020-03-29,6,2,0,74,54,0,Yucatán
2020-03-30,4,7,0,78,61,0,Yucatán
2020-03-31,5,1,0,83,62,0,Yucatán
2020-04-01,5,7,0,88,69,0,Yucatán
2020-04-02,5,2,0,93,71,0,Yucatán
2020-04-03,10,6,2,103,77,2,Yucatán
2020-04-04,5,1,0,108,78,2,Yucatán
2020-04-05,3,5,0,111,83,2,Yucatán
2020-04-06,10,10,1,121,93,3,Yucatán
2020-04-07,9,8,2,130,101,5,Yucatán
2020-04-08,11,5,0,141,106,5,Yucatán
2020-04-09,2,9,0,143,115,5,Yucatán
2020-04-10,4,3,2,147,118,7,Yucatán
2020-04-11,13,7,0,160,125,7,Yucatán
2020-04-12,16,5,0,176,130,7,Yucatán
2020-04-13,11,14,0,187,144,7,Yucatán
2020-04-14,4,16,0,191,160,7,Yucatán
2020-04-15,8,23,3,199,183,10,Yucatán
2020-04-16,2,9,1,201,192,11,Yucatán
2020-04-17,2,8,1,203,200,12,Yucatán
2020-04-18,1,3,0,204,203,12,Yucatán
2020-04-19,0,0,0,204,203,12,Yucatán
2020-04-20,0,1,0,204,204,12,Yucatán
2020-04-21,0,0,3,204,204,15,Yucatán
2020-04-22,0,0,0,204,204,15,Yucatán
2020-03-09,1,0,0,1,0,0,Zacatecas
2020-03-10,0,0,0,1,0,0,Zacatecas
2020-03-11,0,0,0,1,0,0,Zacatecas
2020-03-12,1,0,0,2,0,0,Zacatecas
2020-03-13,0,0,0,2,0,0,Zacatecas
2020-03-14,0,0,0,2,0,0,Zacatecas
2020-03-15,0,0,0,2,0,0,Zacatecas
2020-03-16,1,1,0,3,1,0,Zacatecas
2020-03-17,0,0,0,3,1,0,Zacatecas
2020-03-18,1,0,0,4,1,0,Zacatecas
2020-03-19,2,0,0,6,1,0,Zacatecas
2020-03-20,0,1,0,6,2,0,Zacatecas
2020-03-21,2,1,0,8,3,0,Zacatecas
2020-03-22,1,1,0,9,4,0,Zacatecas
2020-03-23,0,0,0,9,4,0,Zacatecas
2020-03-24,0,1,0,9,5,0,Zacatecas
2020-03-25,0,0,0,9,5,0,Zacatecas
2020-03-26,0,0,0,9,5,0,Zacatecas
2020-03-27,0,2,0,9,7,0,Zacatecas
2020-03-28,0,1,0,9,8,0,Zacatecas
2020-03-29,0,0,0,9,8,0,Zacatecas
2020-03-30,0,0,0,9,8,0,Zacatecas
2020-03-31,2,0,1,11,8,1,Zacatecas
2020-04-01,0,0,0,11,8,1,Zacatecas
2020-04-02,2,1,0,13,9,1,Zacatecas
2020-04-03,2,0,0,15,9,1,Zacatecas
2020-04-04,0,1,1,15,10,2,Zacatecas
2020-04-05,0,1,0,15,11,2,Zacatecas
2020-04-06,0,1,0,15,12,2,Zacatecas
2020-04-07,1,0,0,16,12,2,Zacatecas
2020-04-08,6,2,0,22,14,2,Zacatecas
2020-04-09,1,1,0,23,15,2,Zacatecas
2020-04-10,5,0,0,28,15,2,Zacatecas
2020-04-11,4,2,0,32,17,2,Zacatecas
2020-04-12,2,1,0,34,18,2,Zacatecas
2020-04-13,2,0,0,36,18,2,Zacatecas
2020-04-14,2,1,0,38,19,2,Zacatecas
2020-04-15,1,6,0,39,25,2,Zacatecas
2020-04-16,4,3,0,43,28,2,Zacatecas
2020-04-17,0,2,0,43,30,2,Zacatecas
2020-04-18,1,7,0,44,37,2,Zacatecas
2020-04-19,0,0,1,44,37,3,Zacatecas
2020-04-20,0,7,0,44,44,3,Zacatecas
2020-04-21,0,0,0,44,44,3,Zacatecas
2020-04-22,0,0,0,44,44,3,Zacatecas
