fecha,sintomas_nuevos,ingreso_nuevos,muertes_nuevas,sintomas_acumulados,ingreso_acumulados,muertes_acumuladas,estado
2020-03-10,1,0,0,1,0,0,Aguascalientes
2020-03-11,0,0,0,1,0,0,Aguascalientes
2020-03-12,1,0,0,2,0,0,Aguascalientes
2020-03-13,0,0,0,2,0,0,Aguascalientes
2020-03-14,1,1,0,3,1,0,Aguascalientes
2020-03-15,1,0,0,4,1,0,Aguascalientes
2020-03-16,2,0,0,6,1,0,Aguascalientes
2020-03-17,2,1,0,8,2,0,Aguascalientes
2020-03-18,4,2,0,12,4,0,Aguascalientes
2020-03-19,2,1,0,14,5,0,Aguascalientes
2020-03-20,3,2,0,17,7,0,Aguascalientes
2020-03-21,0,1,0,17,8,0,Aguascalientes
2020-03-22,5,1,0,22,9,0,Aguascalientes
2020-03-23,9,4,0,31,13,0,Aguascalientes
2020-03-24,5,0,0,36,13,0,Aguascalientes
2020-03-25,5,17,0,41,30,0,Aguascalientes
2020-03-26,4,4,0,45,34,0,Aguascalientes
2020-03-27,5,6,0,50,40,0,Aguascalientes
2020-03-28,2,5,0,52,45,0,Aguascalientes
2020-03-29,2,3,0,54,48,0,Aguascalientes
2020-03-30,3,4,0,57,52,0,Aguascalientes
2020-03-31,1,1,0,58,53,0,Aguascalientes
2020-04-01,1,0,0,59,53,0,Aguascalientes
2020-04-02,2,0,0,61,53,0,Aguascalientes
2020-04-03,1,1,0,62,54,0,Aguascalientes
2020-04-04,0,0,0,62,54,0,Aguascalientes
2020-04-05,2,3,0,64,57,0,Aguascalientes
2020-04-06,4,4,0,68,61,0,Aguascalientes
2020-04-07,5,1,0,73,62,0,Aguascalientes
2020-04-08,2,1,0,75,63,0,Aguascalientes
2020-04-09,3,0,0,78,63,0,Aguascalientes
2020-04-10,3,2,1,81,65,1,Aguascalientes
2020-04-11,6,1,0,87,66,1,Aguascalientes
2020-04-12,6,2,0,93,68,1,Aguascalientes
2020-04-13,5,6,1,98,74,2,Aguascalientes
2020-04-14,8,0,0,106,74,2,Aguascalientes
2020-04-15,11,11,0,117,85,2,Aguascalientes
2020-04-16,5,5,0,122,90,2,Aguascalientes
2020-04-17,9,18,0,131,108,2,Aguascalientes
2020-04-18,9,11,0,140,119,2,Aguascalientes
2020-04-19,3,3,0,143,122,2,Aguascalientes
2020-04-20,5,15,0,148,137,2,Aguascalientes
2020-04-21,0,8,0,148,145,2,Aguascalientes
2020-04-22,0,2,0,148,147,2,Aguascalientes
2020-04-23,0,0,0,148,147,2,Aguascalientes
2020-04-24,0,0,0,148,147,2,Aguascalientes
2020-04-25,0,1,0,148,148,2,Aguascalientes
2020-04-26,0,0,0,148,148,2,Aguascalientes
2020-01-17,1,0,0,1,0,0,Baja California
2020-01-18,0,0,0,1,0,0,Baja California
2020-01-19,0,0,0,1,0,0,Baja California
2020-01-20,0,0,0,1,0,0,Baja California
2020-01-21,0,0,0,1,0,0,Baja California
2020-01-22,0,0,0,1,0,0,Baja California
2020-01-23,0,0,0,1,0,0,Baja California
2020-01-24,0,0,0,1,0,0,Baja California
2020-01-25,0,0,0,1,0,0,Baja California
2020-01-26,0,0,0,1,0,0,Baja California
2020-01-27,0,0,0,1,0,0,Baja California
2020-01-28,0,0,0,1,0,0,Baja California
2020-01-29,0,0,0,1,0,0,Baja California
2020-01-30,0,0,0,1,0,0,Baja California
2020-01-31,0,0,0,1,0,0,Baja California
2020-02-01,0,0,0,1,0,0,Baja California
2020-02-02,0,0,0,1,0,0,Baja California
2020-02-03,0,0,0,1,0,0,Baja California
2020-02-04,0,0,0,1,0,0,Baja California
2020-02-05,0,0,0,1,0,0,Baja California
2020-02-06,1,0,0,2,0,0,Baja California
2020-02-07,1,0,0,3,0,0,Baja California
2020-02-08,0,0,0,3,0,0,Baja California
2020-02-09,0,0,0,3,0,0,Baja California
2020-02-10,0,0,0,3,0,0,Baja California
2020-02-11,0,0,0,3,0,0,Baja California
2020-02-12,0,1,0,3,1,0,Baja California
2020-02-13,0,0,0,3,1,0,Baja California
2020-02-14,0,0,0,3,1,0,Baja California
2020-02-15,0,0,0,3,1,0,Baja California
2020-02-16,0,0,0,3,1,0,Baja California
2020-02-17,0,0,0,3,1,0,Baja California
2020-02-18,0,0,0,3,1,0,Baja California
2020-02-19,0,0,0,3,1,0,Baja California
2020-02-20,0,0,0,3,1,0,Baja California
2020-02-21,0,0,0,3,1,0,Baja California
2020-02-22,0,0,0,3,1,0,Baja California
2020-02-23,0,0,0,3,1,0,Baja California
2020-02-24,0,0,0,3,1,0,Baja California
2020-02-25,0,0,0,3,1,0,Baja California
2020-02-26,0,0,0,3,1,0,Baja California
2020-02-27,0,0,0,3,1,0,Baja California
2020-02-28,0,0,0,3,1,0,Baja California
2020-02-29,0,0,0,3,1,0,Baja California
2020-03-01,0,0,0,3,1,0,Baja California
2020-03-02,0,0,0,3,1,0,Baja California
2020-03-03,0,0,0,3,1,0,Baja California
2020-03-04,0,0,0,3,1,0,Baja California
2020-03-05,0,0,0,3,1,0,Baja California
2020-03-06,0,0,0,3,1,0,Baja California
2020-03-07,0,0,0,3,1,0,Baja California
2020-03-08,0,0,0,3,1,0,Baja California
2020-03-09,1,0,0,4,1,0,Baja California
2020-03-10,0,0,0,4,1,0,Baja California
2020-03-11,2,1,0,6,2,0,Baja California
2020-03-12,2,0,0,8,2,0,Baja California
2020-03-13,4,0,0,12,2,0,Baja California
2020-03-14,4,0,0,16,2,0,Baja California
2020-03-15,2,0,0,18,2,0,Baja California
2020-03-16,5,1,0,23,3,0,Baja California
2020-03-17,5,3,0,28,6,0,Baja California
2020-03-18,11,4,0,39,10,0,Baja California
2020-03-19,10,5,0,49,15,0,Baja California
2020-03-20,15,6,0,64,21,0,Baja California
2020-03-21,6,3,0,70,24,0,Baja California
2020-03-22,6,2,0,76,26,0,Baja California
2020-03-23,17,10,0,93,36,0,Baja California
2020-03-24,20,9,0,113,45,0,Baja California
2020-03-25,17,7,0,130,52,0,Baja California
2020-03-26,23,11,0,153,63,0,Baja California
2020-03-27,24,16,0,177,79,0,Baja California
2020-03-28,24,7,0,201,86,0,Baja California
2020-03-29,36,20,1,237,106,1,Baja California
2020-03-30,40,29,2,277,135,3,Baja California
2020-03-31,32,43,2,309,178,5,Baja California
2020-04-01,53,63,2,362,241,7,Baja California
2020-04-02,62,26,5,424,267,12,Baja California
2020-04-03,50,37,2,474,304,14,Baja California
2020-04-04,52,25,5,526,329,19,Baja California
2020-04-05,48,18,1,574,347,20,Baja California
2020-04-06,53,67,9,627,414,29,Baja California
2020-04-07,51,35,5,678,449,34,Baja California
2020-04-08,72,71,5,750,520,39,Baja California
2020-04-09,77,60,4,827,580,43,Baja California
2020-04-10,93,50,6,920,630,49,Baja California
2020-04-11,60,39,9,980,669,58,Baja California
2020-04-12,67,38,11,1047,707,69,Baja California
2020-04-13,39,81,5,1086,788,74,Baja California
2020-04-14,45,113,10,1131,901,84,Baja California
2020-04-15,31,87,14,1162,988,98,Baja California
2020-04-16,37,68,9,1199,1056,107,Baja California
2020-04-17,22,66,11,1221,1122,118,Baja California
2020-04-18,13,19,6,1234,1141,124,Baja California
2020-04-19,14,13,12,1248,1154,136,Baja California
2020-04-20,13,51,5,1261,1205,141,Baja California
2020-04-21,3,25,5,1264,1230,146,Baja California
2020-04-22,4,10,7,1268,1240,153,Baja California
2020-04-23,3,18,7,1271,1258,160,Baja California
2020-04-24,0,13,0,1271,1271,160,Baja California
2020-04-25,0,0,0,1271,1271,160,Baja California
2020-04-26,0,0,0,1271,1271,160,Baja California
2020-03-13,1,0,0,1,0,0,Baja California Sur
2020-03-14,0,0,0,1,0,0,Baja California Sur
2020-03-15,0,0,0,1,0,0,Baja California Sur
2020-03-16,3,0,0,4,0,0,Baja California Sur
2020-03-17,1,0,0,5,0,0,Baja California Sur
2020-03-18,1,1,0,6,1,0,Baja California Sur
2020-03-19,0,0,0,6,1,0,Baja California Sur
2020-03-20,1,1,0,7,2,0,Baja California Sur
2020-03-21,4,1,0,11,3,0,Baja California Sur
2020-03-22,5,0,0,16,3,0,Baja California Sur
2020-03-23,5,4,0,21,7,0,Baja California Sur
2020-03-24,2,2,0,23,9,0,Baja California Sur
2020-03-25,5,0,0,28,9,0,Baja California Sur
2020-03-26,6,2,0,34,11,0,Baja California Sur
2020-03-27,8,4,0,42,15,0,Baja California Sur
2020-03-28,10,4,0,52,19,0,Baja California Sur
2020-03-29,4,1,1,56,20,1,Baja California Sur
2020-03-30,13,14,0,69,34,1,Baja California Sur
2020-03-31,13,7,1,82,41,2,Baja California Sur
2020-04-01,17,5,0,99,46,2,Baja California Sur
2020-04-02,17,11,0,116,57,2,Baja California Sur
2020-04-03,21,16,0,137,73,2,Baja California Sur
2020-04-04,19,6,1,156,79,3,Baja California Sur
2020-04-05,18,5,1,174,84,4,Baja California Sur
2020-04-06,13,18,0,187,102,4,Baja California Sur
2020-04-07,5,24,0,192,126,4,Baja California Sur
2020-04-08,7,23,1,199,149,5,Baja California Sur
2020-04-09,6,25,0,205,174,5,Baja California Sur
2020-04-10,12,9,0,217,183,5,Baja California Sur
2020-04-11,12,7,1,229,190,6,Baja California Sur
2020-04-12,10,5,1,239,195,7,Baja California Sur
2020-04-13,7,12,0,246,207,7,Baja California Sur
2020-04-14,6,15,0,252,222,7,Baja California Sur
2020-04-15,6,5,0,258,227,7,Baja California Sur
2020-04-16,4,9,1,262,236,8,Baja California Sur
2020-04-17,6,6,1,268,242,9,Baja California Sur
2020-04-18,6,4,0,274,246,9,Baja California Sur
2020-04-19,4,8,0,278,254,9,Baja California Sur
2020-04-20,5,6,1,283,260,10,Baja California Sur
2020-04-21,0,11,1,283,271,11,Baja California Sur
2020-04-22,1,2,1,284,273,12,Baja California Sur
2020-04-23,0,1,0,284,274,12,Baja California Sur
2020-04-24,0,8,0,284,282,12,Baja California Sur
2020-04-25,0,2,0,284,284,12,Baja California Sur
2020-04-26,0,0,0,284,284,12,Baja California Sur
2020-02-23,1,0,0,1,0,0,Campeche
2020-02-24,0,0,0,1,0,0,Campeche
2020-02-25,0,0,0,1,0,0,Campeche
2020-02-26,0,0,0,1,0,0,Campeche
2020-02-27,0,0,0,1,0,0,Campeche
2020-02-28,0,0,0,1,0,0,Campeche
2020-02-29,0,0,0,1,0,0,Campeche
2020-03-01,0,0,0,1,0,0,Campeche
2020-03-02,0,0,0,1,0,0,Campeche
2020-03-03,0,0,0,1,0,0,Campeche
2020-03-04,0,0,0,1,0,0,Campeche
2020-03-05,0,0,0,1,0,0,Campeche
2020-03-06,0,0,0,1,0,0,Campeche
2020-03-07,0,0,0,1,0,0,Campeche
2020-03-08,1,1,0,2,1,0,Campeche
2020-03-09,1,0,0,3,1,0,Campeche
2020-03-10,0,0,0,3,1,0,Campeche
2020-03-11,0,0,0,3,1,0,Campeche
2020-03-12,1,1,0,4,2,0,Campeche
2020-03-13,0,0,0,4,2,0,Campeche
2020-03-14,0,1,0,4,3,0,Campeche
2020-03-15,0,0,0,4,3,0,Campeche
2020-03-16,0,0,0,4,3,0,Campeche
2020-03-17,0,0,0,4,3,0,Campeche
2020-03-18,1,0,0,5,3,0,Campeche
2020-03-19,0,0,0,5,3,0,Campeche
2020-03-20,1,0,0,6,3,0,Campeche
2020-03-21,0,0,0,6,3,0,Campeche
2020-03-22,0,0,0,6,3,0,Campeche
2020-03-23,1,1,0,7,4,0,Campeche
2020-03-24,0,0,0,7,4,0,Campeche
2020-03-25,2,0,0,9,4,0,Campeche
2020-03-26,0,1,0,9,5,0,Campeche
2020-03-27,2,3,0,11,8,0,Campeche
2020-03-28,2,0,0,13,8,0,Campeche
2020-03-29,0,1,0,13,9,0,Campeche
2020-03-30,2,0,0,15,9,0,Campeche
2020-03-31,1,0,0,16,9,0,Campeche
2020-04-01,1,0,0,17,9,0,Campeche
2020-04-02,1,2,0,18,11,0,Campeche
2020-04-03,4,1,0,22,12,0,Campeche
2020-04-04,2,0,0,24,12,0,Campeche
2020-04-05,1,3,0,25,15,0,Campeche
2020-04-06,2,2,1,27,17,1,Campeche
2020-04-07,1,0,0,28,17,1,Campeche
2020-04-08,4,0,0,32,17,1,Campeche
2020-04-09,1,2,0,33,19,1,Campeche
2020-04-10,4,1,1,37,20,2,Campeche
2020-04-11,5,5,0,42,25,2,Campeche
2020-04-12,2,2,0,44,27,2,Campeche
2020-04-13,3,2,0,47,29,2,Campeche
2020-04-14,2,4,1,49,33,3,Campeche
2020-04-15,5,3,0,54,36,3,Campeche
2020-04-16,4,4,0,58,40,3,Campeche
2020-04-17,3,3,1,61,43,4,Campeche
2020-04-18,2,6,0,63,49,4,Campeche
2020-04-19,4,2,2,67,51,6,Campeche
2020-04-20,0,4,0,67,55,6,Campeche
2020-04-21,0,7,1,67,62,7,Campeche
2020-04-22,2,4,1,69,66,8,Campeche
2020-04-23,0,2,2,69,68,10,Campeche
2020-04-24,0,1,1,69,69,11,Campeche
2020-04-25,0,0,1,69,69,12,Campeche
2020-04-26,0,0,0,69,69,12,Campeche
2020-02-27,1,0,0,1,0,0,Coahuila
2020-02-28,0,1,0,1,1,0,Coahuila
2020-02-29,0,0,0,1,1,0,Coahuila
2020-03-01,0,0,0,1,1,0,Coahuila
2020-03-02,0,0,0,1,1,0,Coahuila
2020-03-03,0,0,0,1,1,0,Coahuila
2020-03-04,1,0,0,2,1,0,Coahuila
2020-03-05,0,0,0,2,1,0,Coahuila
2020-03-06,0,0,0,2,1,0,Coahuila
2020-03-07,0,0,0,2,1,0,Coahuila
2020-03-08,0,0,0,2,1,0,Coahuila
2020-03-09,0,0,0,2,1,0,Coahuila
2020-03-10,1,0,0,3,1,0,Coahuila
2020-03-11,0,2,0,3,3,0,Coahuila
2020-03-12,0,0,0,3,3,0,Coahuila
2020-03-13,1,0,0,4,3,0,Coahuila
2020-03-14,0,0,0,4,3,0,Coahuila
2020-03-15,0,0,0,4,3,0,Coahuila
2020-03-16,2,1,0,6,4,0,Coahuila
2020-03-17,3,2,0,9,6,0,Coahuila
2020-03-18,4,2,0,13,8,0,Coahuila
2020-03-19,2,3,0,15,11,0,Coahuila
2020-03-20,6,4,0,21,15,0,Coahuila
2020-03-21,8,0,0,29,15,0,Coahuila
2020-03-22,2,0,0,31,15,0,Coahuila
2020-03-23,10,1,0,41,16,0,Coahuila
2020-03-24,8,5,0,49,21,0,Coahuila
2020-03-25,7,0,0,56,21,0,Coahuila
2020-03-26,11,4,0,67,25,0,Coahuila
2020-03-27,18,3,0,85,28,0,Coahuila
2020-03-28,15,5,1,100,33,1,Coahuila
2020-03-29,13,11,0,113,44,1,Coahuila
2020-03-30,23,18,1,136,62,2,Coahuila
2020-03-31,11,13,1,147,75,3,Coahuila
2020-04-01,13,18,0,160,93,3,Coahuila
2020-04-02,11,16,2,171,109,5,Coahuila
2020-04-03,11,21,2,182,130,7,Coahuila
2020-04-04,16,10,1,198,140,8,Coahuila
2020-04-05,8,4,2,206,144,10,Coahuila
2020-04-06,13,27,1,219,171,11,Coahuila
2020-04-07,14,7,4,233,178,15,Coahuila
2020-04-08,10,19,0,243,197,15,Coahuila
2020-04-09,8,7,1,251,204,16,Coahuila
2020-04-10,11,11,1,262,215,17,Coahuila
2020-04-11,8,7,0,270,222,17,Coahuila
2020-04-12,8,5,0,278,227,17,Coahuila
2020-04-13,14,14,0,292,241,17,Coahuila
2020-04-14,10,15,4,302,256,21,Coahuila
2020-04-15,7,15,1,309,271,22,Coahuila
2020-04-16,10,4,3,319,275,25,Coahuila
2020-04-17,7,8,0,326,283,25,Coahuila
2020-04-18,6,6,0,332,289,25,Coahuila
2020-04-19,2,7,1,334,296,26,Coahuila
2020-04-20,4,7,3,338,303,29,Coahuila
2020-04-21,7,18,2,345,321,31,Coahuila
2020-04-22,1,9,1,346,330,32,Coahuila
2020-04-23,2,5,2,348,335,34,Coahuila
2020-04-24,0,12,0,348,347,34,Coahuila
2020-04-25,0,1,0,348,348,34,Coahuila
2020-04-26,0,0,0,348,348,34,Coahuila
2020-03-12,1,0,0,1,0,0,Colima
2020-03-13,0,0,0,1,0,0,Colima
2020-03-14,0,1,0,1,1,0,Colima
2020-03-15,1,0,0,2,1,0,Colima
2020-03-16,0,1,0,2,2,0,Colima
2020-03-17,0,0,0,2,2,0,Colima
2020-03-18,0,0,0,2,2,0,Colima
2020-03-19,0,0,0,2,2,0,Colima
2020-03-20,0,0,0,2,2,0,Colima
2020-03-21,0,0,0,2,2,0,Colima
2020-03-22,0,0,0,2,2,0,Colima
2020-03-23,0,0,0,2,2,0,Colima
2020-03-24,1,1,0,3,3,0,Colima
2020-03-25,1,0,0,4,3,0,Colima
2020-03-26,0,0,0,4,3,0,Colima
2020-03-27,0,0,0,4,3,0,Colima
2020-03-28,2,0,0,6,3,0,Colima
2020-03-29,1,0,0,7,3,0,Colima
2020-03-30,0,1,0,7,4,0,Colima
2020-03-31,0,1,0,7,5,0,Colima
2020-04-01,0,2,0,7,7,0,Colima
2020-04-02,0,0,0,7,7,0,Colima
2020-04-03,0,0,0,7,7,0,Colima
2020-04-04,0,0,0,7,7,0,Colima
2020-04-05,0,0,0,7,7,0,Colima
2020-04-06,1,0,0,8,7,0,Colima
2020-04-07,1,0,0,9,7,0,Colima
2020-04-08,0,0,0,9,7,0,Colima
2020-04-09,0,0,0,9,7,0,Colima
2020-04-10,0,0,0,9,7,0,Colima
2020-04-11,2,1,0,11,8,0,Colima
2020-04-12,2,2,0,13,10,0,Colima
2020-04-13,0,0,1,13,10,1,Colima
2020-04-14,0,0,0,13,10,1,Colima
2020-04-15,2,1,0,15,11,1,Colima
2020-04-16,0,1,1,15,12,2,Colima
2020-04-17,2,2,0,17,14,2,Colima
2020-04-18,1,1,0,18,15,2,Colima
2020-04-19,0,1,0,18,16,2,Colima
2020-04-20,1,1,0,19,17,2,Colima
2020-04-21,0,1,0,19,18,2,Colima
2020-04-22,0,0,0,19,18,2,Colima
2020-04-23,0,1,0,19,19,2,Colima
2020-04-24,0,0,0,19,19,2,Colima
2020-04-25,0,0,0,19,19,2,Colima
2020-04-26,0,0,0,19,19,2,Colima
2020-02-25,1,0,0,1,0,0,Chiapas
2020-02-26,0,0,0,1,0,0,Chiapas
2020-02-27,0,0,0,1,0,0,Chiapas
2020-02-28,0,0,0,1,0,0,Chiapas
2020-02-29,0,1,0,1,1,0,Chiapas
2020-03-01,0,0,0,1,1,0,Chiapas
2020-03-02,0,0,0,1,1,0,Chiapas
2020-03-03,0,0,0,1,1,0,Chiapas
2020-03-04,0,0,0,1,1,0,Chiapas
2020-03-05,0,0,0,1,1,0,Chiapas
2020-03-06,0,0,0,1,1,0,Chiapas
2020-03-07,0,0,0,1,1,0,Chiapas
2020-03-08,0,0,0,1,1,0,Chiapas
2020-03-09,0,0,0,1,1,0,Chiapas
2020-03-10,0,0,0,1,1,0,Chiapas
2020-03-11,0,0,0,1,1,0,Chiapas
2020-03-12,0,0,0,1,1,0,Chiapas
2020-03-13,1,0,0,2,1,0,Chiapas
2020-03-14,1,0,0,3,1,0,Chiapas
2020-03-15,0,0,0,3,1,0,Chiapas
2020-03-16,0,0,0,3,1,0,Chiapas
2020-03-17,0,0,0,3,1,0,Chiapas
2020-03-18,0,1,0,3,2,0,Chiapas
2020-03-19,0,0,0,3,2,0,Chiapas
2020-03-20,2,0,0,5,2,0,Chiapas
2020-03-21,2,0,0,7,2,0,Chiapas
2020-03-22,3,0,0,10,2,0,Chiapas
2020-03-23,4,3,0,14,5,0,Chiapas
2020-03-24,1,0,0,15,5,0,Chiapas
2020-03-25,4,2,0,19,7,0,Chiapas
2020-03-26,0,0,0,19,7,0,Chiapas
2020-03-27,3,5,0,22,12,0,Chiapas
2020-03-28,4,1,0,26,13,0,Chiapas
2020-03-29,1,0,0,27,13,0,Chiapas
2020-03-30,1,1,0,28,14,0,Chiapas
2020-03-31,2,2,0,30,16,0,Chiapas
2020-04-01,2,4,0,32,20,0,Chiapas
2020-04-02,2,2,0,34,22,0,Chiapas
2020-04-03,4,5,0,38,27,0,Chiapas
2020-04-04,4,1,0,42,28,0,Chiapas
2020-04-05,1,1,0,43,29,0,Chiapas
2020-04-06,2,5,1,45,34,1,Chiapas
2020-04-07,6,2,0,51,36,1,Chiapas
2020-04-08,4,5,0,55,41,1,Chiapas
2020-04-09,2,3,1,57,44,2,Chiapas
2020-04-10,2,3,0,59,47,2,Chiapas
2020-04-11,6,1,1,65,48,3,Chiapas
2020-04-12,3,0,0,68,48,3,Chiapas
2020-04-13,7,5,0,75,53,3,Chiapas
2020-04-14,5,5,0,80,58,3,Chiapas
2020-04-15,8,6,0,88,64,3,Chiapas
2020-04-16,13,3,0,101,67,3,Chiapas
2020-04-17,6,10,0,107,77,3,Chiapas
2020-04-18,4,3,0,111,80,3,Chiapas
2020-04-19,4,7,1,115,87,4,Chiapas
2020-04-20,6,8,0,121,95,4,Chiapas
2020-04-21,0,7,0,121,102,4,Chiapas
2020-04-22,1,7,1,122,109,5,Chiapas
2020-04-23,0,9,1,122,118,6,Chiapas
2020-04-24,0,4,0,122,122,6,Chiapas
2020-04-25,0,0,0,122,122,6,Chiapas
2020-04-26,0,0,0,122,122,6,Chiapas
2020-03-12,2,0,0,2,0,0,Chihuahua
2020-03-13,1,1,0,3,1,0,Chihuahua
2020-03-14,0,1,0,3,2,0,Chihuahua
2020-03-15,1,0,0,4,2,0,Chihuahua
2020-03-16,2,1,0,6,3,0,Chihuahua
2020-03-17,1,0,0,7,3,0,Chihuahua
2020-03-18,2,1,0,9,4,0,Chihuahua
2020-03-19,1,1,0,10,5,0,Chihuahua
2020-03-20,3,3,0,13,8,0,Chihuahua
2020-03-21,1,1,0,14,9,0,Chihuahua
2020-03-22,1,1,0,15,10,0,Chihuahua
2020-03-23,1,0,0,16,10,0,Chihuahua
2020-03-24,4,1,0,20,11,0,Chihuahua
2020-03-25,4,1,0,24,12,0,Chihuahua
2020-03-26,5,2,0,29,14,0,Chihuahua
2020-03-27,0,2,0,29,16,0,Chihuahua
2020-03-28,5,2,0,34,18,0,Chihuahua
2020-03-29,6,5,0,40,23,0,Chihuahua
2020-03-30,1,3,0,41,26,0,Chihuahua
2020-03-31,10,5,0,51,31,0,Chihuahua
2020-04-01,7,7,0,58,38,0,Chihuahua
2020-04-02,10,6,0,68,44,0,Chihuahua
2020-04-03,13,6,2,81,50,2,Chihuahua
2020-04-04,3,6,1,84,56,3,Chihuahua
2020-04-05,8,11,1,92,67,4,Chihuahua
2020-04-06,7,8,2,99,75,6,Chihuahua
2020-04-07,9,6,5,108,81,11,Chihuahua
2020-04-08,11,10,5,119,91,16,Chihuahua
2020-04-09,8,5,4,127,96,20,Chihuahua
2020-04-10,16,8,1,143,104,21,Chihuahua
2020-04-11,9,9,0,152,113,21,Chihuahua
2020-04-12,8,6,4,160,119,25,Chihuahua
2020-04-13,9,13,3,169,132,28,Chihuahua
2020-04-14,8,10,1,177,142,29,Chihuahua
2020-04-15,22,14,3,199,156,32,Chihuahua
2020-04-16,12,17,2,211,173,34,Chihuahua
2020-04-17,12,12,6,223,185,40,Chihuahua
2020-04-18,14,6,4,237,191,44,Chihuahua
2020-04-19,6,6,2,243,197,46,Chihuahua
2020-04-20,9,19,5,252,216,51,Chihuahua
2020-04-21,3,11,3,255,227,54,Chihuahua
2020-04-22,2,12,1,257,239,55,Chihuahua
2020-04-23,1,11,0,258,250,55,Chihuahua
2020-04-24,0,8,2,258,258,57,Chihuahua
2020-04-25,0,0,0,258,258,57,Chihuahua
2020-04-26,0,0,0,258,258,57,Chihuahua
2020-02-14,1,1,0,1,1,0,Ciudad de México
2020-02-15,0,0,0,1,1,0,Ciudad de México
2020-02-16,0,0,0,1,1,0,Ciudad de México
2020-02-17,1,0,0,2,1,0,Ciudad de México
2020-02-18,1,1,0,3,2,0,Ciudad de México
2020-02-19,0,0,0,3,2,0,Ciudad de México
2020-02-20,0,0,0,3,2,0,Ciudad de México
2020-02-21,0,0,0,3,2,0,Ciudad de México
2020-02-22,1,0,0,4,2,0,Ciudad de México
2020-02-23,1,0,0,5,2,0,Ciudad de México
2020-02-24,0,0,0,5,2,0,Ciudad de México
2020-02-25,1,0,0,6,2,0,Ciudad de México
2020-02-26,0,0,0,6,2,0,Ciudad de México
2020-02-27,1,3,0,7,5,0,Ciudad de México
2020-02-28,2,0,0,9,5,0,Ciudad de México
2020-02-29,1,0,0,10,5,0,Ciudad de México
2020-03-01,2,0,0,12,5,0,Ciudad de México
2020-03-02,4,1,0,16,6,0,Ciudad de México
2020-03-03,2,0,0,18,6,0,Ciudad de México
2020-03-04,3,0,0,21,6,0,Ciudad de México
2020-03-05,2,1,0,23,7,0,Ciudad de México
2020-03-06,5,0,0,28,7,0,Ciudad de México
2020-03-07,8,0,0,36,7,0,Ciudad de México
2020-03-08,5,1,0,41,8,0,Ciudad de México
2020-03-09,18,0,0,59,8,0,Ciudad de México
2020-03-10,21,3,0,80,11,0,Ciudad de México
2020-03-11,19,12,0,99,23,0,Ciudad de México
2020-03-12,15,17,0,114,40,0,Ciudad de México
2020-03-13,32,24,0,146,64,0,Ciudad de México
2020-03-14,33,21,0,179,85,0,Ciudad de México
2020-03-15,33,10,0,212,95,0,Ciudad de México
2020-03-16,39,25,0,251,120,0,Ciudad de México
2020-03-17,22,31,0,273,151,0,Ciudad de México
2020-03-18,24,31,0,297,182,0,Ciudad de México
2020-03-19,32,37,0,329,219,0,Ciudad de México
2020-03-20,48,22,0,377,241,0,Ciudad de México
2020-03-21,19,11,0,396,252,0,Ciudad de México
2020-03-22,27,10,0,423,262,0,Ciudad de México
2020-03-23,39,25,1,462,287,1,Ciudad de México
2020-03-24,38,32,0,500,319,1,Ciudad de México
2020-03-25,37,23,1,537,342,2,Ciudad de México
2020-03-26,74,42,3,611,384,5,Ciudad de México
2020-03-27,51,38,3,662,422,8,Ciudad de México
2020-03-28,51,41,1,713,463,9,Ciudad de México
2020-03-29,43,33,2,756,496,11,Ciudad de México
2020-03-30,82,65,4,838,561,15,Ciudad de México
2020-03-31,62,42,6,900,603,21,Ciudad de México
2020-04-01,105,46,5,1005,649,26,Ciudad de México
2020-04-02,93,55,5,1098,704,31,Ciudad de México
2020-04-03,94,72,7,1192,776,38,Ciudad de México
2020-04-04,109,46,4,1301,822,42,Ciudad de México
2020-04-05,104,45,3,1405,867,45,Ciudad de México
2020-04-06,126,100,15,1531,967,60,Ciudad de México
2020-04-07,128,115,9,1659,1082,69,Ciudad de México
2020-04-08,129,116,5,1788,1198,74,Ciudad de México
2020-04-09,148,118,14,1936,1316,88,Ciudad de México
2020-04-10,245,125,18,2181,1441,106,Ciudad de México
2020-04-11,159,92,19,2340,1533,125,Ciudad de México
2020-04-12,156,105,6,2496,1638,131,Ciudad de México
2020-04-13,209,206,11,2705,1844,142,Ciudad de México
2020-04-14,162,205,16,2867,2049,158,Ciudad de México
2020-04-15,208,189,15,3075,2238,173,Ciudad de México
2020-04-16,175,209,15,3250,2447,188,Ciudad de México
2020-04-17,185,250,7,3435,2697,195,Ciudad de México
2020-04-18,188,136,11,3623,2833,206,Ciudad de México
2020-04-19,131,131,12,3754,2964,218,Ciudad de México
2020-04-20,112,299,9,3866,3263,227,Ciudad de México
2020-04-21,47,273,10,3913,3536,237,Ciudad de México
2020-04-22,38,251,8,3951,3787,245,Ciudad de México
2020-04-23,14,130,7,3965,3917,252,Ciudad de México
2020-04-24,0,48,2,3965,3965,254,Ciudad de México
2020-04-25,0,0,0,3965,3965,254,Ciudad de México
2020-04-26,1,1,0,3966,3966,254,Ciudad de México
2020-03-06,1,0,0,1,0,0,Durango
2020-03-07,0,0,0,1,0,0,Durango
2020-03-08,0,0,0,1,0,0,Durango
2020-03-09,1,0,0,2,0,0,Durango
2020-03-10,0,0,0,2,0,0,Durango
2020-03-11,1,1,0,3,1,0,Durango
2020-03-12,0,0,0,3,1,0,Durango
2020-03-13,0,1,0,3,2,0,Durango
2020-03-14,0,1,0,3,3,0,Durango
2020-03-15,1,0,0,4,3,0,Durango
2020-03-16,0,0,0,4,3,0,Durango
2020-03-17,0,1,0,4,4,0,Durango
2020-03-18,2,1,1,6,5,1,Durango
2020-03-19,1,0,0,7,5,1,Durango
2020-03-20,0,0,0,7,5,1,Durango
2020-03-21,0,1,0,7,6,1,Durango
2020-03-22,0,0,0,7,6,1,Durango
2020-03-23,2,1,0,9,7,1,Durango
2020-03-24,1,1,1,10,8,2,Durango
2020-03-25,1,1,0,11,9,2,Durango
2020-03-26,0,0,0,11,9,2,Durango
2020-03-27,0,0,0,11,9,2,Durango
2020-03-28,1,0,0,12,9,2,Durango
2020-03-29,1,0,0,13,9,2,Durango
2020-03-30,2,2,0,15,11,2,Durango
2020-03-31,0,2,1,15,13,3,Durango
2020-04-01,0,1,1,15,14,4,Durango
2020-04-02,1,0,0,16,14,4,Durango
2020-04-03,0,0,0,16,14,4,Durango
2020-04-04,0,0,0,16,14,4,Durango
2020-04-05,0,0,0,16,14,4,Durango
2020-04-06,1,1,0,17,15,4,Durango
2020-04-07,0,0,0,17,15,4,Durango
2020-04-08,1,0,0,18,15,4,Durango
2020-04-09,0,1,0,18,16,4,Durango
2020-04-10,4,0,0,22,16,4,Durango
2020-04-11,4,0,0,26,16,4,Durango
2020-04-12,1,0,0,27,16,4,Durango
2020-04-13,3,0,0,30,16,4,Durango
2020-04-14,6,0,0,36,16,4,Durango
2020-04-15,0,2,0,36,18,4,Durango
2020-04-16,1,2,0,37,20,4,Durango
2020-04-17,0,0,0,37,20,4,Durango
2020-04-18,1,2,0,38,22,4,Durango
2020-04-19,1,10,0,39,32,4,Durango
2020-04-20,3,4,0,42,36,4,Durango
2020-04-21,1,3,1,43,39,5,Durango
2020-04-22,1,2,0,44,41,5,Durango
2020-04-23,0,1,0,44,42,5,Durango
2020-04-24,0,1,1,44,43,6,Durango
2020-04-25,0,1,0,44,44,6,Durango
2020-04-26,0,0,0,44,44,6,Durango
2020-02-07,1,1,0,1,1,0,Guanajuato
2020-02-08,0,0,0,1,1,0,Guanajuato
2020-02-09,0,0,0,1,1,0,Guanajuato
2020-02-10,0,0,0,1,1,0,Guanajuato
2020-02-11,0,0,0,1,1,0,Guanajuato
2020-02-12,0,0,0,1,1,0,Guanajuato
2020-02-13,0,0,0,1,1,0,Guanajuato
2020-02-14,0,0,0,1,1,0,Guanajuato
2020-02-15,0,0,0,1,1,0,Guanajuato
2020-02-16,0,0,0,1,1,0,Guanajuato
2020-02-17,0,0,0,1,1,0,Guanajuato
2020-02-18,0,0,0,1,1,0,Guanajuato
2020-02-19,0,0,0,1,1,0,Guanajuato
2020-02-20,0,0,0,1,1,0,Guanajuato
2020-02-21,0,0,0,1,1,0,Guanajuato
2020-02-22,0,0,0,1,1,0,Guanajuato
2020-02-23,0,0,0,1,1,0,Guanajuato
2020-02-24,0,0,0,1,1,0,Guanajuato
2020-02-25,0,0,0,1,1,0,Guanajuato
2020-02-26,0,0,0,1,1,0,Guanajuato
2020-02-27,0,0,0,1,1,0,Guanajuato
2020-02-28,0,0,0,1,1,0,Guanajuato
2020-02-29,0,0,0,1,1,0,Guanajuato
2020-03-01,0,0,0,1,1,0,Guanajuato
2020-03-02,0,0,0,1,1,0,Guanajuato
2020-03-03,0,0,0,1,1,0,Guanajuato
2020-03-04,0,0,0,1,1,0,Guanajuato
2020-03-05,0,0,0,1,1,0,Guanajuato
2020-03-06,0,0,0,1,1,0,Guanajuato
2020-03-07,0,0,0,1,1,0,Guanajuato
2020-03-08,0,0,0,1,1,0,Guanajuato
2020-03-09,0,0,0,1,1,0,Guanajuato
2020-03-10,1,0,0,2,1,0,Guanajuato
2020-03-11,0,0,0,2,1,0,Guanajuato
2020-03-12,2,0,0,4,1,0,Guanajuato
2020-03-13,0,1,0,4,2,0,Guanajuato
2020-03-14,3,0,0,7,2,0,Guanajuato
2020-03-15,3,2,0,10,4,0,Guanajuato
2020-03-16,10,2,0,20,6,0,Guanajuato
2020-03-17,4,0,0,24,6,0,Guanajuato
2020-03-18,2,1,0,26,7,0,Guanajuato
2020-03-19,1,1,0,27,8,0,Guanajuato
2020-03-20,7,4,0,34,12,0,Guanajuato
2020-03-21,4,11,0,38,23,0,Guanajuato
2020-03-22,5,1,0,43,24,0,Guanajuato
2020-03-23,2,6,0,45,30,0,Guanajuato
2020-03-24,3,1,0,48,31,0,Guanajuato
2020-03-25,3,4,0,51,35,0,Guanajuato
2020-03-26,5,6,0,56,41,0,Guanajuato
2020-03-27,5,5,0,61,46,0,Guanajuato
2020-03-28,1,4,0,62,50,0,Guanajuato
2020-03-29,0,1,0,62,51,0,Guanajuato
2020-03-30,1,4,0,63,55,0,Guanajuato
2020-03-31,1,2,0,64,57,0,Guanajuato
2020-04-01,7,1,0,71,58,0,Guanajuato
2020-04-02,7,2,0,78,60,0,Guanajuato
2020-04-03,5,4,0,83,64,0,Guanajuato
2020-04-04,3,3,0,86,67,0,Guanajuato
2020-04-05,5,3,2,91,70,2,Guanajuato
2020-04-06,2,7,0,93,77,2,Guanajuato
2020-04-07,1,6,1,94,83,3,Guanajuato
2020-04-08,3,8,0,97,91,3,Guanajuato
2020-04-09,4,2,1,101,93,4,Guanajuato
2020-04-10,5,2,1,106,95,5,Guanajuato
2020-04-11,4,3,0,110,98,5,Guanajuato
2020-04-12,7,1,0,117,99,5,Guanajuato
2020-04-13,10,2,0,127,101,5,Guanajuato
2020-04-14,20,3,2,147,104,7,Guanajuato
2020-04-15,16,13,1,163,117,8,Guanajuato
2020-04-16,13,12,0,176,129,8,Guanajuato
2020-04-17,5,28,3,181,157,11,Guanajuato
2020-04-18,13,10,0,194,167,11,Guanajuato
2020-04-19,5,9,0,199,176,11,Guanajuato
2020-04-20,3,8,0,202,184,11,Guanajuato
2020-04-21,3,8,2,205,192,13,Guanajuato
2020-04-22,1,11,3,206,203,16,Guanajuato
2020-04-23,0,3,3,206,206,19,Guanajuato
2020-04-24,0,0,0,206,206,19,Guanajuato
2020-04-25,0,0,1,206,206,20,Guanajuato
2020-04-26,0,0,0,206,206,20,Guanajuato
2020-03-08,1,0,0,1,0,0,Guerrero
2020-03-09,1,0,0,2,0,0,Guerrero
2020-03-10,0,0,0,2,0,0,Guerrero
2020-03-11,0,0,0,2,0,0,Guerrero
2020-03-12,1,0,0,3,0,0,Guerrero
2020-03-13,1,2,0,4,2,0,Guerrero
2020-03-14,0,0,0,4,2,0,Guerrero
2020-03-15,2,0,0,6,2,0,Guerrero
2020-03-16,1,1,0,7,3,0,Guerrero
2020-03-17,2,3,0,9,6,0,Guerrero
2020-03-18,2,1,0,11,7,0,Guerrero
2020-03-19,2,0,0,13,7,0,Guerrero
2020-03-20,3,0,0,16,7,0,Guerrero
2020-03-21,3,1,0,19,8,0,Guerrero
2020-03-22,1,0,0,20,8,0,Guerrero
2020-03-23,3,1,0,23,9,0,Guerrero
2020-03-24,1,0,0,24,9,0,Guerrero
2020-03-25,1,3,0,25,12,0,Guerrero
2020-03-26,3,4,0,28,16,0,Guerrero
2020-03-27,0,3,0,28,19,0,Guerrero
2020-03-28,1,3,1,29,22,1,Guerrero
2020-03-29,2,1,0,31,23,1,Guerrero
2020-03-30,5,2,0,36,25,1,Guerrero
2020-03-31,5,5,0,41,30,1,Guerrero
2020-04-01,4,3,0,45,33,1,Guerrero
2020-04-02,5,1,0,50,34,1,Guerrero
2020-04-03,8,1,0,58,35,1,Guerrero
2020-04-04,10,3,2,68,38,3,Guerrero
2020-04-05,6,3,0,74,41,3,Guerrero
2020-04-06,8,8,2,82,49,5,Guerrero
2020-04-07,5,11,0,87,60,5,Guerrero
2020-04-08,13,6,0,100,66,5,Guerrero
2020-04-09,7,7,1,107,73,6,Guerrero
2020-04-10,11,5,0,118,78,6,Guerrero
2020-04-11,7,5,0,125,83,6,Guerrero
2020-04-12,5,11,1,130,94,7,Guerrero
2020-04-13,13,15,1,143,109,8,Guerrero
2020-04-14,2,6,1,145,115,9,Guerrero
2020-04-15,11,6,3,156,121,12,Guerrero
2020-04-16,4,10,0,160,131,12,Guerrero
2020-04-17,4,8,1,164,139,13,Guerrero
2020-04-18,7,8,3,171,147,16,Guerrero
2020-04-19,9,6,4,180,153,20,Guerrero
2020-04-20,6,15,1,186,168,21,Guerrero
2020-04-21,11,6,6,197,174,27,Guerrero
2020-04-22,2,7,3,199,181,30,Guerrero
2020-04-23,1,11,1,200,192,31,Guerrero
2020-04-24,0,8,0,200,200,31,Guerrero
2020-04-25,0,0,0,200,200,31,Guerrero
2020-04-26,0,0,0,200,200,31,Guerrero
2020-02-22,1,0,0,1,0,0,Hidalgo
2020-02-23,0,0,0,1,0,0,Hidalgo
2020-02-24,0,0,0,1,0,0,Hidalgo
2020-02-25,0,0,0,1,0,0,Hidalgo
2020-02-26,0,0,0,1,0,0,Hidalgo
2020-02-27,0,1,0,1,1,0,Hidalgo
2020-02-28,0,0,0,1,1,0,Hidalgo
2020-02-29,0,0,0,1,1,0,Hidalgo
2020-03-01,0,0,0,1,1,0,Hidalgo
2020-03-02,0,0,0,1,1,0,Hidalgo
2020-03-03,0,0,0,1,1,0,Hidalgo
2020-03-04,0,0,0,1,1,0,Hidalgo
2020-03-05,0,0,0,1,1,0,Hidalgo
2020-03-06,0,0,0,1,1,0,Hidalgo
2020-03-07,1,0,0,2,1,0,Hidalgo
2020-03-08,1,0,0,3,1,0,Hidalgo
2020-03-09,0,0,0,3,1,0,Hidalgo
2020-03-10,0,0,0,3,1,0,Hidalgo
2020-03-11,0,0,0,3,1,0,Hidalgo
2020-03-12,1,0,0,4,1,0,Hidalgo
2020-03-13,3,0,0,7,1,0,Hidalgo
2020-03-14,1,0,0,8,1,0,Hidalgo
2020-03-15,0,1,0,8,2,0,Hidalgo
2020-03-16,1,0,0,9,2,0,Hidalgo
2020-03-17,0,2,0,9,4,0,Hidalgo
2020-03-18,2,0,0,11,4,0,Hidalgo
2020-03-19,2,0,0,13,4,0,Hidalgo
2020-03-20,3,3,0,16,7,0,Hidalgo
2020-03-21,1,3,0,17,10,0,Hidalgo
2020-03-22,0,0,0,17,10,0,Hidalgo
2020-03-23,5,1,0,22,11,0,Hidalgo
2020-03-24,3,1,0,25,12,0,Hidalgo
2020-03-25,2,4,0,27,16,0,Hidalgo
2020-03-26,3,4,0,30,20,0,Hidalgo
2020-03-27,4,5,1,34,25,1,Hidalgo
2020-03-28,2,0,1,36,25,2,Hidalgo
2020-03-29,5,2,0,41,27,2,Hidalgo
2020-03-30,7,7,1,48,34,3,Hidalgo
2020-03-31,4,7,0,52,41,3,Hidalgo
2020-04-01,0,4,1,52,45,4,Hidalgo
2020-04-02,0,1,0,52,46,4,Hidalgo
2020-04-03,4,2,1,56,48,5,Hidalgo
2020-04-04,1,2,0,57,50,5,Hidalgo
2020-04-05,4,1,0,61,51,5,Hidalgo
2020-04-06,8,3,0,69,54,5,Hidalgo
2020-04-07,1,3,0,70,57,5,Hidalgo
2020-04-08,3,1,2,73,58,7,Hidalgo
2020-04-09,4,0,0,77,58,7,Hidalgo
2020-04-10,7,7,0,84,65,7,Hidalgo
2020-04-11,8,3,0,92,68,7,Hidalgo
2020-04-12,5,5,0,97,73,7,Hidalgo
2020-04-13,11,7,0,108,80,7,Hidalgo
2020-04-14,5,6,2,113,86,9,Hidalgo
2020-04-15,5,4,2,118,90,11,Hidalgo
2020-04-16,12,4,0,130,94,11,Hidalgo
2020-04-17,8,7,0,138,101,11,Hidalgo
2020-04-18,12,4,2,150,105,13,Hidalgo
2020-04-19,5,12,1,155,117,14,Hidalgo
2020-04-20,15,9,0,170,126,14,Hidalgo
2020-04-21,6,8,0,176,134,14,Hidalgo
2020-04-22,4,12,1,180,146,15,Hidalgo
2020-04-23,1,18,1,181,164,16,Hidalgo
2020-04-24,1,10,0,182,174,16,Hidalgo
2020-04-25,0,8,1,182,182,17,Hidalgo
2020-04-26,0,0,0,182,182,17,Hidalgo
2020-03-01,2,0,0,2,0,0,Jalisco
2020-03-02,0,0,0,2,0,0,Jalisco
2020-03-03,0,0,0,2,0,0,Jalisco
2020-03-04,1,0,0,3,0,0,Jalisco
2020-03-05,0,0,0,3,0,0,Jalisco
2020-03-06,2,0,0,5,0,0,Jalisco
2020-03-07,1,0,0,6,0,0,Jalisco
2020-03-08,3,0,0,9,0,0,Jalisco
2020-03-09,3,0,0,12,0,0,Jalisco
2020-03-10,4,0,0,16,0,0,Jalisco
2020-03-11,6,1,0,22,1,0,Jalisco
2020-03-12,8,3,0,30,4,0,Jalisco
2020-03-13,8,3,0,38,7,0,Jalisco
2020-03-14,8,5,0,46,12,0,Jalisco
2020-03-15,2,2,0,48,14,0,Jalisco
2020-03-16,6,12,0,54,26,0,Jalisco
2020-03-17,12,6,0,66,32,0,Jalisco
2020-03-18,8,17,0,74,49,0,Jalisco
2020-03-19,0,10,0,74,59,0,Jalisco
2020-03-20,8,5,1,82,64,1,Jalisco
2020-03-21,10,1,0,92,65,1,Jalisco
2020-03-22,6,3,0,98,68,1,Jalisco
2020-03-23,5,7,0,103,75,1,Jalisco
2020-03-24,4,7,0,107,82,1,Jalisco
2020-03-25,4,7,0,111,89,1,Jalisco
2020-03-26,1,6,2,112,95,3,Jalisco
2020-03-27,8,7,0,120,102,3,Jalisco
2020-03-28,2,2,0,122,104,3,Jalisco
2020-03-29,4,2,0,126,106,3,Jalisco
2020-03-30,8,7,0,134,113,3,Jalisco
2020-03-31,5,7,1,139,120,4,Jalisco
2020-04-01,3,2,0,142,122,4,Jalisco
2020-04-02,8,8,2,150,130,6,Jalisco
2020-04-03,8,11,0,158,141,6,Jalisco
2020-04-04,3,1,0,161,142,6,Jalisco
2020-04-05,3,2,1,164,144,7,Jalisco
2020-04-06,6,3,0,170,147,7,Jalisco
2020-04-07,10,5,1,180,152,8,Jalisco
2020-04-08,8,9,1,188,161,9,Jalisco
2020-04-09,5,4,0,193,165,9,Jalisco
2020-04-10,6,8,1,199,173,10,Jalisco
2020-04-11,4,5,1,203,178,11,Jalisco
2020-04-12,7,5,0,210,183,11,Jalisco
2020-04-13,9,10,0,219,193,11,Jalisco
2020-04-14,11,4,0,230,197,11,Jalisco
2020-04-15,5,10,0,235,207,11,Jalisco
2020-04-16,11,8,1,246,215,12,Jalisco
2020-04-17,9,11,1,255,226,13,Jalisco
2020-04-18,5,6,0,260,232,13,Jalisco
2020-04-19,4,4,2,264,236,15,Jalisco
2020-04-20,7,9,1,271,245,16,Jalisco
2020-04-21,5,13,1,276,258,17,Jalisco
2020-04-22,5,15,3,281,273,20,Jalisco
2020-04-23,0,6,0,281,279,20,Jalisco
2020-04-24,1,3,3,282,282,23,Jalisco
2020-04-25,0,0,2,282,282,25,Jalisco
2020-04-26,0,0,0,282,282,25,Jalisco
2020-02-17,1,0,0,1,0,0,México
2020-02-18,0,0,0,1,0,0,México
2020-02-19,1,0,0,2,0,0,México
2020-02-20,0,0,0,2,0,0,México
2020-02-21,1,0,0,3,0,0,México
2020-02-22,0,0,0,3,0,0,México
2020-02-23,0,0,0,3,0,0,México
2020-02-24,0,0,0,3,0,0,México
2020-02-25,0,0,0,3,0,0,México
2020-02-26,1,0,0,4,0,0,México
2020-02-27,0,0,0,4,0,0,México
2020-02-28,0,1,0,4,1,0,México
2020-02-29,1,0,0,5,1,0,México
2020-03-01,0,0,0,5,1,0,México
2020-03-02,2,1,0,7,2,0,México
2020-03-03,3,0,0,10,2,0,México
2020-03-04,1,2,0,11,4,0,México
2020-03-05,1,0,0,12,4,0,México
2020-03-06,0,0,0,12,4,0,México
2020-03-07,5,0,0,17,4,0,México
2020-03-08,3,2,0,20,6,0,México
2020-03-09,11,1,0,31,7,0,México
2020-03-10,2,2,0,33,9,0,México
2020-03-11,5,2,0,38,11,0,México
2020-03-12,7,2,0,45,13,0,México
2020-03-13,10,12,0,55,25,0,México
2020-03-14,10,4,0,65,29,0,México
2020-03-15,13,10,0,78,39,0,México
2020-03-16,19,6,0,97,45,0,México
2020-03-17,11,7,0,108,52,0,México
2020-03-18,11,6,1,119,58,1,México
2020-03-19,9,12,0,128,70,1,México
2020-03-20,18,10,0,146,80,1,México
2020-03-21,17,6,0,163,86,1,México
2020-03-22,19,5,1,182,91,2,México
2020-03-23,27,14,0,209,105,2,México
2020-03-24,25,22,0,234,127,2,México
2020-03-25,32,21,0,266,148,2,México
2020-03-26,38,24,0,304,172,2,México
2020-03-27,46,40,0,350,212,2,México
2020-03-28,30,24,3,380,236,5,México
2020-03-29,32,17,1,412,253,6,México
2020-03-30,58,50,0,470,303,6,México
2020-03-31,45,31,2,515,334,8,México
2020-04-01,65,47,0,580,381,8,México
2020-04-02,46,42,4,626,423,12,México
2020-04-03,56,45,3,682,468,15,México
2020-04-04,63,30,4,745,498,19,México
2020-04-05,53,38,3,798,536,22,México
2020-04-06,94,67,4,892,603,26,México
2020-04-07,58,64,9,950,667,35,México
2020-04-08,94,79,5,1044,746,40,México
2020-04-09,76,41,1,1120,787,41,México
2020-04-10,130,69,4,1250,856,45,México
2020-04-11,93,64,9,1343,920,54,México
2020-04-12,104,61,9,1447,981,63,México
2020-04-13,137,131,9,1584,1112,72,México
2020-04-14,110,118,8,1694,1230,80,México
2020-04-15,139,143,15,1833,1373,95,México
2020-04-16,121,134,7,1954,1507,102,México
2020-04-17,116,108,6,2070,1615,108,México
2020-04-18,106,108,14,2176,1723,122,México
2020-04-19,78,110,8,2254,1833,130,México
2020-04-20,47,172,7,2301,2005,137,México
2020-04-21,28,179,11,2329,2184,148,México
2020-04-22,12,102,5,2341,2286,153,México
2020-04-23,11,52,7,2352,2338,160,México
2020-04-24,3,15,3,2355,2353,163,México
2020-04-25,0,2,3,2355,2355,166,México
2020-04-26,0,0,0,2355,2355,166,México
2020-03-09,1,0,0,1,0,0,Michoacán
2020-03-10,0,0,0,1,0,0,Michoacán
2020-03-11,0,0,0,1,0,0,Michoacán
2020-03-12,0,0,0,1,0,0,Michoacán
2020-03-13,0,0,0,1,0,0,Michoacán
2020-03-14,0,0,0,1,0,0,Michoacán
2020-03-15,8,0,0,9,0,0,Michoacán
2020-03-16,1,0,0,10,0,0,Michoacán
2020-03-17,2,0,0,12,0,0,Michoacán
2020-03-18,4,1,0,16,1,0,Michoacán
2020-03-19,0,1,0,16,2,0,Michoacán
2020-03-20,1,2,0,17,4,0,Michoacán
2020-03-21,0,5,0,17,9,0,Michoacán
2020-03-22,4,0,0,21,9,0,Michoacán
2020-03-23,4,3,0,25,12,0,Michoacán
2020-03-24,2,3,0,27,15,0,Michoacán
2020-03-25,4,2,0,31,17,0,Michoacán
2020-03-26,2,3,1,33,20,1,Michoacán
2020-03-27,3,1,0,36,21,1,Michoacán
2020-03-28,1,1,0,37,22,1,Michoacán
2020-03-29,1,3,0,38,25,1,Michoacán
2020-03-30,2,0,0,40,25,1,Michoacán
2020-03-31,1,4,0,41,29,1,Michoacán
2020-04-01,10,4,0,51,33,1,Michoacán
2020-04-02,3,0,0,54,33,1,Michoacán
2020-04-03,3,6,2,57,39,3,Michoacán
2020-04-04,3,2,1,60,41,4,Michoacán
2020-04-05,6,2,0,66,43,4,Michoacán
2020-04-06,5,6,1,71,49,5,Michoacán
2020-04-07,15,6,0,86,55,5,Michoacán
2020-04-08,8,4,1,94,59,6,Michoacán
2020-04-09,7,9,1,101,68,7,Michoacán
2020-04-10,10,3,1,111,71,8,Michoacán
2020-04-11,8,2,1,119,73,9,Michoacán
2020-04-12,10,4,0,129,77,9,Michoacán
2020-04-13,17,13,4,146,90,13,Michoacán
2020-04-14,8,15,1,154,105,14,Michoacán
2020-04-15,4,9,0,158,114,14,Michoacán
2020-04-16,10,8,2,168,122,16,Michoacán
2020-04-17,14,13,0,182,135,16,Michoacán
2020-04-18,7,7,1,189,142,17,Michoacán
2020-04-19,4,9,2,193,151,19,Michoacán
2020-04-20,8,24,4,201,175,23,Michoacán
2020-04-21,2,11,0,203,186,23,Michoacán
2020-04-22,1,9,1,204,195,24,Michoacán
2020-04-23,0,9,3,204,204,27,Michoacán
2020-04-24,0,0,1,204,204,28,Michoacán
2020-04-25,0,0,2,204,204,30,Michoacán
2020-04-26,0,0,0,204,204,30,Michoacán
2020-03-02,1,0,0,1,0,0,Morelos
2020-03-03,0,0,0,1,0,0,Morelos
2020-03-04,0,0,0,1,0,0,Morelos
2020-03-05,0,0,0,1,0,0,Morelos
2020-03-06,0,0,0,1,0,0,Morelos
2020-03-07,0,0,0,1,0,0,Morelos
2020-03-08,0,0,0,1,0,0,Morelos
2020-03-09,0,0,0,1,0,0,Morelos
2020-03-10,1,0,0,2,0,0,Morelos
2020-03-11,0,0,0,2,0,0,Morelos
2020-03-12,0,0,0,2,0,0,Morelos
2020-03-13,0,0,0,2,0,0,Morelos
2020-03-14,1,1,0,3,1,0,Morelos
2020-03-15,0,0,0,3,1,0,Morelos
2020-03-16,1,0,0,4,1,0,Morelos
2020-03-17,1,1,0,5,2,0,Morelos
2020-03-18,1,1,0,6,3,0,Morelos
2020-03-19,1,0,0,7,3,0,Morelos
2020-03-20,1,1,0,8,4,0,Morelos
2020-03-21,2,1,0,10,5,0,Morelos
2020-03-22,2,0,0,12,5,0,Morelos
2020-03-23,3,2,0,15,7,0,Morelos
2020-03-24,0,3,0,15,10,0,Morelos
2020-03-25,1,0,0,16,10,0,Morelos
2020-03-26,2,0,0,18,10,0,Morelos
2020-03-27,2,0,0,20,10,0,Morelos
2020-03-28,3,2,1,23,12,1,Morelos
2020-03-29,1,1,1,24,13,2,Morelos
2020-03-30,4,2,0,28,15,2,Morelos
2020-03-31,3,1,1,31,16,3,Morelos
2020-04-01,9,3,1,40,19,4,Morelos
2020-04-02,4,8,0,44,27,4,Morelos
2020-04-03,3,1,0,47,28,4,Morelos
2020-04-04,6,2,0,53,30,4,Morelos
2020-04-05,6,3,0,59,33,4,Morelos
2020-04-06,2,8,1,61,41,5,Morelos
2020-04-07,3,7,1,64,48,6,Morelos
2020-04-08,6,6,1,70,54,7,Morelos
2020-04-09,1,6,0,71,60,7,Morelos
2020-04-10,10,1,0,81,61,7,Morelos
2020-04-11,4,1,0,85,62,7,Morelos
2020-04-12,5,3,0,90,65,7,Morelos
2020-04-13,13,7,3,103,72,10,Morelos
2020-04-14,6,10,0,109,82,10,Morelos
2020-04-15,10,7,1,119,89,11,Morelos
2020-04-16,10,8,1,129,97,12,Morelos
2020-04-17,11,5,2,140,102,14,Morelos
2020-04-18,21,2,0,161,104,14,Morelos
2020-04-19,11,10,3,172,114,17,Morelos
2020-04-20,11,19,2,183,133,19,Morelos
2020-04-21,3,13,0,186,146,19,Morelos
2020-04-22,3,19,5,189,165,24,Morelos
2020-04-23,1,15,3,190,180,27,Morelos
2020-04-24,0,10,1,190,190,28,Morelos
2020-04-25,0,0,0,190,190,28,Morelos
2020-04-26,0,0,0,190,190,28,Morelos
2020-01-06,1,1,0,1,1,0,Nayarit
2020-01-07,0,0,0,1,1,0,Nayarit
2020-01-08,0,0,0,1,1,0,Nayarit
2020-01-09,0,0,0,1,1,0,Nayarit
2020-01-10,0,0,0,1,1,0,Nayarit
2020-01-11,0,0,0,1,1,0,Nayarit
2020-01-12,0,0,0,1,1,0,Nayarit
2020-01-13,0,0,0,1,1,0,Nayarit
2020-01-14,0,0,0,1,1,0,Nayarit
2020-01-15,0,0,0,1,1,0,Nayarit
2020-01-16,0,0,0,1,1,0,Nayarit
2020-01-17,0,0,0,1,1,0,Nayarit
2020-01-18,0,0,0,1,1,0,Nayarit
2020-01-19,0,0,0,1,1,0,Nayarit
2020-01-20,0,0,0,1,1,0,Nayarit
2020-01-21,0,0,0,1,1,0,Nayarit
2020-01-22,0,0,0,1,1,0,Nayarit
2020-01-23,0,0,0,1,1,0,Nayarit
2020-01-24,0,0,0,1,1,0,Nayarit
2020-01-25,0,0,0,1,1,0,Nayarit
2020-01-26,0,0,0,1,1,0,Nayarit
2020-01-27,0,0,0,1,1,0,Nayarit
2020-01-28,0,0,0,1,1,0,Nayarit
2020-01-29,0,0,0,1,1,0,Nayarit
2020-01-30,0,0,0,1,1,0,Nayarit
2020-01-31,0,0,0,1,1,0,Nayarit
2020-02-01,0,0,0,1,1,0,Nayarit
2020-02-02,0,0,0,1,1,0,Nayarit
2020-02-03,0,0,0,1,1,0,Nayarit
2020-02-04,0,0,0,1,1,0,Nayarit
2020-02-05,0,0,0,1,1,0,Nayarit
2020-02-06,0,0,0,1,1,0,Nayarit
2020-02-07,0,0,0,1,1,0,Nayarit
2020-02-08,0,0,0,1,1,0,Nayarit
2020-02-09,0,0,0,1,1,0,Nayarit
2020-02-10,0,0,0,1,1,0,Nayarit
2020-02-11,0,0,0,1,1,0,Nayarit
2020-02-12,0,0,0,1,1,0,Nayarit
2020-02-13,0,0,0,1,1,0,Nayarit
2020-02-14,0,0,0,1,1,0,Nayarit
2020-02-15,0,0,0,1,1,0,Nayarit
2020-02-16,0,0,0,1,1,0,Nayarit
2020-02-17,0,0,0,1,1,0,Nayarit
2020-02-18,0,0,0,1,1,0,Nayarit
2020-02-19,0,0,0,1,1,0,Nayarit
2020-02-20,0,0,0,1,1,0,Nayarit
2020-02-21,0,0,0,1,1,0,Nayarit
2020-02-22,0,0,0,1,1,0,Nayarit
2020-02-23,0,0,0,1,1,0,Nayarit
2020-02-24,0,0,0,1,1,0,Nayarit
2020-02-25,0,0,0,1,1,0,Nayarit
2020-02-26,0,0,0,1,1,0,Nayarit
2020-02-27,0,0,0,1,1,0,Nayarit
2020-02-28,0,0,0,1,1,0,Nayarit
2020-02-29,0,0,0,1,1,0,Nayarit
2020-03-01,0,0,0,1,1,0,Nayarit
2020-03-02,0,0,0,1,1,0,Nayarit
2020-03-03,0,0,0,1,1,0,Nayarit
2020-03-04,0,0,0,1,1,0,Nayarit
2020-03-05,0,0,0,1,1,0,Nayarit
2020-03-06,0,0,0,1,1,0,Nayarit
2020-03-07,0,0,0,1,1,0,Nayarit
2020-03-08,0,0,0,1,1,0,Nayarit
2020-03-09,0,0,0,1,1,0,Nayarit
2020-03-10,1,0,0,2,1,0,Nayarit
2020-03-11,0,0,0,2,1,0,Nayarit
2020-03-12,0,0,0,2,1,0,Nayarit
2020-03-13,0,0,0,2,1,0,Nayarit
2020-03-14,0,0,0,2,1,0,Nayarit
2020-03-15,1,0,0,3,1,0,Nayarit
2020-03-16,0,0,0,3,1,0,Nayarit
2020-03-17,1,0,0,4,1,0,Nayarit
2020-03-18,0,1,0,4,2,0,Nayarit
2020-03-19,1,1,0,5,3,0,Nayarit
2020-03-20,0,0,0,5,3,0,Nayarit
2020-03-21,1,0,0,6,3,0,Nayarit
2020-03-22,0,0,0,6,3,0,Nayarit
2020-03-23,0,2,0,6,5,0,Nayarit
2020-03-24,2,3,0,8,8,0,Nayarit
2020-03-25,0,0,0,8,8,0,Nayarit
2020-03-26,0,0,0,8,8,0,Nayarit
2020-03-27,2,0,0,10,8,0,Nayarit
2020-03-28,0,0,0,10,8,0,Nayarit
2020-03-29,0,0,0,10,8,0,Nayarit
2020-03-30,0,0,1,10,8,1,Nayarit
2020-03-31,3,2,0,13,10,1,Nayarit
2020-04-01,2,0,0,15,10,1,Nayarit
2020-04-02,3,0,0,18,10,1,Nayarit
2020-04-03,1,1,0,19,11,1,Nayarit
2020-04-04,3,4,0,22,15,1,Nayarit
2020-04-05,4,2,0,26,17,1,Nayarit
2020-04-06,1,2,0,27,19,1,Nayarit
2020-04-07,1,2,0,28,21,1,Nayarit
2020-04-08,3,2,2,31,23,3,Nayarit
2020-04-09,2,2,1,33,25,4,Nayarit
2020-04-10,4,0,0,37,25,4,Nayarit
2020-04-11,1,2,0,38,27,4,Nayarit
2020-04-12,1,3,1,39,30,5,Nayarit
2020-04-13,3,4,0,42,34,5,Nayarit
2020-04-14,3,2,0,45,36,5,Nayarit
2020-04-15,1,2,0,46,38,5,Nayarit
2020-04-16,2,3,0,48,41,5,Nayarit
2020-04-17,8,4,1,56,45,6,Nayarit
2020-04-18,3,2,0,59,47,6,Nayarit
2020-04-19,2,2,0,61,49,6,Nayarit
2020-04-20,1,1,1,62,50,7,Nayarit
2020-04-21,1,3,0,63,53,7,Nayarit
2020-04-22,0,4,0,63,57,7,Nayarit
2020-04-23,0,4,0,63,61,7,Nayarit
2020-04-24,0,2,0,63,63,7,Nayarit
2020-04-25,0,0,0,63,63,7,Nayarit
2020-04-26,0,0,0,63,63,7,Nayarit
2020-03-02,1,0,0,1,0,0,Nuevo León
2020-03-03,0,0,0,1,0,0,Nuevo León
2020-03-04,1,0,0,2,0,0,Nuevo León
2020-03-05,1,0,0,3,0,0,Nuevo León
2020-03-06,1,0,0,4,0,0,Nuevo León
2020-03-07,2,0,0,6,0,0,Nuevo León
2020-03-08,0,0,0,6,0,0,Nuevo León
2020-03-09,9,0,0,15,0,0,Nuevo León
2020-03-10,2,2,0,17,2,0,Nuevo León
2020-03-11,5,4,0,22,6,0,Nuevo León
2020-03-12,2,0,0,24,6,0,Nuevo León
2020-03-13,6,5,0,30,11,0,Nuevo León
2020-03-14,8,6,0,38,17,0,Nuevo León
2020-03-15,7,0,0,45,17,0,Nuevo León
2020-03-16,3,6,0,48,23,0,Nuevo León
2020-03-17,8,6,0,56,29,0,Nuevo León
2020-03-18,6,9,0,62,38,0,Nuevo León
2020-03-19,5,4,0,67,42,0,Nuevo León
2020-03-20,5,12,0,72,54,0,Nuevo León
2020-03-21,3,4,0,75,58,0,Nuevo León
2020-03-22,4,4,0,79,62,0,Nuevo León
2020-03-23,3,5,0,82,67,0,Nuevo León
2020-03-24,1,5,0,83,72,0,Nuevo León
2020-03-25,2,0,0,85,72,0,Nuevo León
2020-03-26,3,2,0,88,74,0,Nuevo León
2020-03-27,2,8,0,90,82,0,Nuevo León
2020-03-28,1,2,0,91,84,0,Nuevo León
2020-03-29,2,3,0,93,87,0,Nuevo León
2020-03-30,4,4,0,97,91,0,Nuevo León
2020-03-31,7,0,0,104,91,0,Nuevo León
2020-04-01,5,0,0,109,91,0,Nuevo León
2020-04-02,10,5,0,119,96,0,Nuevo León
2020-04-03,7,2,2,126,98,2,Nuevo León
2020-04-04,2,3,0,128,101,2,Nuevo León
2020-04-05,7,2,1,135,103,3,Nuevo León
2020-04-06,10,10,0,145,113,3,Nuevo León
2020-04-07,12,6,2,157,119,5,Nuevo León
2020-04-08,10,8,0,167,127,5,Nuevo León
2020-04-09,11,1,0,178,128,5,Nuevo León
2020-04-10,21,22,0,199,150,5,Nuevo León
2020-04-11,13,8,0,212,158,5,Nuevo León
2020-04-12,6,15,0,218,173,5,Nuevo León
2020-04-13,10,18,0,228,191,5,Nuevo León
2020-04-14,8,14,0,236,205,5,Nuevo León
2020-04-15,5,3,0,241,208,5,Nuevo León
2020-04-16,8,10,0,249,218,5,Nuevo León
2020-04-17,7,8,0,256,226,5,Nuevo León
2020-04-18,4,7,0,260,233,5,Nuevo León
2020-04-19,4,1,1,264,234,6,Nuevo León
2020-04-20,4,12,1,268,246,7,Nuevo León
2020-04-21,4,15,0,272,261,7,Nuevo León
2020-04-22,3,8,1,275,269,8,Nuevo León
2020-04-23,1,3,0,276,272,8,Nuevo León
2020-04-24,0,4,0,276,276,8,Nuevo León
2020-04-25,0,0,0,276,276,8,Nuevo León
2020-04-26,0,0,0,276,276,8,Nuevo León
2020-03-09,1,0,0,1,0,0,Oaxaca
2020-03-10,1,0,0,2,0,0,Oaxaca
2020-03-11,0,0,0,2,0,0,Oaxaca
2020-03-12,2,0,0,4,0,0,Oaxaca
2020-03-13,0,2,0,4,2,0,Oaxaca
2020-03-14,0,0,0,4,2,0,Oaxaca
2020-03-15,0,0,0,4,2,0,Oaxaca
2020-03-16,1,0,0,5,2,0,Oaxaca
2020-03-17,0,0,0,5,2,0,Oaxaca
2020-03-18,0,0,0,5,2,0,Oaxaca
2020-03-19,2,1,0,7,3,0,Oaxaca
2020-03-20,3,1,0,10,4,0,Oaxaca
2020-03-21,1,1,0,11,5,0,Oaxaca
2020-03-22,1,1,0,12,6,0,Oaxaca
2020-03-23,4,2,0,16,8,0,Oaxaca
2020-03-24,1,1,0,17,9,0,Oaxaca
2020-03-25,1,3,0,18,12,0,Oaxaca
2020-03-26,3,3,0,21,15,0,Oaxaca
2020-03-27,3,1,0,24,16,0,Oaxaca
2020-03-28,4,1,0,28,17,0,Oaxaca
2020-03-29,3,2,1,31,19,1,Oaxaca
2020-03-30,3,2,0,34,21,1,Oaxaca
2020-03-31,1,5,0,35,26,1,Oaxaca
2020-04-01,0,1,0,35,27,1,Oaxaca
2020-04-02,0,0,0,35,27,1,Oaxaca
2020-04-03,5,3,0,40,30,1,Oaxaca
2020-04-04,2,2,0,42,32,1,Oaxaca
2020-04-05,3,2,0,45,34,1,Oaxaca
2020-04-06,5,6,0,50,40,1,Oaxaca
2020-04-07,0,0,0,50,40,1,Oaxaca
2020-04-08,2,4,0,52,44,1,Oaxaca
2020-04-09,6,0,1,58,44,2,Oaxaca
2020-04-10,7,2,0,65,46,2,Oaxaca
2020-04-11,0,1,1,65,47,3,Oaxaca
2020-04-12,4,2,0,69,49,3,Oaxaca
2020-04-13,1,5,0,70,54,3,Oaxaca
2020-04-14,10,4,1,80,58,4,Oaxaca
2020-04-15,8,7,0,88,65,4,Oaxaca
2020-04-16,3,4,1,91,69,5,Oaxaca
2020-04-17,1,8,1,92,77,6,Oaxaca
2020-04-18,4,3,0,96,80,6,Oaxaca
2020-04-19,6,3,0,102,83,6,Oaxaca
2020-04-20,4,5,1,106,88,7,Oaxaca
2020-04-21,0,2,1,106,90,8,Oaxaca
2020-04-22,0,8,1,106,98,9,Oaxaca
2020-04-23,0,5,4,106,103,13,Oaxaca
2020-04-24,0,3,1,106,106,14,Oaxaca
2020-04-25,0,0,0,106,106,14,Oaxaca
2020-04-26,0,0,1,106,106,15,Oaxaca
2020-03-05,2,0,0,2,0,0,Puebla
2020-03-06,0,0,0,2,0,0,Puebla
2020-03-07,0,0,0,2,0,0,Puebla
2020-03-08,2,0,0,4,0,0,Puebla
2020-03-09,4,0,0,8,0,0,Puebla
2020-03-10,3,0,0,11,0,0,Puebla
2020-03-11,2,1,0,13,1,0,Puebla
2020-03-12,1,1,0,14,2,0,Puebla
2020-03-13,4,4,0,18,6,0,Puebla
2020-03-14,4,2,0,22,8,0,Puebla
2020-03-15,3,3,0,25,11,0,Puebla
2020-03-16,11,2,0,36,13,0,Puebla
2020-03-17,4,3,0,40,16,0,Puebla
2020-03-18,6,3,0,46,19,0,Puebla
2020-03-19,1,5,0,47,24,0,Puebla
2020-03-20,10,5,0,57,29,0,Puebla
2020-03-21,9,4,0,66,33,0,Puebla
2020-03-22,9,1,0,75,34,0,Puebla
2020-03-23,15,8,0,90,42,0,Puebla
2020-03-24,7,15,0,97,57,0,Puebla
2020-03-25,4,6,0,101,63,0,Puebla
2020-03-26,6,14,0,107,77,0,Puebla
2020-03-27,13,8,1,120,85,1,Puebla
2020-03-28,24,12,1,144,97,2,Puebla
2020-03-29,25,4,0,169,101,2,Puebla
2020-03-30,19,14,0,188,115,2,Puebla
2020-03-31,9,21,1,197,136,3,Puebla
2020-04-01,16,13,1,213,149,4,Puebla
2020-04-02,23,18,1,236,167,5,Puebla
2020-04-03,17,14,1,253,181,6,Puebla
2020-04-04,12,10,3,265,191,9,Puebla
2020-04-05,12,6,3,277,197,12,Puebla
2020-04-06,18,22,4,295,219,16,Puebla
2020-04-07,6,12,7,301,231,23,Puebla
2020-04-08,6,20,1,307,251,24,Puebla
2020-04-09,10,11,1,317,262,25,Puebla
2020-04-10,16,8,4,333,270,29,Puebla
2020-04-11,19,14,5,352,284,34,Puebla
2020-04-12,17,4,2,369,288,36,Puebla
2020-04-13,25,21,2,394,309,38,Puebla
2020-04-14,14,10,4,408,319,42,Puebla
2020-04-15,13,23,1,421,342,43,Puebla
2020-04-16,17,17,4,438,359,47,Puebla
2020-04-17,22,27,2,460,386,49,Puebla
2020-04-18,14,22,5,474,408,54,Puebla
2020-04-19,14,13,4,488,421,58,Puebla
2020-04-20,8,24,3,496,445,61,Puebla
2020-04-21,11,14,2,507,459,63,Puebla
2020-04-22,3,22,3,510,481,66,Puebla
2020-04-23,1,23,3,511,504,69,Puebla
2020-04-24,0,7,0,511,511,69,Puebla
2020-04-25,0,0,0,511,511,69,Puebla
2020-04-26,0,0,0,511,511,69,Puebla
2020-03-05,1,0,0,1,0,0,Querétaro
2020-03-06,0,0,0,1,0,0,Querétaro
2020-03-07,0,0,0,1,0,0,Querétaro
2020-03-08,1,0,0,2,0,0,Querétaro
2020-03-09,1,0,0,3,0,0,Querétaro
2020-03-10,4,2,0,7,2,0,Querétaro
2020-03-11,1,1,0,8,3,0,Querétaro
2020-03-12,0,1,0,8,4,0,Querétaro
2020-03-13,1,2,0,9,6,0,Querétaro
2020-03-14,1,1,0,10,7,0,Querétaro
2020-03-15,1,0,0,11,7,0,Querétaro
2020-03-16,3,0,0,14,7,0,Querétaro
2020-03-17,3,2,0,17,9,0,Querétaro
2020-03-18,2,2,0,19,11,0,Querétaro
2020-03-19,0,3,0,19,14,0,Querétaro
2020-03-20,3,0,0,22,14,0,Querétaro
2020-03-21,2,1,0,24,15,0,Querétaro
2020-03-22,2,0,0,26,15,0,Querétaro
2020-03-23,2,3,0,28,18,0,Querétaro
2020-03-24,0,4,0,28,22,0,Querétaro
2020-03-25,3,2,0,31,24,0,Querétaro
2020-03-26,3,1,0,34,25,0,Querétaro
2020-03-27,2,3,0,36,28,0,Querétaro
2020-03-28,2,0,1,38,28,1,Querétaro
2020-03-29,1,1,0,39,29,1,Querétaro
2020-03-30,1,1,0,40,30,1,Querétaro
2020-03-31,1,4,0,41,34,1,Querétaro
2020-04-01,4,4,0,45,38,1,Querétaro
2020-04-02,2,1,1,47,39,2,Querétaro
2020-04-03,4,4,0,51,43,2,Querétaro
2020-04-04,3,1,0,54,44,2,Querétaro
2020-04-05,2,0,0,56,44,2,Querétaro
2020-04-06,3,4,0,59,48,2,Querétaro
2020-04-07,3,4,0,62,52,2,Querétaro
2020-04-08,1,3,0,63,55,2,Querétaro
2020-04-09,3,3,0,66,58,2,Querétaro
2020-04-10,4,2,1,70,60,3,Querétaro
2020-04-11,5,2,1,75,62,4,Querétaro
2020-04-12,6,1,0,81,63,4,Querétaro
2020-04-13,1,6,0,82,69,4,Querétaro
2020-04-14,3,7,1,85,76,5,Querétaro
2020-04-15,6,2,1,91,78,6,Querétaro
2020-04-16,1,5,0,92,83,6,Querétaro
2020-04-17,5,5,0,97,88,6,Querétaro
2020-04-18,6,2,0,103,90,6,Querétaro
2020-04-19,2,1,0,105,91,6,Querétaro
2020-04-20,1,4,0,106,95,6,Querétaro
2020-04-21,2,1,1,108,96,7,Querétaro
2020-04-22,3,6,0,111,102,7,Querétaro
2020-04-23,0,7,0,111,109,7,Querétaro
2020-04-24,0,2,0,111,111,7,Querétaro
2020-04-25,0,0,1,111,111,8,Querétaro
2020-04-26,0,0,1,111,111,9,Querétaro
2020-03-01,1,0,0,1,0,0,Quintana Roo
2020-03-02,0,0,0,1,0,0,Quintana Roo
2020-03-03,0,0,0,1,0,0,Quintana Roo
2020-03-04,0,0,0,1,0,0,Quintana Roo
2020-03-05,0,0,0,1,0,0,Quintana Roo
2020-03-06,0,0,0,1,0,0,Quintana Roo
2020-03-07,0,0,0,1,0,0,Quintana Roo
2020-03-08,1,0,0,2,0,0,Quintana Roo
2020-03-09,1,0,0,3,0,0,Quintana Roo
2020-03-10,2,0,0,5,0,0,Quintana Roo
2020-03-11,3,2,0,8,2,0,Quintana Roo
2020-03-12,1,1,0,9,3,0,Quintana Roo
2020-03-13,3,0,0,12,3,0,Quintana Roo
2020-03-14,4,4,0,16,7,0,Quintana Roo
2020-03-15,6,0,0,22,7,0,Quintana Roo
2020-03-16,2,3,0,24,10,0,Quintana Roo
2020-03-17,3,4,0,27,14,0,Quintana Roo
2020-03-18,7,2,0,34,16,0,Quintana Roo
2020-03-19,4,5,0,38,21,0,Quintana Roo
2020-03-20,8,0,0,46,21,0,Quintana Roo
2020-03-21,9,3,0,55,24,0,Quintana Roo
2020-03-22,6,4,0,61,28,0,Quintana Roo
2020-03-23,10,4,0,71,32,0,Quintana Roo
2020-03-24,6,9,0,77,41,0,Quintana Roo
2020-03-25,13,11,0,90,52,0,Quintana Roo
2020-03-26,6,9,1,96,61,1,Quintana Roo
2020-03-27,21,7,1,117,68,2,Quintana Roo
2020-03-28,16,7,1,133,75,3,Quintana Roo
2020-03-29,18,3,0,151,78,3,Quintana Roo
2020-03-30,17,22,0,168,100,3,Quintana Roo
2020-03-31,13,14,2,181,114,5,Quintana Roo
2020-04-01,19,23,1,200,137,6,Quintana Roo
2020-04-02,15,12,2,215,149,8,Quintana Roo
2020-04-03,18,13,2,233,162,10,Quintana Roo
2020-04-04,13,8,1,246,170,11,Quintana Roo
2020-04-05,25,10,1,271,180,12,Quintana Roo
2020-04-06,27,29,2,298,209,14,Quintana Roo
2020-04-07,14,18,2,312,227,16,Quintana Roo
2020-04-08,20,26,3,332,253,19,Quintana Roo
2020-04-09,25,9,3,357,262,22,Quintana Roo
2020-04-10,29,23,2,386,285,24,Quintana Roo
2020-04-11,30,16,2,416,301,26,Quintana Roo
2020-04-12,26,20,4,442,321,30,Quintana Roo
2020-04-13,22,21,5,464,342,35,Quintana Roo
2020-04-14,23,18,3,487,360,38,Quintana Roo
2020-04-15,22,21,0,509,381,38,Quintana Roo
2020-04-16,27,30,1,536,411,39,Quintana Roo
2020-04-17,20,36,3,556,447,42,Quintana Roo
2020-04-18,20,36,6,576,483,48,Quintana Roo
2020-04-19,10,19,6,586,502,54,Quintana Roo
2020-04-20,11,41,8,597,543,62,Quintana Roo
2020-04-21,6,27,5,603,570,67,Quintana Roo
2020-04-22,1,22,6,604,592,73,Quintana Roo
2020-04-23,0,8,2,604,600,75,Quintana Roo
2020-04-24,0,4,3,604,604,78,Quintana Roo
2020-04-25,0,0,2,604,604,80,Quintana Roo
2020-04-26,0,0,0,604,604,80,Quintana Roo
2020-03-07,1,0,0,1,0,0,San Luis Potosí
2020-03-08,0,0,0,1,0,0,San Luis Potosí
2020-03-09,1,0,0,2,0,0,San Luis Potosí
2020-03-10,0,0,0,2,0,0,San Luis Potosí
2020-03-11,1,0,0,3,0,0,San Luis Potosí
2020-03-12,1,0,0,4,0,0,San Luis Potosí
2020-03-13,0,2,0,4,2,0,San Luis Potosí
2020-03-14,1,0,0,5,2,0,San Luis Potosí
2020-03-15,4,0,0,9,2,0,San Luis Potosí
2020-03-16,2,1,0,11,3,0,San Luis Potosí
2020-03-17,1,5,0,12,8,0,San Luis Potosí
2020-03-18,4,1,0,16,9,0,San Luis Potosí
2020-03-19,2,3,0,18,12,0,San Luis Potosí
2020-03-20,1,3,0,19,15,0,San Luis Potosí
2020-03-21,2,4,0,21,19,0,San Luis Potosí
2020-03-22,3,1,0,24,20,0,San Luis Potosí
2020-03-23,0,2,0,24,22,0,San Luis Potosí
2020-03-24,5,0,1,29,22,1,San Luis Potosí
2020-03-25,3,0,1,32,22,2,San Luis Potosí
2020-03-26,1,1,0,33,23,2,San Luis Potosí
2020-03-27,3,6,0,36,29,2,San Luis Potosí
2020-03-28,1,0,0,37,29,2,San Luis Potosí
2020-03-29,2,6,0,39,35,2,San Luis Potosí
2020-03-30,1,3,1,40,38,3,San Luis Potosí
2020-03-31,4,2,0,44,40,3,San Luis Potosí
2020-04-01,2,0,0,46,40,3,San Luis Potosí
2020-04-02,3,0,0,49,40,3,San Luis Potosí
2020-04-03,4,0,0,53,40,3,San Luis Potosí
2020-04-04,3,3,0,56,43,3,San Luis Potosí
2020-04-05,0,1,0,56,44,3,San Luis Potosí
2020-04-06,1,2,1,57,46,4,San Luis Potosí
2020-04-07,0,4,0,57,50,4,San Luis Potosí
2020-04-08,1,1,0,58,51,4,San Luis Potosí
2020-04-09,1,4,0,59,55,4,San Luis Potosí
2020-04-10,2,1,0,61,56,4,San Luis Potosí
2020-04-11,0,2,0,61,58,4,San Luis Potosí
2020-04-12,1,0,0,62,58,4,San Luis Potosí
2020-04-13,3,1,0,65,59,4,San Luis Potosí
2020-04-14,4,0,0,69,59,4,San Luis Potosí
2020-04-15,1,2,0,70,61,4,San Luis Potosí
2020-04-16,1,2,0,71,63,4,San Luis Potosí
2020-04-17,1,7,1,72,70,5,San Luis Potosí
2020-04-18,1,1,1,73,71,6,San Luis Potosí
2020-04-19,0,0,0,73,71,6,San Luis Potosí
2020-04-20,3,0,0,76,71,6,San Luis Potosí
2020-04-21,1,1,0,77,72,6,San Luis Potosí
2020-04-22,1,0,0,78,72,6,San Luis Potosí
2020-04-23,0,3,0,78,75,6,San Luis Potosí
2020-04-24,0,2,0,78,77,6,San Luis Potosí
2020-04-25,0,1,0,78,78,6,San Luis Potosí
2020-04-26,0,0,0,78,78,6,San Luis Potosí
2020-03-01,1,0,0,1,0,0,Sinaloa
2020-03-02,0,0,0,1,0,0,Sinaloa
2020-03-03,0,0,0,1,0,0,Sinaloa
2020-03-04,0,0,0,1,0,0,Sinaloa
2020-03-05,0,0,0,1,0,0,Sinaloa
2020-03-06,0,0,0,1,0,0,Sinaloa
2020-03-07,0,0,0,1,0,0,Sinaloa
2020-03-08,0,0,0,1,0,0,Sinaloa
2020-03-09,1,0,0,2,0,0,Sinaloa
2020-03-10,0,0,0,2,0,0,Sinaloa
2020-03-11,0,0,0,2,0,0,Sinaloa
2020-03-12,1,0,0,3,0,0,Sinaloa
2020-03-13,0,1,0,3,1,0,Sinaloa
2020-03-14,2,0,0,5,1,0,Sinaloa
2020-03-15,2,0,0,7,1,0,Sinaloa
2020-03-16,3,1,0,10,2,0,Sinaloa
2020-03-17,2,1,0,12,3,0,Sinaloa
2020-03-18,1,0,0,13,3,0,Sinaloa
2020-03-19,3,1,0,16,4,0,Sinaloa
2020-03-20,6,1,0,22,5,0,Sinaloa
2020-03-21,6,0,0,28,5,0,Sinaloa
2020-03-22,6,1,0,34,6,0,Sinaloa
2020-03-23,16,2,0,50,8,0,Sinaloa
2020-03-24,12,6,0,62,14,0,Sinaloa
2020-03-25,9,7,0,71,21,0,Sinaloa
2020-03-26,11,9,1,82,30,1,Sinaloa
2020-03-27,13,9,0,95,39,1,Sinaloa
2020-03-28,10,5,1,105,44,2,Sinaloa
2020-03-29,15,6,1,120,50,3,Sinaloa
2020-03-30,16,11,0,136,61,3,Sinaloa
2020-03-31,24,15,1,160,76,4,Sinaloa
2020-04-01,18,14,2,178,90,6,Sinaloa
2020-04-02,21,28,3,199,118,9,Sinaloa
2020-04-03,27,9,2,226,127,11,Sinaloa
2020-04-04,25,10,2,251,137,13,Sinaloa
2020-04-05,22,15,0,273,152,13,Sinaloa
2020-04-06,29,28,1,302,180,14,Sinaloa
2020-04-07,29,20,2,331,200,16,Sinaloa
2020-04-08,39,29,5,370,229,21,Sinaloa
2020-04-09,35,12,5,405,241,26,Sinaloa
2020-04-10,46,33,7,451,274,33,Sinaloa
2020-04-11,36,23,8,487,297,41,Sinaloa
2020-04-12,35,21,5,522,318,46,Sinaloa
2020-04-13,37,42,7,559,360,53,Sinaloa
2020-04-14,31,46,4,590,406,57,Sinaloa
2020-04-15,22,49,4,612,455,61,Sinaloa
2020-04-16,29,40,3,641,495,64,Sinaloa
2020-04-17,30,36,4,671,531,68,Sinaloa
2020-04-18,18,28,4,689,559,72,Sinaloa
2020-04-19,30,31,3,719,590,75,Sinaloa
2020-04-20,19,56,8,738,646,83,Sinaloa
2020-04-21,5,41,4,743,687,87,Sinaloa
2020-04-22,4,29,7,747,716,94,Sinaloa
2020-04-23,0,28,5,747,744,99,Sinaloa
2020-04-24,0,3,3,747,747,102,Sinaloa
2020-04-25,0,0,2,747,747,104,Sinaloa
2020-04-26,0,0,1,747,747,105,Sinaloa
2020-03-11,2,0,0,2,0,0,Sonora
2020-03-12,2,0,0,4,0,0,Sonora
2020-03-13,0,0,0,4,0,0,Sonora
2020-03-14,0,0,0,4,0,0,Sonora
2020-03-15,1,1,0,5,1,0,Sonora
2020-03-16,2,0,0,7,1,0,Sonora
2020-03-17,3,2,0,10,3,0,Sonora
2020-03-18,1,1,0,11,4,0,Sonora
2020-03-19,2,0,0,13,4,0,Sonora
2020-03-20,2,1,0,15,5,0,Sonora
2020-03-21,0,1,0,15,6,0,Sonora
2020-03-22,2,0,0,17,6,0,Sonora
2020-03-23,1,2,0,18,8,0,Sonora
2020-03-24,2,3,0,20,11,0,Sonora
2020-03-25,1,3,0,21,14,0,Sonora
2020-03-26,4,0,0,25,14,0,Sonora
2020-03-27,4,4,0,29,18,0,Sonora
2020-03-28,5,3,0,34,21,0,Sonora
2020-03-29,0,0,0,34,21,0,Sonora
2020-03-30,1,1,1,35,22,1,Sonora
2020-03-31,4,5,0,39,27,1,Sonora
2020-04-01,10,1,0,49,28,1,Sonora
2020-04-02,2,2,0,51,30,1,Sonora
2020-04-03,5,1,0,56,31,1,Sonora
2020-04-04,7,6,0,63,37,1,Sonora
2020-04-05,4,2,2,67,39,3,Sonora
2020-04-06,16,9,1,83,48,4,Sonora
2020-04-07,6,9,1,89,57,5,Sonora
2020-04-08,8,9,1,97,66,6,Sonora
2020-04-09,10,4,1,107,70,7,Sonora
2020-04-10,12,5,0,119,75,7,Sonora
2020-04-11,5,5,1,124,80,8,Sonora
2020-04-12,5,3,3,129,83,11,Sonora
2020-04-13,5,14,0,134,97,11,Sonora
2020-04-14,7,5,1,141,102,12,Sonora
2020-04-15,1,11,1,142,113,13,Sonora
2020-04-16,8,6,0,150,119,13,Sonora
2020-04-17,6,7,1,156,126,14,Sonora
2020-04-18,5,11,0,161,137,14,Sonora
2020-04-19,1,5,0,162,142,14,Sonora
2020-04-20,4,6,2,166,148,16,Sonora
2020-04-21,1,10,2,167,158,18,Sonora
2020-04-22,0,9,1,167,167,19,Sonora
2020-04-23,0,0,0,167,167,19,Sonora
2020-04-24,0,0,1,167,167,20,Sonora
2020-04-25,0,0,0,167,167,20,Sonora
2020-04-26,0,0,0,167,167,20,Sonora
2020-01-08,1,1,0,1,1,0,Tabasco
2020-01-09,0,0,0,1,1,0,Tabasco
2020-01-10,0,0,0,1,1,0,Tabasco
2020-01-11,0,0,0,1,1,0,Tabasco
2020-01-12,0,0,0,1,1,0,Tabasco
2020-01-13,0,0,0,1,1,0,Tabasco
2020-01-14,0,0,0,1,1,0,Tabasco
2020-01-15,0,0,0,1,1,0,Tabasco
2020-01-16,0,0,0,1,1,0,Tabasco
2020-01-17,0,0,0,1,1,0,Tabasco
2020-01-18,0,0,0,1,1,0,Tabasco
2020-01-19,0,0,0,1,1,0,Tabasco
2020-01-20,0,0,0,1,1,0,Tabasco
2020-01-21,0,0,0,1,1,0,Tabasco
2020-01-22,0,0,0,1,1,0,Tabasco
2020-01-23,0,0,0,1,1,0,Tabasco
2020-01-24,0,0,0,1,1,0,Tabasco
2020-01-25,0,0,0,1,1,0,Tabasco
2020-01-26,0,0,0,1,1,0,Tabasco
2020-01-27,0,0,0,1,1,0,Tabasco
2020-01-28,0,0,0,1,1,0,Tabasco
2020-01-29,0,0,0,1,1,0,Tabasco
2020-01-30,0,0,0,1,1,0,Tabasco
2020-01-31,0,0,0,1,1,0,Tabasco
2020-02-01,0,0,0,1,1,0,Tabasco
2020-02-02,0,0,0,1,1,0,Tabasco
2020-02-03,0,0,0,1,1,0,Tabasco
2020-02-04,0,0,0,1,1,0,Tabasco
2020-02-05,0,0,0,1,1,0,Tabasco
2020-02-06,0,0,0,1,1,0,Tabasco
2020-02-07,0,0,0,1,1,0,Tabasco
2020-02-08,0,0,0,1,1,0,Tabasco
2020-02-09,0,0,0,1,1,0,Tabasco
2020-02-10,0,0,0,1,1,0,Tabasco
2020-02-11,0,0,0,1,1,0,Tabasco
2020-02-12,0,0,0,1,1,0,Tabasco
2020-02-13,0,0,0,1,1,0,Tabasco
2020-02-14,0,0,0,1,1,0,Tabasco
2020-02-15,0,0,0,1,1,0,Tabasco
2020-02-16,0,0,0,1,1,0,Tabasco
2020-02-17,0,0,0,1,1,0,Tabasco
2020-02-18,0,0,0,1,1,0,Tabasco
2020-02-19,0,0,0,1,1,0,Tabasco
2020-02-20,0,0,0,1,1,0,Tabasco
2020-02-21,0,0,0,1,1,0,Tabasco
2020-02-22,0,0,0,1,1,0,Tabasco
2020-02-23,0,0,0,1,1,0,Tabasco
2020-02-24,0,0,0,1,1,0,Tabasco
2020-02-25,0,0,0,1,1,0,Tabasco
2020-02-26,0,0,0,1,1,0,Tabasco
2020-02-27,0,0,0,1,1,0,Tabasco
2020-02-28,0,0,0,1,1,0,Tabasco
2020-02-29,0,0,0,1,1,0,Tabasco
2020-03-01,0,0,0,1,1,0,Tabasco
2020-03-02,0,0,0,1,1,0,Tabasco
2020-03-03,0,0,0,1,1,0,Tabasco
2020-03-04,0,0,0,1,1,0,Tabasco
2020-03-05,0,0,0,1,1,0,Tabasco
2020-03-06,0,0,0,1,1,0,Tabasco
2020-03-07,0,0,0,1,1,0,Tabasco
2020-03-08,0,0,0,1,1,0,Tabasco
2020-03-09,3,0,0,4,1,0,Tabasco
2020-03-10,2,0,0,6,1,0,Tabasco
2020-03-11,0,0,0,6,1,0,Tabasco
2020-03-12,0,0,0,6,1,0,Tabasco
2020-03-13,2,0,0,8,1,0,Tabasco
2020-03-14,2,0,0,10,1,0,Tabasco
2020-03-15,1,0,0,11,1,0,Tabasco
2020-03-16,3,0,0,14,1,0,Tabasco
2020-03-17,2,1,0,16,2,0,Tabasco
2020-03-18,5,2,0,21,4,0,Tabasco
2020-03-19,8,2,0,29,6,0,Tabasco
2020-03-20,4,2,0,33,8,0,Tabasco
2020-03-21,5,0,0,38,8,0,Tabasco
2020-03-22,3,0,0,41,8,0,Tabasco
2020-03-23,7,3,0,48,11,0,Tabasco
2020-03-24,6,10,0,54,21,0,Tabasco
2020-03-25,11,3,0,65,24,0,Tabasco
2020-03-26,6,5,0,71,29,0,Tabasco
2020-03-27,7,10,0,78,39,0,Tabasco
2020-03-28,16,1,0,94,40,0,Tabasco
2020-03-29,12,9,0,106,49,0,Tabasco
2020-03-30,12,9,0,118,58,0,Tabasco
2020-03-31,10,11,1,128,69,1,Tabasco
2020-04-01,12,9,3,140,78,4,Tabasco
2020-04-02,17,15,0,157,93,4,Tabasco
2020-04-03,13,20,1,170,113,5,Tabasco
2020-04-04,24,3,0,194,116,5,Tabasco
2020-04-05,16,8,3,210,124,8,Tabasco
2020-04-06,29,7,3,239,131,11,Tabasco
2020-04-07,31,13,0,270,144,11,Tabasco
2020-04-08,29,17,1,299,161,12,Tabasco
2020-04-09,39,11,1,338,172,13,Tabasco
2020-04-10,44,13,0,382,185,13,Tabasco
2020-04-11,25,18,1,407,203,14,Tabasco
2020-04-12,38,27,2,445,230,16,Tabasco
2020-04-13,38,29,4,483,259,20,Tabasco
2020-04-14,56,46,5,539,305,25,Tabasco
2020-04-15,36,37,3,575,342,28,Tabasco
2020-04-16,34,40,3,609,382,31,Tabasco
2020-04-17,28,52,10,637,434,41,Tabasco
2020-04-18,25,46,9,662,480,50,Tabasco
2020-04-19,26,40,8,688,520,58,Tabasco
2020-04-20,14,52,7,702,572,65,Tabasco
2020-04-21,14,53,3,716,625,68,Tabasco
2020-04-22,8,53,10,724,678,78,Tabasco
2020-04-23,4,31,8,728,709,86,Tabasco
2020-04-24,0,19,7,728,728,93,Tabasco
2020-04-25,0,0,3,728,728,96,Tabasco
2020-04-26,0,0,0,728,728,96,Tabasco
2020-03-13,1,0,0,1,0,0,Tamaulipas
2020-03-14,2,0,0,3,0,0,Tamaulipas
2020-03-15,0,1,0,3,1,0,Tamaulipas
2020-03-16,3,1,0,6,2,0,Tamaulipas
2020-03-17,0,0,0,6,2,0,Tamaulipas
2020-03-18,0,0,0,6,2,0,Tamaulipas
2020-03-19,0,1,0,6,3,0,Tamaulipas
2020-03-20,3,1,0,9,4,0,Tamaulipas
2020-03-21,2,0,0,11,4,0,Tamaulipas
2020-03-22,1,2,0,12,6,0,Tamaulipas
2020-03-23,1,1,0,13,7,0,Tamaulipas
2020-03-24,1,1,0,14,8,0,Tamaulipas
2020-03-25,3,0,0,17,8,0,Tamaulipas
2020-03-26,4,0,0,21,8,0,Tamaulipas
2020-03-27,3,1,0,24,9,0,Tamaulipas
2020-03-28,1,2,0,25,11,0,Tamaulipas
2020-03-29,0,3,0,25,14,0,Tamaulipas
2020-03-30,9,4,0,34,18,0,Tamaulipas
2020-03-31,5,4,0,39,22,0,Tamaulipas
2020-04-01,5,6,0,44,28,0,Tamaulipas
2020-04-02,4,1,0,48,29,0,Tamaulipas
2020-04-03,1,4,1,49,33,1,Tamaulipas
2020-04-04,8,3,1,57,36,2,Tamaulipas
2020-04-05,3,1,0,60,37,2,Tamaulipas
2020-04-06,4,8,1,64,45,3,Tamaulipas
2020-04-07,6,4,0,70,49,3,Tamaulipas
2020-04-08,3,3,0,73,52,3,Tamaulipas
2020-04-09,4,4,0,77,56,3,Tamaulipas
2020-04-10,6,4,0,83,60,3,Tamaulipas
2020-04-11,8,2,0,91,62,3,Tamaulipas
2020-04-12,8,7,0,99,69,3,Tamaulipas
2020-04-13,22,5,0,121,74,3,Tamaulipas
2020-04-14,11,16,1,132,90,4,Tamaulipas
2020-04-15,9,14,1,141,104,5,Tamaulipas
2020-04-16,16,22,0,157,126,5,Tamaulipas
2020-04-17,18,15,1,175,141,6,Tamaulipas
2020-04-18,15,7,0,190,148,6,Tamaulipas
2020-04-19,7,5,0,197,153,6,Tamaulipas
2020-04-20,18,19,3,215,172,9,Tamaulipas
2020-04-21,12,14,0,227,186,9,Tamaulipas
2020-04-22,6,15,0,233,201,9,Tamaulipas
2020-04-23,15,25,2,248,226,11,Tamaulipas
2020-04-24,3,16,0,251,242,11,Tamaulipas
2020-04-25,10,19,0,261,261,11,Tamaulipas
2020-04-26,0,0,0,261,261,11,Tamaulipas
2020-03-16,2,0,0,2,0,0,Tlaxcala
2020-03-17,0,0,0,2,0,0,Tlaxcala
2020-03-18,0,0,0,2,0,0,Tlaxcala
2020-03-19,0,0,0,2,0,0,Tlaxcala
2020-03-20,0,0,0,2,0,0,Tlaxcala
2020-03-21,0,0,0,2,0,0,Tlaxcala
2020-03-22,1,0,0,3,0,0,Tlaxcala
2020-03-23,1,1,0,4,1,0,Tlaxcala
2020-03-24,2,2,0,6,3,0,Tlaxcala
2020-03-25,2,0,0,8,3,0,Tlaxcala
2020-03-26,0,0,0,8,3,0,Tlaxcala
2020-03-27,1,1,0,9,4,0,Tlaxcala
2020-03-28,9,2,0,18,6,0,Tlaxcala
2020-03-29,2,0,0,20,6,0,Tlaxcala
2020-03-30,4,1,0,24,7,0,Tlaxcala
2020-03-31,3,0,0,27,7,0,Tlaxcala
2020-04-01,5,4,0,32,11,0,Tlaxcala
2020-04-02,5,1,0,37,12,0,Tlaxcala
2020-04-03,4,0,0,41,12,0,Tlaxcala
2020-04-04,8,2,0,49,14,0,Tlaxcala
2020-04-05,1,6,0,50,20,0,Tlaxcala
2020-04-06,2,8,0,52,28,0,Tlaxcala
2020-04-07,6,7,0,58,35,0,Tlaxcala
2020-04-08,9,6,1,67,41,1,Tlaxcala
2020-04-09,1,1,0,68,42,1,Tlaxcala
2020-04-10,11,5,0,79,47,1,Tlaxcala
2020-04-11,1,6,0,80,53,1,Tlaxcala
2020-04-12,2,2,3,82,55,4,Tlaxcala
2020-04-13,6,5,0,88,60,4,Tlaxcala
2020-04-14,9,6,1,97,66,5,Tlaxcala
2020-04-15,7,4,0,104,70,5,Tlaxcala
2020-04-16,8,6,0,112,76,5,Tlaxcala
2020-04-17,6,5,1,118,81,6,Tlaxcala
2020-04-18,3,4,0,121,85,6,Tlaxcala
2020-04-19,4,10,2,125,95,8,Tlaxcala
2020-04-20,2,8,0,127,103,8,Tlaxcala
2020-04-21,4,8,2,131,111,10,Tlaxcala
2020-04-22,1,6,0,132,117,10,Tlaxcala
2020-04-23,2,8,1,134,125,11,Tlaxcala
2020-04-24,0,9,1,134,134,12,Tlaxcala
2020-04-25,0,0,0,134,134,12,Tlaxcala
2020-04-26,0,0,0,134,134,12,Tlaxcala
2020-03-03,1,0,0,1,0,0,Veracruz
2020-03-04,0,0,0,1,0,0,Veracruz
2020-03-05,0,0,0,1,0,0,Veracruz
2020-03-06,0,0,0,1,0,0,Veracruz
2020-03-07,0,0,0,1,0,0,Veracruz
2020-03-08,0,0,0,1,0,0,Veracruz
2020-03-09,0,0,0,1,0,0,Veracruz
2020-03-10,0,0,0,1,0,0,Veracruz
2020-03-11,0,0,0,1,0,0,Veracruz
2020-03-12,4,0,0,5,0,0,Veracruz
2020-03-13,0,0,0,5,0,0,Veracruz
2020-03-14,3,0,0,8,0,0,Veracruz
2020-03-15,2,2,0,10,2,0,Veracruz
2020-03-16,2,0,0,12,2,0,Veracruz
2020-03-17,2,0,0,14,2,0,Veracruz
2020-03-18,4,7,0,18,9,0,Veracruz
2020-03-19,2,5,0,20,14,0,Veracruz
2020-03-20,7,1,0,27,15,0,Veracruz
2020-03-21,1,1,0,28,16,0,Veracruz
2020-03-22,1,0,0,29,16,0,Veracruz
2020-03-23,5,4,0,34,20,0,Veracruz
2020-03-24,0,2,0,34,22,0,Veracruz
2020-03-25,3,2,0,37,24,0,Veracruz
2020-03-26,4,4,0,41,28,0,Veracruz
2020-03-27,5,1,0,46,29,0,Veracruz
2020-03-28,3,1,1,49,30,1,Veracruz
2020-03-29,4,1,0,53,31,1,Veracruz
2020-03-30,4,3,0,57,34,1,Veracruz
2020-03-31,5,2,0,62,36,1,Veracruz
2020-04-01,5,8,1,67,44,2,Veracruz
2020-04-02,11,5,0,78,49,2,Veracruz
2020-04-03,6,7,1,84,56,3,Veracruz
2020-04-04,5,2,0,89,58,3,Veracruz
2020-04-05,9,2,0,98,60,3,Veracruz
2020-04-06,12,6,0,110,66,3,Veracruz
2020-04-07,12,11,0,122,77,3,Veracruz
2020-04-08,22,4,0,144,81,3,Veracruz
2020-04-09,17,12,1,161,93,4,Veracruz
2020-04-10,18,9,0,179,102,4,Veracruz
2020-04-11,20,14,0,199,116,4,Veracruz
2020-04-12,22,9,3,221,125,7,Veracruz
2020-04-13,27,12,1,248,137,8,Veracruz
2020-04-14,15,13,1,263,150,9,Veracruz
2020-04-15,23,27,0,286,177,9,Veracruz
2020-04-16,18,35,1,304,212,10,Veracruz
2020-04-17,9,30,1,313,242,11,Veracruz
2020-04-18,13,15,2,326,257,13,Veracruz
2020-04-19,7,17,5,333,274,18,Veracruz
2020-04-20,11,26,3,344,300,21,Veracruz
2020-04-21,7,23,3,351,323,24,Veracruz
2020-04-22,2,13,1,353,336,25,Veracruz
2020-04-23,1,12,0,354,348,25,Veracruz
2020-04-24,0,6,1,354,354,26,Veracruz
2020-04-25,0,0,1,354,354,27,Veracruz
2020-04-26,0,0,0,354,354,27,Veracruz
2020-02-19,1,0,0,1,0,0,Yucatán
2020-02-20,0,0,0,1,0,0,Yucatán
2020-02-21,0,0,0,1,0,0,Yucatán
2020-02-22,0,0,0,1,0,0,Yucatán
2020-02-23,0,0,0,1,0,0,Yucatán
2020-02-24,0,0,0,1,0,0,Yucatán
2020-02-25,0,0,0,1,0,0,Yucatán
2020-02-26,0,0,0,1,0,0,Yucatán
2020-02-27,0,0,0,1,0,0,Yucatán
2020-02-28,0,0,0,1,0,0,Yucatán
2020-02-29,0,0,0,1,0,0,Yucatán
2020-03-01,0,0,0,1,0,0,Yucatán
2020-03-02,0,0,0,1,0,0,Yucatán
2020-03-03,0,0,0,1,0,0,Yucatán
2020-03-04,0,0,0,1,0,0,Yucatán
2020-03-05,0,0,0,1,0,0,Yucatán
2020-03-06,0,0,0,1,0,0,Yucatán
2020-03-07,1,0,0,2,0,0,Yucatán
2020-03-08,3,0,0,5,0,0,Yucatán
2020-03-09,1,0,0,6,0,0,Yucatán
2020-03-10,2,0,0,8,0,0,Yucatán
2020-03-11,3,0,0,11,0,0,Yucatán
2020-03-12,1,1,0,12,1,0,Yucatán
2020-03-13,5,0,0,17,1,0,Yucatán
2020-03-14,3,0,0,20,1,0,Yucatán
2020-03-15,1,4,0,21,5,0,Yucatán
2020-03-16,2,2,0,23,7,0,Yucatán
2020-03-17,7,6,0,30,13,0,Yucatán
2020-03-18,5,0,0,35,13,0,Yucatán
2020-03-19,8,2,0,43,15,0,Yucatán
2020-03-20,4,5,0,47,20,0,Yucatán
2020-03-21,4,0,0,51,20,0,Yucatán
2020-03-22,5,8,0,56,28,0,Yucatán
2020-03-23,3,5,0,59,33,0,Yucatán
2020-03-24,3,8,0,62,41,0,Yucatán
2020-03-25,1,3,0,63,44,0,Yucatán
2020-03-26,3,0,0,66,44,0,Yucatán
2020-03-27,4,3,0,70,47,0,Yucatán
2020-03-28,6,4,0,76,51,0,Yucatán
2020-03-29,7,2,0,83,53,0,Yucatán
2020-03-30,5,10,0,88,63,0,Yucatán
2020-03-31,6,4,0,94,67,0,Yucatán
2020-04-01,7,8,0,101,75,0,Yucatán
2020-04-02,7,2,0,108,77,0,Yucatán
2020-04-03,11,8,2,119,85,2,Yucatán
2020-04-04,7,2,0,126,87,2,Yucatán
2020-04-05,4,5,0,130,92,2,Yucatán
2020-04-06,11,13,1,141,105,3,Yucatán
2020-04-07,12,11,2,153,116,5,Yucatán
2020-04-08,12,9,0,165,125,5,Yucatán
2020-04-09,3,10,0,168,135,5,Yucatán
2020-04-10,5,4,2,173,139,7,Yucatán
2020-04-11,17,7,0,190,146,7,Yucatán
2020-04-12,17,6,0,207,152,7,Yucatán
2020-04-13,14,17,0,221,169,7,Yucatán
2020-04-14,7,18,0,228,187,7,Yucatán
2020-04-15,11,23,3,239,210,10,Yucatán
2020-04-16,12,12,1,251,222,11,Yucatán
2020-04-17,10,11,1,261,233,12,Yucatán
2020-04-18,17,6,0,278,239,12,Yucatán
2020-04-19,15,4,1,293,243,13,Yucatán
2020-04-20,13,19,1,306,262,14,Yucatán
2020-04-21,10,17,3,316,279,17,Yucatán
2020-04-22,2,11,1,318,290,18,Yucatán
2020-04-23,5,21,2,323,311,20,Yucatán
2020-04-24,0,12,0,323,323,20,Yucatán
2020-04-25,0,0,0,323,323,20,Yucatán
2020-04-26,0,0,0,323,323,20,Yucatán
2020-03-09,1,0,0,1,0,0,Zacatecas
2020-03-10,0,0,0,1,0,0,Zacatecas
2020-03-11,0,0,0,1,0,0,Zacatecas
2020-03-12,1,0,0,2,0,0,Zacatecas
2020-03-13,0,0,0,2,0,0,Zacatecas
2020-03-14,0,0,0,2,0,0,Zacatecas
2020-03-15,0,0,0,2,0,0,Zacatecas
2020-03-16,1,1,0,3,1,0,Zacatecas
2020-03-17,0,0,0,3,1,0,Zacatecas
2020-03-18,1,0,0,4,1,0,Zacatecas
2020-03-19,3,0,0,7,1,0,Zacatecas
2020-03-20,0,1,0,7,2,0,Zacatecas
2020-03-21,2,1,0,9,3,0,Zacatecas
2020-03-22,1,1,0,10,4,0,Zacatecas
2020-03-23,0,0,0,10,4,0,Zacatecas
2020-03-24,0,1,0,10,5,0,Zacatecas
2020-03-25,0,0,0,10,5,0,Zacatecas
2020-03-26,0,0,0,10,5,0,Zacatecas
2020-03-27,0,3,0,10,8,0,Zacatecas
2020-03-28,0,1,0,10,9,0,Zacatecas
2020-03-29,0,0,0,10,9,0,Zacatecas
2020-03-30,0,0,0,10,9,0,Zacatecas
2020-03-31,2,0,1,12,9,1,Zacatecas
2020-04-01,0,0,0,12,9,1,Zacatecas
2020-04-02,2,1,0,14,10,1,Zacatecas
2020-04-03,2,0,0,16,10,1,Zacatecas
2020-04-04,0,1,1,16,11,2,Zacatecas
2020-04-05,0,1,0,16,12,2,Zacatecas
2020-04-06,0,1,0,16,13,2,Zacatecas
2020-04-07,1,0,0,17,13,2,Zacatecas
2020-04-08,6,2,0,23,15,2,Zacatecas
2020-04-09,1,1,0,24,16,2,Zacatecas
2020-04-10,5,0,0,29,16,2,Zacatecas
2020-04-11,4,2,0,33,18,2,Zacatecas
2020-04-12,2,1,0,35,19,2,Zacatecas
2020-04-13,2,0,0,37,19,2,Zacatecas
2020-04-14,2,1,0,39,20,2,Zacatecas
2020-04-15,1,6,0,40,26,2,Zacatecas
2020-04-16,7,3,0,47,29,2,Zacatecas
2020-04-17,2,2,0,49,31,2,Zacatecas
2020-04-18,5,7,0,54,38,2,Zacatecas
2020-04-19,5,1,1,59,39,3,Zacatecas
2020-04-20,3,10,0,62,49,3,Zacatecas
2020-04-21,2,1,0,64,50,3,Zacatecas
2020-04-22,2,2,0,66,52,3,Zacatecas
2020-04-23,0,8,1,66,60,4,Zacatecas
2020-04-24,0,5,0,66,65,4,Zacatecas
2020-04-25,0,1,0,66,66,4,Zacatecas
2020-04-26,0,0,0,66,66,4,Zacatecas
