fecha,sintomas_nuevos,ingreso_nuevos,muertes_nuevas,sintomas_acumulados,ingreso_acumulados,muertes_acumuladas,estado
2020-03-10,1,0,0,1,0,0,Aguascalientes
2020-03-11,0,0,0,1,0,0,Aguascalientes
2020-03-12,1,0,0,2,0,0,Aguascalientes
2020-03-13,0,0,0,2,0,0,Aguascalientes
2020-03-14,1,1,0,3,1,0,Aguascalientes
2020-03-15,1,0,0,4,1,0,Aguascalientes
2020-03-16,2,0,0,6,1,0,Aguascalientes
2020-03-17,2,1,0,8,2,0,Aguascalientes
2020-03-18,4,2,0,12,4,0,Aguascalientes
2020-03-19,2,1,0,14,5,0,Aguascalientes
2020-03-20,3,2,0,17,7,0,Aguascalientes
2020-03-21,0,1,0,17,8,0,Aguascalientes
2020-03-22,5,1,0,22,9,0,Aguascalientes
2020-03-23,9,4,0,31,13,0,Aguascalientes
2020-03-24,5,0,0,36,13,0,Aguascalientes
2020-03-25,5,17,0,41,30,0,Aguascalientes
2020-03-26,4,4,0,45,34,0,Aguascalientes
2020-03-27,5,6,0,50,40,0,Aguascalientes
2020-03-28,2,5,0,52,45,0,Aguascalientes
2020-03-29,2,3,0,54,48,0,Aguascalientes
2020-03-30,3,4,0,57,52,0,Aguascalientes
2020-03-31,1,1,0,58,53,0,Aguascalientes
2020-04-01,1,0,0,59,53,0,Aguascalientes
2020-04-02,2,0,0,61,53,0,Aguascalientes
2020-04-03,1,1,0,62,54,0,Aguascalientes
2020-04-04,0,0,0,62,54,0,Aguascalientes
2020-04-05,1,3,0,63,57,0,Aguascalientes
2020-04-06,2,4,0,65,61,0,Aguascalientes
2020-04-07,3,1,0,68,62,0,Aguascalientes
2020-04-08,2,1,0,70,63,0,Aguascalientes
2020-04-09,1,0,0,71,63,0,Aguascalientes
2020-04-10,1,2,1,72,65,1,Aguascalientes
2020-04-11,4,1,0,76,66,1,Aguascalientes
2020-04-12,2,2,0,78,68,1,Aguascalientes
2020-04-13,0,5,1,78,73,2,Aguascalientes
2020-04-14,2,0,0,80,73,2,Aguascalientes
2020-04-15,0,6,0,80,79,2,Aguascalientes
2020-04-16,0,1,0,80,80,2,Aguascalientes
2020-04-17,0,0,0,80,80,2,Aguascalientes
2020-04-18,0,0,0,80,80,2,Aguascalientes
2020-04-19,0,0,0,80,80,2,Aguascalientes
2020-04-20,0,0,0,80,80,2,Aguascalientes
2020-04-21,0,0,0,80,80,2,Aguascalientes
2020-02-07,1,0,0,1,0,0,Baja California
2020-02-08,0,0,0,1,0,0,Baja California
2020-02-09,0,0,0,1,0,0,Baja California
2020-02-10,0,0,0,1,0,0,Baja California
2020-02-11,0,0,0,1,0,0,Baja California
2020-02-12,0,1,0,1,1,0,Baja California
2020-02-13,0,0,0,1,1,0,Baja California
2020-02-14,0,0,0,1,1,0,Baja California
2020-02-15,0,0,0,1,1,0,Baja California
2020-02-16,0,0,0,1,1,0,Baja California
2020-02-17,0,0,0,1,1,0,Baja California
2020-02-18,0,0,0,1,1,0,Baja California
2020-02-19,0,0,0,1,1,0,Baja California
2020-02-20,0,0,0,1,1,0,Baja California
2020-02-21,0,0,0,1,1,0,Baja California
2020-02-22,0,0,0,1,1,0,Baja California
2020-02-23,0,0,0,1,1,0,Baja California
2020-02-24,0,0,0,1,1,0,Baja California
2020-02-25,0,0,0,1,1,0,Baja California
2020-02-26,0,0,0,1,1,0,Baja California
2020-02-27,0,0,0,1,1,0,Baja California
2020-02-28,0,0,0,1,1,0,Baja California
2020-02-29,0,0,0,1,1,0,Baja California
2020-03-01,0,0,0,1,1,0,Baja California
2020-03-02,0,0,0,1,1,0,Baja California
2020-03-03,0,0,0,1,1,0,Baja California
2020-03-04,0,0,0,1,1,0,Baja California
2020-03-05,0,0,0,1,1,0,Baja California
2020-03-06,0,0,0,1,1,0,Baja California
2020-03-07,0,0,0,1,1,0,Baja California
2020-03-08,0,0,0,1,1,0,Baja California
2020-03-09,1,0,0,2,1,0,Baja California
2020-03-10,0,0,0,2,1,0,Baja California
2020-03-11,2,1,0,4,2,0,Baja California
2020-03-12,1,0,0,5,2,0,Baja California
2020-03-13,4,0,0,9,2,0,Baja California
2020-03-14,2,0,0,11,2,0,Baja California
2020-03-15,2,0,0,13,2,0,Baja California
2020-03-16,5,1,0,18,3,0,Baja California
2020-03-17,4,3,0,22,6,0,Baja California
2020-03-18,11,3,0,33,9,0,Baja California
2020-03-19,10,5,0,43,14,0,Baja California
2020-03-20,16,6,0,59,20,0,Baja California
2020-03-21,6,3,0,65,23,0,Baja California
2020-03-22,7,2,0,72,25,0,Baja California
2020-03-23,15,9,0,87,34,0,Baja California
2020-03-24,20,9,0,107,43,0,Baja California
2020-03-25,16,8,0,123,51,0,Baja California
2020-03-26,23,11,0,146,62,0,Baja California
2020-03-27,25,18,0,171,80,0,Baja California
2020-03-28,23,7,0,194,87,0,Baja California
2020-03-29,36,20,1,230,107,1,Baja California
2020-03-30,36,27,2,266,134,3,Baja California
2020-03-31,31,38,2,297,172,5,Baja California
2020-04-01,51,61,2,348,233,7,Baja California
2020-04-02,60,26,5,408,259,12,Baja California
2020-04-03,46,36,3,454,295,15,Baja California
2020-04-04,48,23,5,502,318,20,Baja California
2020-04-05,37,18,2,539,336,22,Baja California
2020-04-06,41,63,8,580,399,30,Baja California
2020-04-07,40,33,4,620,432,34,Baja California
2020-04-08,43,63,5,663,495,39,Baja California
2020-04-09,55,53,4,718,548,43,Baja California
2020-04-10,65,35,3,783,583,46,Baja California
2020-04-11,41,38,7,824,621,53,Baja California
2020-04-12,46,35,8,870,656,61,Baja California
2020-04-13,17,65,3,887,721,64,Baja California
2020-04-14,17,86,6,904,807,70,Baja California
2020-04-15,3,47,9,907,854,79,Baja California
2020-04-16,8,33,5,915,887,84,Baja California
2020-04-17,0,26,4,915,913,88,Baja California
2020-04-18,0,2,2,915,915,90,Baja California
2020-04-19,0,0,5,915,915,95,Baja California
2020-04-20,0,0,5,915,915,100,Baja California
2020-04-21,0,0,0,915,915,100,Baja California
2020-03-13,1,0,0,1,0,0,Baja California Sur
2020-03-14,0,0,0,1,0,0,Baja California Sur
2020-03-15,0,0,0,1,0,0,Baja California Sur
2020-03-16,3,0,0,4,0,0,Baja California Sur
2020-03-17,1,0,0,5,0,0,Baja California Sur
2020-03-18,1,1,0,6,1,0,Baja California Sur
2020-03-19,0,0,0,6,1,0,Baja California Sur
2020-03-20,1,1,0,7,2,0,Baja California Sur
2020-03-21,4,1,0,11,3,0,Baja California Sur
2020-03-22,5,0,0,16,3,0,Baja California Sur
2020-03-23,5,4,0,21,7,0,Baja California Sur
2020-03-24,2,2,0,23,9,0,Baja California Sur
2020-03-25,5,0,0,28,9,0,Baja California Sur
2020-03-26,5,2,0,33,11,0,Baja California Sur
2020-03-27,8,4,0,41,15,0,Baja California Sur
2020-03-28,10,4,0,51,19,0,Baja California Sur
2020-03-29,4,1,1,55,20,1,Baja California Sur
2020-03-30,13,13,0,68,33,1,Baja California Sur
2020-03-31,13,7,1,81,40,2,Baja California Sur
2020-04-01,17,5,0,98,45,2,Baja California Sur
2020-04-02,16,11,0,114,56,2,Baja California Sur
2020-04-03,19,16,0,133,72,2,Baja California Sur
2020-04-04,18,6,1,151,78,3,Baja California Sur
2020-04-05,16,5,1,167,83,4,Baja California Sur
2020-04-06,13,17,0,180,100,4,Baja California Sur
2020-04-07,5,24,0,185,124,4,Baja California Sur
2020-04-08,6,23,1,191,147,5,Baja California Sur
2020-04-09,5,22,0,196,169,5,Baja California Sur
2020-04-10,10,9,0,206,178,5,Baja California Sur
2020-04-11,9,7,1,215,185,6,Baja California Sur
2020-04-12,8,5,1,223,190,7,Baja California Sur
2020-04-13,0,11,0,223,201,7,Baja California Sur
2020-04-14,3,14,0,226,215,7,Baja California Sur
2020-04-15,2,1,0,228,216,7,Baja California Sur
2020-04-16,0,7,1,228,223,8,Baja California Sur
2020-04-17,0,3,1,228,226,9,Baja California Sur
2020-04-18,0,1,0,228,227,9,Baja California Sur
2020-04-19,0,1,0,228,228,9,Baja California Sur
2020-04-20,0,0,0,228,228,9,Baja California Sur
2020-04-21,0,0,0,228,228,9,Baja California Sur
2020-02-23,1,0,0,1,0,0,Campeche
2020-02-24,0,0,0,1,0,0,Campeche
2020-02-25,0,0,0,1,0,0,Campeche
2020-02-26,0,0,0,1,0,0,Campeche
2020-02-27,0,0,0,1,0,0,Campeche
2020-02-28,0,0,0,1,0,0,Campeche
2020-02-29,0,0,0,1,0,0,Campeche
2020-03-01,0,0,0,1,0,0,Campeche
2020-03-02,0,0,0,1,0,0,Campeche
2020-03-03,0,0,0,1,0,0,Campeche
2020-03-04,0,0,0,1,0,0,Campeche
2020-03-05,0,0,0,1,0,0,Campeche
2020-03-06,0,0,0,1,0,0,Campeche
2020-03-07,0,0,0,1,0,0,Campeche
2020-03-08,0,0,0,1,0,0,Campeche
2020-03-09,0,0,0,1,0,0,Campeche
2020-03-10,0,0,0,1,0,0,Campeche
2020-03-11,0,0,0,1,0,0,Campeche
2020-03-12,1,1,0,2,1,0,Campeche
2020-03-13,0,0,0,2,1,0,Campeche
2020-03-14,0,0,0,2,1,0,Campeche
2020-03-15,0,0,0,2,1,0,Campeche
2020-03-16,0,0,0,2,1,0,Campeche
2020-03-17,0,0,0,2,1,0,Campeche
2020-03-18,1,0,0,3,1,0,Campeche
2020-03-19,0,0,0,3,1,0,Campeche
2020-03-20,1,0,0,4,1,0,Campeche
2020-03-21,0,0,0,4,1,0,Campeche
2020-03-22,0,0,0,4,1,0,Campeche
2020-03-23,1,1,0,5,2,0,Campeche
2020-03-24,0,0,0,5,2,0,Campeche
2020-03-25,2,0,0,7,2,0,Campeche
2020-03-26,0,1,0,7,3,0,Campeche
2020-03-27,3,3,0,10,6,0,Campeche
2020-03-28,2,0,0,12,6,0,Campeche
2020-03-29,0,1,0,12,7,0,Campeche
2020-03-30,2,0,0,14,7,0,Campeche
2020-03-31,3,0,0,17,7,0,Campeche
2020-04-01,1,1,0,18,8,0,Campeche
2020-04-02,2,2,0,20,10,0,Campeche
2020-04-03,4,1,0,24,11,0,Campeche
2020-04-04,6,0,0,30,11,0,Campeche
2020-04-05,1,3,0,31,14,0,Campeche
2020-04-06,7,2,2,38,16,2,Campeche
2020-04-07,4,0,0,42,16,2,Campeche
2020-04-08,6,0,0,48,16,2,Campeche
2020-04-09,2,2,0,50,18,2,Campeche
2020-04-10,4,2,1,54,20,3,Campeche
2020-04-11,6,17,0,60,37,3,Campeche
2020-04-12,1,5,0,61,42,3,Campeche
2020-04-13,3,4,0,64,46,3,Campeche
2020-04-14,0,6,1,64,52,4,Campeche
2020-04-15,1,3,0,65,55,4,Campeche
2020-04-16,2,4,0,67,59,4,Campeche
2020-04-17,0,1,0,67,60,4,Campeche
2020-04-18,0,5,0,67,65,4,Campeche
2020-04-19,0,1,0,67,66,4,Campeche
2020-04-20,0,1,0,67,67,4,Campeche
2020-04-21,0,0,0,67,67,4,Campeche
2020-02-18,1,1,0,1,1,0,Coahuila
2020-02-19,0,0,0,1,1,0,Coahuila
2020-02-20,0,0,0,1,1,0,Coahuila
2020-02-21,0,0,0,1,1,0,Coahuila
2020-02-22,0,0,0,1,1,0,Coahuila
2020-02-23,0,0,0,1,1,0,Coahuila
2020-02-24,0,0,0,1,1,0,Coahuila
2020-02-25,0,0,0,1,1,0,Coahuila
2020-02-26,0,0,0,1,1,0,Coahuila
2020-02-27,1,0,0,2,1,0,Coahuila
2020-02-28,0,1,0,2,2,0,Coahuila
2020-02-29,0,0,0,2,2,0,Coahuila
2020-03-01,0,0,0,2,2,0,Coahuila
2020-03-02,0,0,0,2,2,0,Coahuila
2020-03-03,0,0,0,2,2,0,Coahuila
2020-03-04,0,0,0,2,2,0,Coahuila
2020-03-05,0,0,0,2,2,0,Coahuila
2020-03-06,0,0,0,2,2,0,Coahuila
2020-03-07,0,0,0,2,2,0,Coahuila
2020-03-08,0,0,0,2,2,0,Coahuila
2020-03-09,0,0,0,2,2,0,Coahuila
2020-03-10,0,0,0,2,2,0,Coahuila
2020-03-11,0,0,0,2,2,0,Coahuila
2020-03-12,0,0,0,2,2,0,Coahuila
2020-03-13,1,0,0,3,2,0,Coahuila
2020-03-14,0,0,0,3,2,0,Coahuila
2020-03-15,0,0,0,3,2,0,Coahuila
2020-03-16,2,1,0,5,3,0,Coahuila
2020-03-17,3,2,0,8,5,0,Coahuila
2020-03-18,4,2,0,12,7,0,Coahuila
2020-03-19,4,3,0,16,10,0,Coahuila
2020-03-20,7,4,0,23,14,0,Coahuila
2020-03-21,9,0,0,32,14,0,Coahuila
2020-03-22,4,0,0,36,14,0,Coahuila
2020-03-23,11,1,0,47,15,0,Coahuila
2020-03-24,11,5,0,58,20,0,Coahuila
2020-03-25,8,0,0,66,20,0,Coahuila
2020-03-26,10,3,0,76,23,0,Coahuila
2020-03-27,18,7,0,94,30,0,Coahuila
2020-03-28,14,5,1,108,35,1,Coahuila
2020-03-29,13,16,0,121,51,1,Coahuila
2020-03-30,19,19,1,140,70,2,Coahuila
2020-03-31,11,11,1,151,81,3,Coahuila
2020-04-01,13,17,0,164,98,3,Coahuila
2020-04-02,11,15,2,175,113,5,Coahuila
2020-04-03,11,22,1,186,135,6,Coahuila
2020-04-04,12,10,0,198,145,6,Coahuila
2020-04-05,5,4,2,203,149,8,Coahuila
2020-04-06,11,25,1,214,174,9,Coahuila
2020-04-07,9,6,4,223,180,13,Coahuila
2020-04-08,8,16,0,231,196,13,Coahuila
2020-04-09,8,6,1,239,202,14,Coahuila
2020-04-10,5,11,1,244,213,15,Coahuila
2020-04-11,6,8,0,250,221,15,Coahuila
2020-04-12,4,5,0,254,226,15,Coahuila
2020-04-13,7,13,0,261,239,15,Coahuila
2020-04-14,3,10,3,264,249,18,Coahuila
2020-04-15,1,8,1,265,257,19,Coahuila
2020-04-16,1,4,2,266,261,21,Coahuila
2020-04-17,0,4,0,266,265,21,Coahuila
2020-04-18,0,0,0,266,265,21,Coahuila
2020-04-19,0,1,0,266,266,21,Coahuila
2020-04-20,0,0,2,266,266,23,Coahuila
2020-04-21,0,0,0,266,266,23,Coahuila
2020-03-12,1,0,0,1,0,0,Colima
2020-03-13,0,0,0,1,0,0,Colima
2020-03-14,0,1,0,1,1,0,Colima
2020-03-15,1,0,0,2,1,0,Colima
2020-03-16,0,1,0,2,2,0,Colima
2020-03-17,0,0,0,2,2,0,Colima
2020-03-18,0,0,0,2,2,0,Colima
2020-03-19,0,0,0,2,2,0,Colima
2020-03-20,0,0,0,2,2,0,Colima
2020-03-21,0,0,0,2,2,0,Colima
2020-03-22,0,0,0,2,2,0,Colima
2020-03-23,0,0,0,2,2,0,Colima
2020-03-24,1,1,0,3,3,0,Colima
2020-03-25,1,0,0,4,3,0,Colima
2020-03-26,0,0,0,4,3,0,Colima
2020-03-27,0,0,0,4,3,0,Colima
2020-03-28,2,0,0,6,3,0,Colima
2020-03-29,1,0,0,7,3,0,Colima
2020-03-30,0,1,0,7,4,0,Colima
2020-03-31,0,1,0,7,5,0,Colima
2020-04-01,0,2,0,7,7,0,Colima
2020-04-02,0,0,0,7,7,0,Colima
2020-04-03,0,0,0,7,7,0,Colima
2020-04-04,0,0,0,7,7,0,Colima
2020-04-05,0,0,0,7,7,0,Colima
2020-04-06,1,0,0,8,7,0,Colima
2020-04-07,0,0,0,8,7,0,Colima
2020-04-08,0,0,0,8,7,0,Colima
2020-04-09,0,0,0,8,7,0,Colima
2020-04-10,0,0,0,8,7,0,Colima
2020-04-11,2,0,0,10,7,0,Colima
2020-04-12,1,2,0,11,9,0,Colima
2020-04-13,0,0,1,11,9,1,Colima
2020-04-14,0,0,0,11,9,1,Colima
2020-04-15,2,1,0,13,10,1,Colima
2020-04-16,0,0,1,13,10,2,Colima
2020-04-17,0,2,0,13,12,2,Colima
2020-04-18,1,1,0,14,13,2,Colima
2020-04-19,0,1,0,14,14,2,Colima
2020-04-20,0,0,0,14,14,2,Colima
2020-04-21,0,0,0,14,14,2,Colima
2020-02-25,1,0,0,1,0,0,Chiapas
2020-02-26,0,0,0,1,0,0,Chiapas
2020-02-27,0,0,0,1,0,0,Chiapas
2020-02-28,0,0,0,1,0,0,Chiapas
2020-02-29,0,1,0,1,1,0,Chiapas
2020-03-01,0,0,0,1,1,0,Chiapas
2020-03-02,0,0,0,1,1,0,Chiapas
2020-03-03,0,0,0,1,1,0,Chiapas
2020-03-04,0,0,0,1,1,0,Chiapas
2020-03-05,0,0,0,1,1,0,Chiapas
2020-03-06,0,0,0,1,1,0,Chiapas
2020-03-07,0,0,0,1,1,0,Chiapas
2020-03-08,0,0,0,1,1,0,Chiapas
2020-03-09,0,0,0,1,1,0,Chiapas
2020-03-10,0,0,0,1,1,0,Chiapas
2020-03-11,0,0,0,1,1,0,Chiapas
2020-03-12,0,0,0,1,1,0,Chiapas
2020-03-13,1,0,0,2,1,0,Chiapas
2020-03-14,1,0,0,3,1,0,Chiapas
2020-03-15,0,0,0,3,1,0,Chiapas
2020-03-16,0,0,0,3,1,0,Chiapas
2020-03-17,0,0,0,3,1,0,Chiapas
2020-03-18,0,1,0,3,2,0,Chiapas
2020-03-19,0,0,0,3,2,0,Chiapas
2020-03-20,2,0,0,5,2,0,Chiapas
2020-03-21,2,0,0,7,2,0,Chiapas
2020-03-22,3,0,0,10,2,0,Chiapas
2020-03-23,4,3,0,14,5,0,Chiapas
2020-03-24,1,0,0,15,5,0,Chiapas
2020-03-25,4,2,0,19,7,0,Chiapas
2020-03-26,0,0,0,19,7,0,Chiapas
2020-03-27,3,5,0,22,12,0,Chiapas
2020-03-28,4,1,0,26,13,0,Chiapas
2020-03-29,1,0,0,27,13,0,Chiapas
2020-03-30,1,1,0,28,14,0,Chiapas
2020-03-31,3,2,0,31,16,0,Chiapas
2020-04-01,2,4,0,33,20,0,Chiapas
2020-04-02,2,3,0,35,23,0,Chiapas
2020-04-03,4,5,0,39,28,0,Chiapas
2020-04-04,3,2,0,42,30,0,Chiapas
2020-04-05,1,1,0,43,31,0,Chiapas
2020-04-06,2,5,1,45,36,1,Chiapas
2020-04-07,5,2,0,50,38,1,Chiapas
2020-04-08,4,4,0,54,42,1,Chiapas
2020-04-09,1,3,1,55,45,2,Chiapas
2020-04-10,2,3,0,57,48,2,Chiapas
2020-04-11,5,0,1,62,48,3,Chiapas
2020-04-12,2,0,0,64,48,3,Chiapas
2020-04-13,3,5,0,67,53,3,Chiapas
2020-04-14,3,4,0,70,57,3,Chiapas
2020-04-15,2,4,0,72,61,3,Chiapas
2020-04-16,3,2,0,75,63,3,Chiapas
2020-04-17,0,5,0,75,68,3,Chiapas
2020-04-18,0,2,0,75,70,3,Chiapas
2020-04-19,0,5,1,75,75,4,Chiapas
2020-04-20,0,0,0,75,75,4,Chiapas
2020-04-21,0,0,0,75,75,4,Chiapas
2020-03-12,1,0,0,1,0,0,Chihuahua
2020-03-13,1,0,0,2,0,0,Chihuahua
2020-03-14,0,1,0,2,1,0,Chihuahua
2020-03-15,1,0,0,3,1,0,Chihuahua
2020-03-16,1,0,0,4,1,0,Chihuahua
2020-03-17,1,0,0,5,1,0,Chihuahua
2020-03-18,2,1,0,7,2,0,Chihuahua
2020-03-19,1,1,0,8,3,0,Chihuahua
2020-03-20,2,3,0,10,6,0,Chihuahua
2020-03-21,1,1,0,11,7,0,Chihuahua
2020-03-22,1,1,0,12,8,0,Chihuahua
2020-03-23,1,0,0,13,8,0,Chihuahua
2020-03-24,4,1,0,17,9,0,Chihuahua
2020-03-25,4,1,0,21,10,0,Chihuahua
2020-03-26,5,2,0,26,12,0,Chihuahua
2020-03-27,0,2,0,26,14,0,Chihuahua
2020-03-28,4,2,0,30,16,0,Chihuahua
2020-03-29,6,5,0,36,21,0,Chihuahua
2020-03-30,1,3,0,37,24,0,Chihuahua
2020-03-31,10,5,0,47,29,0,Chihuahua
2020-04-01,6,6,0,53,35,0,Chihuahua
2020-04-02,10,6,0,63,41,0,Chihuahua
2020-04-03,13,5,2,76,46,2,Chihuahua
2020-04-04,3,6,1,79,52,3,Chihuahua
2020-04-05,6,10,1,85,62,4,Chihuahua
2020-04-06,7,8,2,92,70,6,Chihuahua
2020-04-07,9,6,5,101,76,11,Chihuahua
2020-04-08,12,8,5,113,84,16,Chihuahua
2020-04-09,4,3,4,117,87,20,Chihuahua
2020-04-10,15,7,1,132,94,21,Chihuahua
2020-04-11,7,9,0,139,103,21,Chihuahua
2020-04-12,2,5,4,141,108,25,Chihuahua
2020-04-13,4,15,3,145,123,28,Chihuahua
2020-04-14,2,6,1,147,129,29,Chihuahua
2020-04-15,7,9,3,154,138,32,Chihuahua
2020-04-16,1,13,2,155,151,34,Chihuahua
2020-04-17,0,2,2,155,153,36,Chihuahua
2020-04-18,0,1,0,155,154,36,Chihuahua
2020-04-19,0,1,0,155,155,36,Chihuahua
2020-04-20,0,0,0,155,155,36,Chihuahua
2020-04-21,0,0,0,155,155,36,Chihuahua
2020-02-17,2,0,0,2,0,0,Ciudad de México
2020-02-18,0,0,0,2,0,0,Ciudad de México
2020-02-19,0,0,0,2,0,0,Ciudad de México
2020-02-20,0,0,0,2,0,0,Ciudad de México
2020-02-21,0,0,0,2,0,0,Ciudad de México
2020-02-22,1,0,0,3,0,0,Ciudad de México
2020-02-23,1,0,0,4,0,0,Ciudad de México
2020-02-24,0,0,0,4,0,0,Ciudad de México
2020-02-25,1,0,0,5,0,0,Ciudad de México
2020-02-26,1,0,0,6,0,0,Ciudad de México
2020-02-27,0,2,0,6,2,0,Ciudad de México
2020-02-28,2,0,0,8,2,0,Ciudad de México
2020-02-29,2,0,0,10,2,0,Ciudad de México
2020-03-01,2,0,0,12,2,0,Ciudad de México
2020-03-02,3,0,0,15,2,0,Ciudad de México
2020-03-03,4,0,0,19,2,0,Ciudad de México
2020-03-04,5,1,0,24,3,0,Ciudad de México
2020-03-05,0,1,0,24,4,0,Ciudad de México
2020-03-06,4,0,0,28,4,0,Ciudad de México
2020-03-07,8,0,0,36,4,0,Ciudad de México
2020-03-08,7,2,0,43,6,0,Ciudad de México
2020-03-09,22,0,0,65,6,0,Ciudad de México
2020-03-10,25,3,0,90,9,0,Ciudad de México
2020-03-11,21,16,0,111,25,0,Ciudad de México
2020-03-12,21,18,0,132,43,0,Ciudad de México
2020-03-13,35,27,0,167,70,0,Ciudad de México
2020-03-14,38,25,0,205,95,0,Ciudad de México
2020-03-15,37,16,0,242,111,0,Ciudad de México
2020-03-16,42,24,0,284,135,0,Ciudad de México
2020-03-17,27,36,0,311,171,0,Ciudad de México
2020-03-18,28,36,1,339,207,1,Ciudad de México
2020-03-19,33,46,0,372,253,1,Ciudad de México
2020-03-20,48,23,0,420,276,1,Ciudad de México
2020-03-21,23,12,0,443,288,1,Ciudad de México
2020-03-22,28,13,1,471,301,2,Ciudad de México
2020-03-23,43,27,1,514,328,3,Ciudad de México
2020-03-24,38,30,0,552,358,3,Ciudad de México
2020-03-25,48,19,1,600,377,4,Ciudad de México
2020-03-26,80,38,3,680,415,7,Ciudad de México
2020-03-27,62,40,3,742,455,10,Ciudad de México
2020-03-28,61,49,2,803,504,12,Ciudad de México
2020-03-29,53,45,2,856,549,14,Ciudad de México
2020-03-30,90,67,4,946,616,18,Ciudad de México
2020-03-31,75,45,7,1021,661,25,Ciudad de México
2020-04-01,114,62,6,1135,723,31,Ciudad de México
2020-04-02,101,61,4,1236,784,35,Ciudad de México
2020-04-03,103,77,7,1339,861,42,Ciudad de México
2020-04-04,110,49,6,1449,910,48,Ciudad de México
2020-04-05,119,57,3,1568,967,51,Ciudad de México
2020-04-06,138,116,14,1706,1083,65,Ciudad de México
2020-04-07,117,133,9,1823,1216,74,Ciudad de México
2020-04-08,125,133,6,1948,1349,80,Ciudad de México
2020-04-09,143,125,12,2091,1474,92,Ciudad de México
2020-04-10,193,135,18,2284,1609,110,Ciudad de México
2020-04-11,118,105,20,2402,1714,130,Ciudad de México
2020-04-12,114,113,7,2516,1827,137,Ciudad de México
2020-04-13,118,219,11,2634,2046,148,Ciudad de México
2020-04-14,79,224,15,2713,2270,163,Ciudad de México
2020-04-15,73,174,20,2786,2444,183,Ciudad de México
2020-04-16,31,166,15,2817,2610,198,Ciudad de México
2020-04-17,22,122,3,2839,2732,201,Ciudad de México
2020-04-18,15,55,11,2854,2787,212,Ciudad de México
2020-04-19,3,39,10,2857,2826,222,Ciudad de México
2020-04-20,0,31,1,2857,2857,223,Ciudad de México
2020-04-21,0,0,1,2857,2857,224,Ciudad de México
2020-03-06,1,0,0,1,0,0,Durango
2020-03-07,0,0,0,1,0,0,Durango
2020-03-08,0,0,0,1,0,0,Durango
2020-03-09,1,0,0,2,0,0,Durango
2020-03-10,0,0,0,2,0,0,Durango
2020-03-11,1,1,0,3,1,0,Durango
2020-03-12,0,0,0,3,1,0,Durango
2020-03-13,0,1,0,3,2,0,Durango
2020-03-14,0,1,0,3,3,0,Durango
2020-03-15,1,0,0,4,3,0,Durango
2020-03-16,0,0,0,4,3,0,Durango
2020-03-17,0,1,0,4,4,0,Durango
2020-03-18,2,1,1,6,5,1,Durango
2020-03-19,1,0,0,7,5,1,Durango
2020-03-20,0,0,0,7,5,1,Durango
2020-03-21,0,1,0,7,6,1,Durango
2020-03-22,0,0,0,7,6,1,Durango
2020-03-23,2,1,0,9,7,1,Durango
2020-03-24,1,1,1,10,8,2,Durango
2020-03-25,1,1,0,11,9,2,Durango
2020-03-26,0,0,0,11,9,2,Durango
2020-03-27,0,0,0,11,9,2,Durango
2020-03-28,1,0,0,12,9,2,Durango
2020-03-29,1,0,0,13,9,2,Durango
2020-03-30,1,2,0,14,11,2,Durango
2020-03-31,0,2,1,14,13,3,Durango
2020-04-01,0,1,1,14,14,4,Durango
2020-04-02,1,0,0,15,14,4,Durango
2020-04-03,1,1,0,16,15,4,Durango
2020-04-04,0,0,0,16,15,4,Durango
2020-04-05,0,0,0,16,15,4,Durango
2020-04-06,0,1,0,16,16,4,Durango
2020-04-07,0,0,0,16,16,4,Durango
2020-04-08,1,0,0,17,16,4,Durango
2020-04-09,0,0,0,17,16,4,Durango
2020-04-10,3,0,0,20,16,4,Durango
2020-04-11,3,0,0,23,16,4,Durango
2020-04-12,1,0,0,24,16,4,Durango
2020-04-13,2,0,0,26,16,4,Durango
2020-04-14,4,0,0,30,16,4,Durango
2020-04-15,0,2,0,30,18,4,Durango
2020-04-16,0,1,0,30,19,4,Durango
2020-04-17,0,0,0,30,19,4,Durango
2020-04-18,0,2,0,30,21,4,Durango
2020-04-19,0,9,0,30,30,4,Durango
2020-04-20,0,0,0,30,30,4,Durango
2020-04-21,0,0,0,30,30,4,Durango
2020-03-10,1,0,0,1,0,0,Guanajuato
2020-03-11,0,0,0,1,0,0,Guanajuato
2020-03-12,2,0,0,3,0,0,Guanajuato
2020-03-13,0,1,0,3,1,0,Guanajuato
2020-03-14,3,0,0,6,1,0,Guanajuato
2020-03-15,3,2,0,9,3,0,Guanajuato
2020-03-16,10,2,0,19,5,0,Guanajuato
2020-03-17,3,0,0,22,5,0,Guanajuato
2020-03-18,2,1,0,24,6,0,Guanajuato
2020-03-19,1,0,0,25,6,0,Guanajuato
2020-03-20,7,4,0,32,10,0,Guanajuato
2020-03-21,4,11,0,36,21,0,Guanajuato
2020-03-22,5,1,0,41,22,0,Guanajuato
2020-03-23,1,6,0,42,28,0,Guanajuato
2020-03-24,3,1,0,45,29,0,Guanajuato
2020-03-25,3,3,0,48,32,0,Guanajuato
2020-03-26,5,6,0,53,38,0,Guanajuato
2020-03-27,4,5,0,57,43,0,Guanajuato
2020-03-28,1,4,0,58,47,0,Guanajuato
2020-03-29,0,1,0,58,48,0,Guanajuato
2020-03-30,1,4,0,59,52,0,Guanajuato
2020-03-31,1,1,0,60,53,0,Guanajuato
2020-04-01,6,1,0,66,54,0,Guanajuato
2020-04-02,7,2,0,73,56,0,Guanajuato
2020-04-03,5,4,0,78,60,0,Guanajuato
2020-04-04,3,3,0,81,63,0,Guanajuato
2020-04-05,5,3,2,86,66,2,Guanajuato
2020-04-06,2,7,0,88,73,2,Guanajuato
2020-04-07,1,6,1,89,79,3,Guanajuato
2020-04-08,3,7,0,92,86,3,Guanajuato
2020-04-09,4,2,1,96,88,4,Guanajuato
2020-04-10,5,2,1,101,90,5,Guanajuato
2020-04-11,4,3,0,105,93,5,Guanajuato
2020-04-12,7,1,0,112,94,5,Guanajuato
2020-04-13,7,2,0,119,96,5,Guanajuato
2020-04-14,17,3,2,136,99,7,Guanajuato
2020-04-15,12,14,0,148,113,7,Guanajuato
2020-04-16,5,12,0,153,125,7,Guanajuato
2020-04-17,3,24,2,156,149,9,Guanajuato
2020-04-18,2,8,0,158,157,9,Guanajuato
2020-04-19,0,1,0,158,158,9,Guanajuato
2020-04-20,0,0,0,158,158,9,Guanajuato
2020-04-21,0,0,0,158,158,9,Guanajuato
2020-03-08,1,0,0,1,0,0,Guerrero
2020-03-09,1,0,0,2,0,0,Guerrero
2020-03-10,0,0,0,2,0,0,Guerrero
2020-03-11,0,0,0,2,0,0,Guerrero
2020-03-12,1,0,0,3,0,0,Guerrero
2020-03-13,1,2,0,4,2,0,Guerrero
2020-03-14,0,0,0,4,2,0,Guerrero
2020-03-15,2,0,0,6,2,0,Guerrero
2020-03-16,1,1,0,7,3,0,Guerrero
2020-03-17,1,2,0,8,5,0,Guerrero
2020-03-18,2,1,0,10,6,0,Guerrero
2020-03-19,2,0,0,12,6,0,Guerrero
2020-03-20,3,0,0,15,6,0,Guerrero
2020-03-21,3,1,0,18,7,0,Guerrero
2020-03-22,1,0,0,19,7,0,Guerrero
2020-03-23,3,1,0,22,8,0,Guerrero
2020-03-24,1,0,0,23,8,0,Guerrero
2020-03-25,1,3,0,24,11,0,Guerrero
2020-03-26,3,4,0,27,15,0,Guerrero
2020-03-27,1,3,0,28,18,0,Guerrero
2020-03-28,1,3,1,29,21,1,Guerrero
2020-03-29,2,1,0,31,22,1,Guerrero
2020-03-30,4,3,0,35,25,1,Guerrero
2020-03-31,5,5,0,40,30,1,Guerrero
2020-04-01,4,3,0,44,33,1,Guerrero
2020-04-02,5,1,0,49,34,1,Guerrero
2020-04-03,8,1,0,57,35,1,Guerrero
2020-04-04,10,2,2,67,37,3,Guerrero
2020-04-05,5,3,0,72,40,3,Guerrero
2020-04-06,8,8,2,80,48,5,Guerrero
2020-04-07,3,10,0,83,58,5,Guerrero
2020-04-08,11,6,0,94,64,5,Guerrero
2020-04-09,5,7,1,99,71,6,Guerrero
2020-04-10,7,4,0,106,75,6,Guerrero
2020-04-11,5,5,0,111,80,6,Guerrero
2020-04-12,3,11,1,114,91,7,Guerrero
2020-04-13,8,14,1,122,105,8,Guerrero
2020-04-14,2,4,1,124,109,9,Guerrero
2020-04-15,1,3,2,125,112,11,Guerrero
2020-04-16,1,8,0,126,120,11,Guerrero
2020-04-17,0,4,1,126,124,12,Guerrero
2020-04-18,0,2,1,126,126,13,Guerrero
2020-04-19,0,0,2,126,126,15,Guerrero
2020-04-20,0,0,0,126,126,15,Guerrero
2020-04-21,0,0,1,126,126,16,Guerrero
2020-03-07,1,0,0,1,0,0,Hidalgo
2020-03-08,1,0,0,2,0,0,Hidalgo
2020-03-09,0,0,0,2,0,0,Hidalgo
2020-03-10,0,0,0,2,0,0,Hidalgo
2020-03-11,0,0,0,2,0,0,Hidalgo
2020-03-12,1,0,0,3,0,0,Hidalgo
2020-03-13,2,0,0,5,0,0,Hidalgo
2020-03-14,1,0,0,6,0,0,Hidalgo
2020-03-15,0,1,0,6,1,0,Hidalgo
2020-03-16,2,0,0,8,1,0,Hidalgo
2020-03-17,0,2,0,8,3,0,Hidalgo
2020-03-18,2,0,0,10,3,0,Hidalgo
2020-03-19,1,0,0,11,3,0,Hidalgo
2020-03-20,3,3,0,14,6,0,Hidalgo
2020-03-21,1,3,0,15,9,0,Hidalgo
2020-03-22,0,0,0,15,9,0,Hidalgo
2020-03-23,5,2,0,20,11,0,Hidalgo
2020-03-24,3,0,0,23,11,0,Hidalgo
2020-03-25,3,4,0,26,15,0,Hidalgo
2020-03-26,2,4,0,28,19,0,Hidalgo
2020-03-27,4,4,1,32,23,1,Hidalgo
2020-03-28,1,0,1,33,23,2,Hidalgo
2020-03-29,4,2,0,37,25,2,Hidalgo
2020-03-30,6,7,1,43,32,3,Hidalgo
2020-03-31,4,6,0,47,38,3,Hidalgo
2020-04-01,1,3,1,48,41,4,Hidalgo
2020-04-02,0,1,0,48,42,4,Hidalgo
2020-04-03,4,2,2,52,44,6,Hidalgo
2020-04-04,1,2,0,53,46,6,Hidalgo
2020-04-05,3,2,0,56,48,6,Hidalgo
2020-04-06,6,1,0,62,49,6,Hidalgo
2020-04-07,1,1,0,63,50,6,Hidalgo
2020-04-08,2,2,2,65,52,8,Hidalgo
2020-04-09,1,0,0,66,52,8,Hidalgo
2020-04-10,6,8,0,72,60,8,Hidalgo
2020-04-11,7,3,1,79,63,9,Hidalgo
2020-04-12,5,5,0,84,68,9,Hidalgo
2020-04-13,11,4,0,95,72,9,Hidalgo
2020-04-14,2,1,2,97,73,11,Hidalgo
2020-04-15,3,3,2,100,76,13,Hidalgo
2020-04-16,2,3,0,102,79,13,Hidalgo
2020-04-17,2,8,0,104,87,13,Hidalgo
2020-04-18,2,4,2,106,91,15,Hidalgo
2020-04-19,0,11,1,106,102,16,Hidalgo
2020-04-20,0,4,0,106,106,16,Hidalgo
2020-04-21,0,0,0,106,106,16,Hidalgo
2020-03-01,2,0,0,2,0,0,Jalisco
2020-03-02,0,0,0,2,0,0,Jalisco
2020-03-03,0,0,0,2,0,0,Jalisco
2020-03-04,1,0,0,3,0,0,Jalisco
2020-03-05,0,0,0,3,0,0,Jalisco
2020-03-06,2,0,0,5,0,0,Jalisco
2020-03-07,1,0,0,6,0,0,Jalisco
2020-03-08,3,0,0,9,0,0,Jalisco
2020-03-09,3,0,0,12,0,0,Jalisco
2020-03-10,4,0,0,16,0,0,Jalisco
2020-03-11,5,1,0,21,1,0,Jalisco
2020-03-12,8,3,0,29,4,0,Jalisco
2020-03-13,7,2,0,36,6,0,Jalisco
2020-03-14,8,5,0,44,11,0,Jalisco
2020-03-15,3,1,0,47,12,0,Jalisco
2020-03-16,6,12,0,53,24,0,Jalisco
2020-03-17,12,6,0,65,30,0,Jalisco
2020-03-18,6,17,0,71,47,0,Jalisco
2020-03-19,0,8,0,71,55,0,Jalisco
2020-03-20,8,5,1,79,60,1,Jalisco
2020-03-21,10,1,0,89,61,1,Jalisco
2020-03-22,6,3,0,95,64,1,Jalisco
2020-03-23,5,8,0,100,72,1,Jalisco
2020-03-24,4,7,0,104,79,1,Jalisco
2020-03-25,4,7,0,108,86,1,Jalisco
2020-03-26,1,6,2,109,92,3,Jalisco
2020-03-27,8,7,0,117,99,3,Jalisco
2020-03-28,2,2,0,119,101,3,Jalisco
2020-03-29,4,2,0,123,103,3,Jalisco
2020-03-30,8,7,0,131,110,3,Jalisco
2020-03-31,5,7,1,136,117,4,Jalisco
2020-04-01,3,2,0,139,119,4,Jalisco
2020-04-02,7,8,2,146,127,6,Jalisco
2020-04-03,8,11,0,154,138,6,Jalisco
2020-04-04,4,1,0,158,139,6,Jalisco
2020-04-05,3,2,1,161,141,7,Jalisco
2020-04-06,6,3,0,167,144,7,Jalisco
2020-04-07,9,5,1,176,149,8,Jalisco
2020-04-08,8,9,1,184,158,9,Jalisco
2020-04-09,5,4,0,189,162,9,Jalisco
2020-04-10,8,8,1,197,170,10,Jalisco
2020-04-11,4,5,1,201,175,11,Jalisco
2020-04-12,3,5,0,204,180,11,Jalisco
2020-04-13,7,11,0,211,191,11,Jalisco
2020-04-14,7,4,0,218,195,11,Jalisco
2020-04-15,1,9,0,219,204,11,Jalisco
2020-04-16,4,6,1,223,210,12,Jalisco
2020-04-17,3,10,1,226,220,13,Jalisco
2020-04-18,0,5,0,226,225,13,Jalisco
2020-04-19,0,1,1,226,226,14,Jalisco
2020-04-20,0,0,1,226,226,15,Jalisco
2020-04-21,0,0,0,226,226,15,Jalisco
2020-02-19,1,0,0,1,0,0,México
2020-02-20,0,0,0,1,0,0,México
2020-02-21,1,0,0,2,0,0,México
2020-02-22,0,0,0,2,0,0,México
2020-02-23,0,0,0,2,0,0,México
2020-02-24,0,0,0,2,0,0,México
2020-02-25,0,0,0,2,0,0,México
2020-02-26,0,0,0,2,0,0,México
2020-02-27,0,0,0,2,0,0,México
2020-02-28,0,1,0,2,1,0,México
2020-02-29,0,0,0,2,1,0,México
2020-03-01,0,0,0,2,1,0,México
2020-03-02,2,0,0,4,1,0,México
2020-03-03,1,0,0,5,1,0,México
2020-03-04,0,1,0,5,2,0,México
2020-03-05,3,0,0,8,2,0,México
2020-03-06,1,0,0,9,2,0,México
2020-03-07,5,0,0,14,2,0,México
2020-03-08,1,1,0,15,3,0,México
2020-03-09,8,1,0,23,4,0,México
2020-03-10,2,2,0,25,6,0,México
2020-03-11,2,1,0,27,7,0,México
2020-03-12,3,1,0,30,8,0,México
2020-03-13,8,11,0,38,19,0,México
2020-03-14,5,2,0,43,21,0,México
2020-03-15,11,4,0,54,25,0,México
2020-03-16,15,6,0,69,31,0,México
2020-03-17,6,2,0,75,33,0,México
2020-03-18,10,2,0,85,35,0,México
2020-03-19,9,6,0,94,41,0,México
2020-03-20,17,10,0,111,51,0,México
2020-03-21,12,6,0,123,57,0,México
2020-03-22,18,3,0,141,60,0,México
2020-03-23,21,9,0,162,69,0,México
2020-03-24,25,25,0,187,94,0,México
2020-03-25,21,24,0,208,118,0,México
2020-03-26,31,28,0,239,146,0,México
2020-03-27,32,36,0,271,182,0,México
2020-03-28,22,15,2,293,197,2,México
2020-03-29,22,7,1,315,204,3,México
2020-03-30,44,43,0,359,247,3,México
2020-03-31,33,27,1,392,274,4,México
2020-04-01,49,30,0,441,304,4,México
2020-04-02,28,33,4,469,337,8,México
2020-04-03,37,34,3,506,371,11,México
2020-04-04,45,25,3,551,396,14,México
2020-04-05,31,26,3,582,422,17,México
2020-04-06,55,50,4,637,472,21,México
2020-04-07,36,43,7,673,515,28,México
2020-04-08,52,58,3,725,573,31,México
2020-04-09,41,28,1,766,601,32,México
2020-04-10,61,47,2,827,648,34,México
2020-04-11,53,37,7,880,685,41,México
2020-04-12,43,31,6,923,716,47,México
2020-04-13,38,79,6,961,795,53,México
2020-04-14,24,68,4,985,863,57,México
2020-04-15,17,81,5,1002,944,62,México
2020-04-16,8,52,3,1010,996,65,México
2020-04-17,3,14,3,1013,1010,68,México
2020-04-18,0,1,2,1013,1011,70,México
2020-04-19,0,2,1,1013,1013,71,México
2020-04-20,0,0,0,1013,1013,71,México
2020-04-21,0,0,0,1013,1013,71,México
2020-03-09,1,0,0,1,0,0,Michoacán
2020-03-10,0,0,0,1,0,0,Michoacán
2020-03-11,0,0,0,1,0,0,Michoacán
2020-03-12,0,0,0,1,0,0,Michoacán
2020-03-13,0,0,0,1,0,0,Michoacán
2020-03-14,0,0,0,1,0,0,Michoacán
2020-03-15,8,0,0,9,0,0,Michoacán
2020-03-16,1,0,0,10,0,0,Michoacán
2020-03-17,2,0,0,12,0,0,Michoacán
2020-03-18,4,1,0,16,1,0,Michoacán
2020-03-19,0,1,0,16,2,0,Michoacán
2020-03-20,1,2,0,17,4,0,Michoacán
2020-03-21,0,5,0,17,9,0,Michoacán
2020-03-22,4,0,0,21,9,0,Michoacán
2020-03-23,4,3,0,25,12,0,Michoacán
2020-03-24,2,3,0,27,15,0,Michoacán
2020-03-25,4,2,0,31,17,0,Michoacán
2020-03-26,2,3,1,33,20,1,Michoacán
2020-03-27,3,1,0,36,21,1,Michoacán
2020-03-28,1,2,0,37,23,1,Michoacán
2020-03-29,1,3,0,38,26,1,Michoacán
2020-03-30,2,0,0,40,26,1,Michoacán
2020-03-31,1,4,0,41,30,1,Michoacán
2020-04-01,9,2,0,50,32,1,Michoacán
2020-04-02,3,0,0,53,32,1,Michoacán
2020-04-03,2,6,1,55,38,2,Michoacán
2020-04-04,3,2,2,58,40,4,Michoacán
2020-04-05,5,2,0,63,42,4,Michoacán
2020-04-06,5,6,1,68,48,5,Michoacán
2020-04-07,14,6,0,82,54,5,Michoacán
2020-04-08,7,4,1,89,58,6,Michoacán
2020-04-09,6,9,1,95,67,7,Michoacán
2020-04-10,7,2,1,102,69,8,Michoacán
2020-04-11,6,2,1,108,71,9,Michoacán
2020-04-12,9,4,0,117,75,9,Michoacán
2020-04-13,10,13,4,127,88,13,Michoacán
2020-04-14,3,15,1,130,103,14,Michoacán
2020-04-15,3,9,0,133,112,14,Michoacán
2020-04-16,4,6,2,137,118,16,Michoacán
2020-04-17,2,12,0,139,130,16,Michoacán
2020-04-18,0,4,1,139,134,17,Michoacán
2020-04-19,0,5,2,139,139,19,Michoacán
2020-04-20,0,0,0,139,139,19,Michoacán
2020-04-21,0,0,0,139,139,19,Michoacán
2020-03-14,1,0,0,1,0,0,Morelos
2020-03-15,0,0,0,1,0,0,Morelos
2020-03-16,1,0,0,2,0,0,Morelos
2020-03-17,1,1,0,3,1,0,Morelos
2020-03-18,0,1,0,3,2,0,Morelos
2020-03-19,1,0,0,4,2,0,Morelos
2020-03-20,1,0,0,5,2,0,Morelos
2020-03-21,2,1,0,7,3,0,Morelos
2020-03-22,2,0,0,9,3,0,Morelos
2020-03-23,3,2,0,12,5,0,Morelos
2020-03-24,0,3,0,12,8,0,Morelos
2020-03-25,0,0,0,12,8,0,Morelos
2020-03-26,2,0,0,14,8,0,Morelos
2020-03-27,1,0,0,15,8,0,Morelos
2020-03-28,2,1,1,17,9,1,Morelos
2020-03-29,1,0,1,18,9,2,Morelos
2020-03-30,5,2,0,23,11,2,Morelos
2020-03-31,3,1,1,26,12,3,Morelos
2020-04-01,8,3,1,34,15,4,Morelos
2020-04-02,4,7,0,38,22,4,Morelos
2020-04-03,3,1,0,41,23,4,Morelos
2020-04-04,5,2,0,46,25,4,Morelos
2020-04-05,6,3,0,52,28,4,Morelos
2020-04-06,2,7,1,54,35,5,Morelos
2020-04-07,1,7,1,55,42,6,Morelos
2020-04-08,6,6,1,61,48,7,Morelos
2020-04-09,1,5,0,62,53,7,Morelos
2020-04-10,8,1,0,70,54,7,Morelos
2020-04-11,4,1,0,74,55,7,Morelos
2020-04-12,4,3,0,78,58,7,Morelos
2020-04-13,8,6,3,86,64,10,Morelos
2020-04-14,3,8,0,89,72,10,Morelos
2020-04-15,0,6,1,89,78,11,Morelos
2020-04-16,0,4,0,89,82,11,Morelos
2020-04-17,0,3,2,89,85,13,Morelos
2020-04-18,0,2,0,89,87,13,Morelos
2020-04-19,0,2,1,89,89,14,Morelos
2020-04-20,0,0,0,89,89,14,Morelos
2020-04-21,0,0,0,89,89,14,Morelos
2020-01-06,1,1,0,1,1,0,Nayarit
2020-01-07,0,0,0,1,1,0,Nayarit
2020-01-08,0,0,0,1,1,0,Nayarit
2020-01-09,0,0,0,1,1,0,Nayarit
2020-01-10,0,0,0,1,1,0,Nayarit
2020-01-11,0,0,0,1,1,0,Nayarit
2020-01-12,0,0,0,1,1,0,Nayarit
2020-01-13,0,0,0,1,1,0,Nayarit
2020-01-14,0,0,0,1,1,0,Nayarit
2020-01-15,0,0,0,1,1,0,Nayarit
2020-01-16,0,0,0,1,1,0,Nayarit
2020-01-17,0,0,0,1,1,0,Nayarit
2020-01-18,0,0,0,1,1,0,Nayarit
2020-01-19,0,0,0,1,1,0,Nayarit
2020-01-20,0,0,0,1,1,0,Nayarit
2020-01-21,0,0,0,1,1,0,Nayarit
2020-01-22,0,0,0,1,1,0,Nayarit
2020-01-23,0,0,0,1,1,0,Nayarit
2020-01-24,0,0,0,1,1,0,Nayarit
2020-01-25,0,0,0,1,1,0,Nayarit
2020-01-26,0,0,0,1,1,0,Nayarit
2020-01-27,0,0,0,1,1,0,Nayarit
2020-01-28,0,0,0,1,1,0,Nayarit
2020-01-29,0,0,0,1,1,0,Nayarit
2020-01-30,0,0,0,1,1,0,Nayarit
2020-01-31,0,0,0,1,1,0,Nayarit
2020-02-01,0,0,0,1,1,0,Nayarit
2020-02-02,0,0,0,1,1,0,Nayarit
2020-02-03,0,0,0,1,1,0,Nayarit
2020-02-04,0,0,0,1,1,0,Nayarit
2020-02-05,0,0,0,1,1,0,Nayarit
2020-02-06,0,0,0,1,1,0,Nayarit
2020-02-07,0,0,0,1,1,0,Nayarit
2020-02-08,0,0,0,1,1,0,Nayarit
2020-02-09,0,0,0,1,1,0,Nayarit
2020-02-10,0,0,0,1,1,0,Nayarit
2020-02-11,0,0,0,1,1,0,Nayarit
2020-02-12,0,0,0,1,1,0,Nayarit
2020-02-13,0,0,0,1,1,0,Nayarit
2020-02-14,0,0,0,1,1,0,Nayarit
2020-02-15,0,0,0,1,1,0,Nayarit
2020-02-16,0,0,0,1,1,0,Nayarit
2020-02-17,0,0,0,1,1,0,Nayarit
2020-02-18,0,0,0,1,1,0,Nayarit
2020-02-19,0,0,0,1,1,0,Nayarit
2020-02-20,0,0,0,1,1,0,Nayarit
2020-02-21,0,0,0,1,1,0,Nayarit
2020-02-22,0,0,0,1,1,0,Nayarit
2020-02-23,0,0,0,1,1,0,Nayarit
2020-02-24,0,0,0,1,1,0,Nayarit
2020-02-25,0,0,0,1,1,0,Nayarit
2020-02-26,0,0,0,1,1,0,Nayarit
2020-02-27,0,0,0,1,1,0,Nayarit
2020-02-28,0,0,0,1,1,0,Nayarit
2020-02-29,0,0,0,1,1,0,Nayarit
2020-03-01,0,0,0,1,1,0,Nayarit
2020-03-02,0,0,0,1,1,0,Nayarit
2020-03-03,0,0,0,1,1,0,Nayarit
2020-03-04,0,0,0,1,1,0,Nayarit
2020-03-05,0,0,0,1,1,0,Nayarit
2020-03-06,0,0,0,1,1,0,Nayarit
2020-03-07,0,0,0,1,1,0,Nayarit
2020-03-08,0,0,0,1,1,0,Nayarit
2020-03-09,0,0,0,1,1,0,Nayarit
2020-03-10,1,0,0,2,1,0,Nayarit
2020-03-11,0,0,0,2,1,0,Nayarit
2020-03-12,0,0,0,2,1,0,Nayarit
2020-03-13,0,0,0,2,1,0,Nayarit
2020-03-14,0,0,0,2,1,0,Nayarit
2020-03-15,0,0,0,2,1,0,Nayarit
2020-03-16,0,0,0,2,1,0,Nayarit
2020-03-17,1,0,0,3,1,0,Nayarit
2020-03-18,0,1,0,3,2,0,Nayarit
2020-03-19,1,1,0,4,3,0,Nayarit
2020-03-20,0,0,0,4,3,0,Nayarit
2020-03-21,1,0,0,5,3,0,Nayarit
2020-03-22,0,0,0,5,3,0,Nayarit
2020-03-23,0,1,0,5,4,0,Nayarit
2020-03-24,2,3,0,7,7,0,Nayarit
2020-03-25,0,0,0,7,7,0,Nayarit
2020-03-26,0,0,0,7,7,0,Nayarit
2020-03-27,2,0,0,9,7,0,Nayarit
2020-03-28,1,1,0,10,8,0,Nayarit
2020-03-29,0,0,0,10,8,0,Nayarit
2020-03-30,0,0,1,10,8,1,Nayarit
2020-03-31,3,2,0,13,10,1,Nayarit
2020-04-01,2,0,0,15,10,1,Nayarit
2020-04-02,3,0,0,18,10,1,Nayarit
2020-04-03,1,1,0,19,11,1,Nayarit
2020-04-04,1,4,0,20,15,1,Nayarit
2020-04-05,4,1,0,24,16,1,Nayarit
2020-04-06,1,2,0,25,18,1,Nayarit
2020-04-07,1,2,0,26,20,1,Nayarit
2020-04-08,1,1,2,27,21,3,Nayarit
2020-04-09,0,2,1,27,23,4,Nayarit
2020-04-10,3,0,0,30,23,4,Nayarit
2020-04-11,1,2,0,31,25,4,Nayarit
2020-04-12,1,3,1,32,28,5,Nayarit
2020-04-13,3,2,0,35,30,5,Nayarit
2020-04-14,2,1,0,37,31,5,Nayarit
2020-04-15,0,1,0,37,32,5,Nayarit
2020-04-16,2,3,0,39,35,5,Nayarit
2020-04-17,2,3,0,41,38,5,Nayarit
2020-04-18,0,1,0,41,39,5,Nayarit
2020-04-19,0,2,0,41,41,5,Nayarit
2020-04-20,0,0,0,41,41,5,Nayarit
2020-04-21,0,0,0,41,41,5,Nayarit
2020-03-02,1,0,0,1,0,0,Nuevo León
2020-03-03,0,0,0,1,0,0,Nuevo León
2020-03-04,1,0,0,2,0,0,Nuevo León
2020-03-05,1,0,0,3,0,0,Nuevo León
2020-03-06,1,0,0,4,0,0,Nuevo León
2020-03-07,2,0,0,6,0,0,Nuevo León
2020-03-08,0,0,0,6,0,0,Nuevo León
2020-03-09,9,0,0,15,0,0,Nuevo León
2020-03-10,2,2,0,17,2,0,Nuevo León
2020-03-11,5,4,0,22,6,0,Nuevo León
2020-03-12,2,0,0,24,6,0,Nuevo León
2020-03-13,6,5,0,30,11,0,Nuevo León
2020-03-14,8,6,0,38,17,0,Nuevo León
2020-03-15,7,0,0,45,17,0,Nuevo León
2020-03-16,3,6,0,48,23,0,Nuevo León
2020-03-17,8,6,0,56,29,0,Nuevo León
2020-03-18,6,9,0,62,38,0,Nuevo León
2020-03-19,5,4,0,67,42,0,Nuevo León
2020-03-20,5,12,0,72,54,0,Nuevo León
2020-03-21,3,4,0,75,58,0,Nuevo León
2020-03-22,4,4,0,79,62,0,Nuevo León
2020-03-23,3,5,0,82,67,0,Nuevo León
2020-03-24,1,5,0,83,72,0,Nuevo León
2020-03-25,3,0,0,86,72,0,Nuevo León
2020-03-26,3,2,0,89,74,0,Nuevo León
2020-03-27,2,8,0,91,82,0,Nuevo León
2020-03-28,1,2,0,92,84,0,Nuevo León
2020-03-29,2,3,0,94,87,0,Nuevo León
2020-03-30,5,5,0,99,92,0,Nuevo León
2020-03-31,7,0,0,106,92,0,Nuevo León
2020-04-01,6,1,0,112,93,0,Nuevo León
2020-04-02,11,5,0,123,98,0,Nuevo León
2020-04-03,7,1,3,130,99,3,Nuevo León
2020-04-04,2,3,0,132,102,3,Nuevo León
2020-04-05,8,2,1,140,104,4,Nuevo León
2020-04-06,8,12,0,148,116,4,Nuevo León
2020-04-07,10,6,2,158,122,6,Nuevo León
2020-04-08,8,7,0,166,129,6,Nuevo León
2020-04-09,8,1,0,174,130,6,Nuevo León
2020-04-10,14,22,0,188,152,6,Nuevo León
2020-04-11,9,7,0,197,159,6,Nuevo León
2020-04-12,1,13,0,198,172,6,Nuevo León
2020-04-13,2,14,0,200,186,6,Nuevo León
2020-04-14,1,5,0,201,191,6,Nuevo León
2020-04-15,1,8,0,202,199,6,Nuevo León
2020-04-16,1,3,0,203,202,6,Nuevo León
2020-04-17,0,1,0,203,203,6,Nuevo León
2020-04-18,0,0,0,203,203,6,Nuevo León
2020-04-19,0,0,0,203,203,6,Nuevo León
2020-04-20,0,0,0,203,203,6,Nuevo León
2020-04-21,0,0,0,203,203,6,Nuevo León
2020-03-09,1,0,0,1,0,0,Oaxaca
2020-03-10,1,0,0,2,0,0,Oaxaca
2020-03-11,0,0,0,2,0,0,Oaxaca
2020-03-12,1,0,0,3,0,0,Oaxaca
2020-03-13,0,2,0,3,2,0,Oaxaca
2020-03-14,0,0,0,3,2,0,Oaxaca
2020-03-15,0,0,0,3,2,0,Oaxaca
2020-03-16,1,0,0,4,2,0,Oaxaca
2020-03-17,0,0,0,4,2,0,Oaxaca
2020-03-18,0,0,0,4,2,0,Oaxaca
2020-03-19,2,1,0,6,3,0,Oaxaca
2020-03-20,3,0,0,9,3,0,Oaxaca
2020-03-21,1,1,0,10,4,0,Oaxaca
2020-03-22,1,1,0,11,5,0,Oaxaca
2020-03-23,4,2,0,15,7,0,Oaxaca
2020-03-24,1,1,0,16,8,0,Oaxaca
2020-03-25,1,3,0,17,11,0,Oaxaca
2020-03-26,3,3,0,20,14,0,Oaxaca
2020-03-27,3,1,0,23,15,0,Oaxaca
2020-03-28,4,1,0,27,16,0,Oaxaca
2020-03-29,3,2,1,30,18,1,Oaxaca
2020-03-30,3,2,0,33,20,1,Oaxaca
2020-03-31,1,5,0,34,25,1,Oaxaca
2020-04-01,0,1,0,34,26,1,Oaxaca
2020-04-02,0,0,0,34,26,1,Oaxaca
2020-04-03,5,3,0,39,29,1,Oaxaca
2020-04-04,2,2,0,41,31,1,Oaxaca
2020-04-05,3,2,0,44,33,1,Oaxaca
2020-04-06,4,6,0,48,39,1,Oaxaca
2020-04-07,1,0,0,49,39,1,Oaxaca
2020-04-08,1,4,0,50,43,1,Oaxaca
2020-04-09,4,0,1,54,43,2,Oaxaca
2020-04-10,7,2,0,61,45,2,Oaxaca
2020-04-11,0,2,2,61,47,4,Oaxaca
2020-04-12,3,2,0,64,49,4,Oaxaca
2020-04-13,0,4,0,64,53,4,Oaxaca
2020-04-14,6,3,1,70,56,5,Oaxaca
2020-04-15,2,4,0,72,60,5,Oaxaca
2020-04-16,0,3,0,72,63,5,Oaxaca
2020-04-17,0,7,1,72,70,6,Oaxaca
2020-04-18,0,1,0,72,71,6,Oaxaca
2020-04-19,0,1,0,72,72,6,Oaxaca
2020-04-20,0,0,0,72,72,6,Oaxaca
2020-04-21,0,0,1,72,72,7,Oaxaca
2020-03-05,2,0,0,2,0,0,Puebla
2020-03-06,0,0,0,2,0,0,Puebla
2020-03-07,0,0,0,2,0,0,Puebla
2020-03-08,2,0,0,4,0,0,Puebla
2020-03-09,4,0,0,8,0,0,Puebla
2020-03-10,3,0,0,11,0,0,Puebla
2020-03-11,2,1,0,13,1,0,Puebla
2020-03-12,1,1,0,14,2,0,Puebla
2020-03-13,4,4,0,18,6,0,Puebla
2020-03-14,4,2,0,22,8,0,Puebla
2020-03-15,3,3,0,25,11,0,Puebla
2020-03-16,11,2,0,36,13,0,Puebla
2020-03-17,5,4,0,41,17,0,Puebla
2020-03-18,6,3,0,47,20,0,Puebla
2020-03-19,1,5,0,48,25,0,Puebla
2020-03-20,9,5,0,57,30,0,Puebla
2020-03-21,8,3,0,65,33,0,Puebla
2020-03-22,9,1,0,74,34,0,Puebla
2020-03-23,14,8,0,88,42,0,Puebla
2020-03-24,7,14,0,95,56,0,Puebla
2020-03-25,4,6,0,99,62,0,Puebla
2020-03-26,6,14,0,105,76,0,Puebla
2020-03-27,13,8,1,118,84,1,Puebla
2020-03-28,25,12,1,143,96,2,Puebla
2020-03-29,24,4,0,167,100,2,Puebla
2020-03-30,17,13,0,184,113,2,Puebla
2020-03-31,9,22,1,193,135,3,Puebla
2020-04-01,16,13,1,209,148,4,Puebla
2020-04-02,22,16,1,231,164,5,Puebla
2020-04-03,16,14,1,247,178,6,Puebla
2020-04-04,12,10,2,259,188,8,Puebla
2020-04-05,11,6,3,270,194,11,Puebla
2020-04-06,16,22,4,286,216,15,Puebla
2020-04-07,5,11,7,291,227,22,Puebla
2020-04-08,6,19,1,297,246,23,Puebla
2020-04-09,7,11,1,304,257,24,Puebla
2020-04-10,13,9,4,317,266,28,Puebla
2020-04-11,12,11,4,329,277,32,Puebla
2020-04-12,12,4,2,341,281,34,Puebla
2020-04-13,17,19,2,358,300,36,Puebla
2020-04-14,7,11,4,365,311,40,Puebla
2020-04-15,5,19,1,370,330,41,Puebla
2020-04-16,7,9,2,377,339,43,Puebla
2020-04-17,4,13,2,381,352,45,Puebla
2020-04-18,1,17,5,382,369,50,Puebla
2020-04-19,0,4,3,382,373,53,Puebla
2020-04-20,0,9,0,382,382,53,Puebla
2020-04-21,0,0,0,382,382,53,Puebla
2020-03-05,1,0,0,1,0,0,Querétaro
2020-03-06,0,0,0,1,0,0,Querétaro
2020-03-07,0,0,0,1,0,0,Querétaro
2020-03-08,1,0,0,2,0,0,Querétaro
2020-03-09,1,0,0,3,0,0,Querétaro
2020-03-10,4,2,0,7,2,0,Querétaro
2020-03-11,1,1,0,8,3,0,Querétaro
2020-03-12,0,1,0,8,4,0,Querétaro
2020-03-13,1,2,0,9,6,0,Querétaro
2020-03-14,1,1,0,10,7,0,Querétaro
2020-03-15,1,0,0,11,7,0,Querétaro
2020-03-16,4,0,0,15,7,0,Querétaro
2020-03-17,3,2,0,18,9,0,Querétaro
2020-03-18,2,2,0,20,11,0,Querétaro
2020-03-19,0,3,0,20,14,0,Querétaro
2020-03-20,3,1,0,23,15,0,Querétaro
2020-03-21,2,1,0,25,16,0,Querétaro
2020-03-22,2,0,0,27,16,0,Querétaro
2020-03-23,2,3,0,29,19,0,Querétaro
2020-03-24,0,4,0,29,23,0,Querétaro
2020-03-25,3,2,0,32,25,0,Querétaro
2020-03-26,4,1,0,36,26,0,Querétaro
2020-03-27,2,3,0,38,29,0,Querétaro
2020-03-28,2,0,1,40,29,1,Querétaro
2020-03-29,1,1,0,41,30,1,Querétaro
2020-03-30,1,2,0,42,32,1,Querétaro
2020-03-31,1,4,0,43,36,1,Querétaro
2020-04-01,4,4,0,47,40,1,Querétaro
2020-04-02,2,1,1,49,41,2,Querétaro
2020-04-03,4,4,0,53,45,2,Querétaro
2020-04-04,2,1,0,55,46,2,Querétaro
2020-04-05,2,0,0,57,46,2,Querétaro
2020-04-06,3,4,0,60,50,2,Querétaro
2020-04-07,3,4,0,63,54,2,Querétaro
2020-04-08,1,3,0,64,57,2,Querétaro
2020-04-09,1,3,0,65,60,2,Querétaro
2020-04-10,3,2,1,68,62,3,Querétaro
2020-04-11,4,2,1,72,64,4,Querétaro
2020-04-12,6,0,0,78,64,4,Querétaro
2020-04-13,1,5,0,79,69,4,Querétaro
2020-04-14,3,6,1,82,75,5,Querétaro
2020-04-15,4,2,1,86,77,6,Querétaro
2020-04-16,1,5,0,87,82,6,Querétaro
2020-04-17,0,3,0,87,85,6,Querétaro
2020-04-18,1,1,0,88,86,6,Querétaro
2020-04-19,0,0,0,88,86,6,Querétaro
2020-04-20,0,2,0,88,88,6,Querétaro
2020-04-21,0,0,0,88,88,6,Querétaro
2020-03-01,1,0,0,1,0,0,Quintana Roo
2020-03-02,0,0,0,1,0,0,Quintana Roo
2020-03-03,0,0,0,1,0,0,Quintana Roo
2020-03-04,0,0,0,1,0,0,Quintana Roo
2020-03-05,0,0,0,1,0,0,Quintana Roo
2020-03-06,0,0,0,1,0,0,Quintana Roo
2020-03-07,0,0,0,1,0,0,Quintana Roo
2020-03-08,1,0,0,2,0,0,Quintana Roo
2020-03-09,1,0,0,3,0,0,Quintana Roo
2020-03-10,0,0,0,3,0,0,Quintana Roo
2020-03-11,3,0,0,6,0,0,Quintana Roo
2020-03-12,1,1,0,7,1,0,Quintana Roo
2020-03-13,3,0,0,10,1,0,Quintana Roo
2020-03-14,4,4,0,14,5,0,Quintana Roo
2020-03-15,6,0,0,20,5,0,Quintana Roo
2020-03-16,2,3,0,22,8,0,Quintana Roo
2020-03-17,4,4,0,26,12,0,Quintana Roo
2020-03-18,7,1,0,33,13,0,Quintana Roo
2020-03-19,4,5,0,37,18,0,Quintana Roo
2020-03-20,8,2,0,45,20,0,Quintana Roo
2020-03-21,10,3,0,55,23,0,Quintana Roo
2020-03-22,6,4,0,61,27,0,Quintana Roo
2020-03-23,10,5,0,71,32,0,Quintana Roo
2020-03-24,6,9,0,77,41,0,Quintana Roo
2020-03-25,11,11,0,88,52,0,Quintana Roo
2020-03-26,6,9,1,94,61,1,Quintana Roo
2020-03-27,20,7,1,114,68,2,Quintana Roo
2020-03-28,15,7,1,129,75,3,Quintana Roo
2020-03-29,17,3,0,146,78,3,Quintana Roo
2020-03-30,16,20,0,162,98,3,Quintana Roo
2020-03-31,12,14,2,174,112,5,Quintana Roo
2020-04-01,19,21,1,193,133,6,Quintana Roo
2020-04-02,14,12,2,207,145,8,Quintana Roo
2020-04-03,17,12,2,224,157,10,Quintana Roo
2020-04-04,12,7,1,236,164,11,Quintana Roo
2020-04-05,24,9,1,260,173,12,Quintana Roo
2020-04-06,21,30,2,281,203,14,Quintana Roo
2020-04-07,12,18,2,293,221,16,Quintana Roo
2020-04-08,15,24,3,308,245,19,Quintana Roo
2020-04-09,17,9,4,325,254,23,Quintana Roo
2020-04-10,14,20,2,339,274,25,Quintana Roo
2020-04-11,15,14,2,354,288,27,Quintana Roo
2020-04-12,12,17,4,366,305,31,Quintana Roo
2020-04-13,8,18,5,374,323,36,Quintana Roo
2020-04-14,6,11,3,380,334,39,Quintana Roo
2020-04-15,7,17,0,387,351,39,Quintana Roo
2020-04-16,5,14,1,392,365,40,Quintana Roo
2020-04-17,0,16,3,392,381,43,Quintana Roo
2020-04-18,1,8,2,393,389,45,Quintana Roo
2020-04-19,0,4,1,393,393,46,Quintana Roo
2020-04-20,0,0,1,393,393,47,Quintana Roo
2020-04-21,0,0,0,393,393,47,Quintana Roo
2020-03-07,1,0,0,1,0,0,San Luis Potosí
2020-03-08,0,0,0,1,0,0,San Luis Potosí
2020-03-09,1,0,0,2,0,0,San Luis Potosí
2020-03-10,0,0,0,2,0,0,San Luis Potosí
2020-03-11,1,0,0,3,0,0,San Luis Potosí
2020-03-12,1,0,0,4,0,0,San Luis Potosí
2020-03-13,0,2,0,4,2,0,San Luis Potosí
2020-03-14,1,0,0,5,2,0,San Luis Potosí
2020-03-15,4,0,0,9,2,0,San Luis Potosí
2020-03-16,2,1,0,11,3,0,San Luis Potosí
2020-03-17,1,5,0,12,8,0,San Luis Potosí
2020-03-18,4,1,0,16,9,0,San Luis Potosí
2020-03-19,2,3,0,18,12,0,San Luis Potosí
2020-03-20,1,3,0,19,15,0,San Luis Potosí
2020-03-21,2,4,0,21,19,0,San Luis Potosí
2020-03-22,3,1,0,24,20,0,San Luis Potosí
2020-03-23,0,2,0,24,22,0,San Luis Potosí
2020-03-24,5,0,1,29,22,1,San Luis Potosí
2020-03-25,3,0,1,32,22,2,San Luis Potosí
2020-03-26,1,1,0,33,23,2,San Luis Potosí
2020-03-27,3,6,0,36,29,2,San Luis Potosí
2020-03-28,1,0,0,37,29,2,San Luis Potosí
2020-03-29,2,6,0,39,35,2,San Luis Potosí
2020-03-30,1,3,1,40,38,3,San Luis Potosí
2020-03-31,4,2,0,44,40,3,San Luis Potosí
2020-04-01,2,0,0,46,40,3,San Luis Potosí
2020-04-02,4,0,0,50,40,3,San Luis Potosí
2020-04-03,3,0,0,53,40,3,San Luis Potosí
2020-04-04,3,3,0,56,43,3,San Luis Potosí
2020-04-05,0,1,0,56,44,3,San Luis Potosí
2020-04-06,1,3,1,57,47,4,San Luis Potosí
2020-04-07,0,3,0,57,50,4,San Luis Potosí
2020-04-08,1,1,0,58,51,4,San Luis Potosí
2020-04-09,1,4,0,59,55,4,San Luis Potosí
2020-04-10,2,1,0,61,56,4,San Luis Potosí
2020-04-11,0,2,0,61,58,4,San Luis Potosí
2020-04-12,1,0,0,62,58,4,San Luis Potosí
2020-04-13,2,1,0,64,59,4,San Luis Potosí
2020-04-14,2,0,0,66,59,4,San Luis Potosí
2020-04-15,1,2,0,67,61,4,San Luis Potosí
2020-04-16,0,2,0,67,63,4,San Luis Potosí
2020-04-17,0,4,0,67,67,4,San Luis Potosí
2020-04-18,0,0,1,67,67,5,San Luis Potosí
2020-04-19,0,0,0,67,67,5,San Luis Potosí
2020-04-20,0,0,0,67,67,5,San Luis Potosí
2020-04-21,0,0,0,67,67,5,San Luis Potosí
2020-02-22,1,0,0,1,0,0,Sinaloa
2020-02-23,0,0,0,1,0,0,Sinaloa
2020-02-24,0,0,0,1,0,0,Sinaloa
2020-02-25,0,0,0,1,0,0,Sinaloa
2020-02-26,0,0,0,1,0,0,Sinaloa
2020-02-27,0,1,0,1,1,0,Sinaloa
2020-02-28,0,0,0,1,1,0,Sinaloa
2020-02-29,0,0,0,1,1,0,Sinaloa
2020-03-01,1,0,0,2,1,0,Sinaloa
2020-03-02,0,0,0,2,1,0,Sinaloa
2020-03-03,0,0,0,2,1,0,Sinaloa
2020-03-04,0,0,0,2,1,0,Sinaloa
2020-03-05,0,0,0,2,1,0,Sinaloa
2020-03-06,0,0,0,2,1,0,Sinaloa
2020-03-07,0,0,0,2,1,0,Sinaloa
2020-03-08,0,0,0,2,1,0,Sinaloa
2020-03-09,1,0,0,3,1,0,Sinaloa
2020-03-10,0,0,0,3,1,0,Sinaloa
2020-03-11,0,0,0,3,1,0,Sinaloa
2020-03-12,1,0,0,4,1,0,Sinaloa
2020-03-13,0,1,0,4,2,0,Sinaloa
2020-03-14,2,0,0,6,2,0,Sinaloa
2020-03-15,1,0,0,7,2,0,Sinaloa
2020-03-16,3,1,0,10,3,0,Sinaloa
2020-03-17,2,1,0,12,4,0,Sinaloa
2020-03-18,1,0,0,13,4,0,Sinaloa
2020-03-19,3,0,0,16,4,0,Sinaloa
2020-03-20,5,1,0,21,5,0,Sinaloa
2020-03-21,6,0,0,27,5,0,Sinaloa
2020-03-22,6,1,0,33,6,0,Sinaloa
2020-03-23,16,2,0,49,8,0,Sinaloa
2020-03-24,12,5,0,61,13,0,Sinaloa
2020-03-25,9,7,0,70,20,0,Sinaloa
2020-03-26,11,9,1,81,29,1,Sinaloa
2020-03-27,13,9,0,94,38,1,Sinaloa
2020-03-28,10,5,1,104,43,2,Sinaloa
2020-03-29,15,6,1,119,49,3,Sinaloa
2020-03-30,16,11,0,135,60,3,Sinaloa
2020-03-31,24,15,1,159,75,4,Sinaloa
2020-04-01,18,14,2,177,89,6,Sinaloa
2020-04-02,22,28,3,199,117,9,Sinaloa
2020-04-03,27,9,2,226,126,11,Sinaloa
2020-04-04,23,10,2,249,136,13,Sinaloa
2020-04-05,21,15,0,270,151,13,Sinaloa
2020-04-06,28,28,1,298,179,14,Sinaloa
2020-04-07,26,20,2,324,199,16,Sinaloa
2020-04-08,33,30,2,357,229,18,Sinaloa
2020-04-09,26,10,5,383,239,23,Sinaloa
2020-04-10,36,30,5,419,269,28,Sinaloa
2020-04-11,27,22,4,446,291,32,Sinaloa
2020-04-12,24,20,3,470,311,35,Sinaloa
2020-04-13,16,40,3,486,351,38,Sinaloa
2020-04-14,15,40,3,501,391,41,Sinaloa
2020-04-15,5,46,3,506,437,44,Sinaloa
2020-04-16,1,37,0,507,474,44,Sinaloa
2020-04-17,3,23,2,510,497,46,Sinaloa
2020-04-18,0,11,0,510,508,46,Sinaloa
2020-04-19,0,2,2,510,510,48,Sinaloa
2020-04-20,0,0,4,510,510,52,Sinaloa
2020-04-21,0,0,0,510,510,52,Sinaloa
2020-03-11,2,0,0,2,0,0,Sonora
2020-03-12,1,0,0,3,0,0,Sonora
2020-03-13,0,0,0,3,0,0,Sonora
2020-03-14,0,0,0,3,0,0,Sonora
2020-03-15,1,1,0,4,1,0,Sonora
2020-03-16,2,0,0,6,1,0,Sonora
2020-03-17,3,2,0,9,3,0,Sonora
2020-03-18,1,1,0,10,4,0,Sonora
2020-03-19,2,0,0,12,4,0,Sonora
2020-03-20,1,1,0,13,5,0,Sonora
2020-03-21,0,1,0,13,6,0,Sonora
2020-03-22,2,0,0,15,6,0,Sonora
2020-03-23,3,1,0,18,7,0,Sonora
2020-03-24,2,3,0,20,10,0,Sonora
2020-03-25,1,2,0,21,12,0,Sonora
2020-03-26,3,0,0,24,12,0,Sonora
2020-03-27,3,3,0,27,15,0,Sonora
2020-03-28,5,3,0,32,18,0,Sonora
2020-03-29,0,0,0,32,18,0,Sonora
2020-03-30,1,1,1,33,19,1,Sonora
2020-03-31,4,5,0,37,24,1,Sonora
2020-04-01,8,1,0,45,25,1,Sonora
2020-04-02,2,2,0,47,27,1,Sonora
2020-04-03,5,1,0,52,28,1,Sonora
2020-04-04,7,6,0,59,34,1,Sonora
2020-04-05,6,2,1,65,36,2,Sonora
2020-04-06,17,12,1,82,48,3,Sonora
2020-04-07,4,8,1,86,56,4,Sonora
2020-04-08,4,9,1,90,65,5,Sonora
2020-04-09,7,4,1,97,69,6,Sonora
2020-04-10,9,3,0,106,72,6,Sonora
2020-04-11,3,4,1,109,76,7,Sonora
2020-04-12,1,3,3,110,79,10,Sonora
2020-04-13,2,13,0,112,92,10,Sonora
2020-04-14,0,3,0,112,95,10,Sonora
2020-04-15,1,8,1,113,103,11,Sonora
2020-04-16,0,6,0,113,109,11,Sonora
2020-04-17,0,1,1,113,110,12,Sonora
2020-04-18,1,4,0,114,114,12,Sonora
2020-04-19,0,0,0,114,114,12,Sonora
2020-04-20,0,0,1,114,114,13,Sonora
2020-04-21,0,0,0,114,114,13,Sonora
2020-03-09,3,0,0,3,0,0,Tabasco
2020-03-10,2,0,0,5,0,0,Tabasco
2020-03-11,0,0,0,5,0,0,Tabasco
2020-03-12,0,0,0,5,0,0,Tabasco
2020-03-13,2,0,0,7,0,0,Tabasco
2020-03-14,2,0,0,9,0,0,Tabasco
2020-03-15,1,0,0,10,0,0,Tabasco
2020-03-16,3,0,0,13,0,0,Tabasco
2020-03-17,2,1,0,15,1,0,Tabasco
2020-03-18,5,2,0,20,3,0,Tabasco
2020-03-19,8,2,0,28,5,0,Tabasco
2020-03-20,4,2,0,32,7,0,Tabasco
2020-03-21,5,0,0,37,7,0,Tabasco
2020-03-22,3,0,0,40,7,0,Tabasco
2020-03-23,7,3,0,47,10,0,Tabasco
2020-03-24,6,10,0,53,20,0,Tabasco
2020-03-25,11,3,0,64,23,0,Tabasco
2020-03-26,6,5,0,70,28,0,Tabasco
2020-03-27,6,10,0,76,38,0,Tabasco
2020-03-28,15,1,0,91,39,0,Tabasco
2020-03-29,12,9,0,103,48,0,Tabasco
2020-03-30,10,9,0,113,57,0,Tabasco
2020-03-31,7,11,1,120,68,1,Tabasco
2020-04-01,12,8,3,132,76,4,Tabasco
2020-04-02,15,14,0,147,90,4,Tabasco
2020-04-03,11,19,1,158,109,5,Tabasco
2020-04-04,23,3,0,181,112,5,Tabasco
2020-04-05,16,8,3,197,120,8,Tabasco
2020-04-06,26,6,2,223,126,10,Tabasco
2020-04-07,26,12,0,249,138,10,Tabasco
2020-04-08,23,16,1,272,154,11,Tabasco
2020-04-09,35,9,1,307,163,12,Tabasco
2020-04-10,32,13,0,339,176,12,Tabasco
2020-04-11,17,13,1,356,189,13,Tabasco
2020-04-12,24,27,2,380,216,15,Tabasco
2020-04-13,28,29,4,408,245,19,Tabasco
2020-04-14,23,44,5,431,289,24,Tabasco
2020-04-15,19,28,3,450,317,27,Tabasco
2020-04-16,6,30,2,456,347,29,Tabasco
2020-04-17,5,34,10,461,381,39,Tabasco
2020-04-18,2,39,8,463,420,47,Tabasco
2020-04-19,4,26,6,467,446,53,Tabasco
2020-04-20,0,21,2,467,467,55,Tabasco
2020-04-21,0,0,0,467,467,55,Tabasco
2020-03-13,1,0,0,1,0,0,Tamaulipas
2020-03-14,2,0,0,3,0,0,Tamaulipas
2020-03-15,0,1,0,3,1,0,Tamaulipas
2020-03-16,3,1,0,6,2,0,Tamaulipas
2020-03-17,0,0,0,6,2,0,Tamaulipas
2020-03-18,0,0,0,6,2,0,Tamaulipas
2020-03-19,0,1,0,6,3,0,Tamaulipas
2020-03-20,3,1,0,9,4,0,Tamaulipas
2020-03-21,1,0,0,10,4,0,Tamaulipas
2020-03-22,1,1,0,11,5,0,Tamaulipas
2020-03-23,1,1,0,12,6,0,Tamaulipas
2020-03-24,1,1,0,13,7,0,Tamaulipas
2020-03-25,1,0,0,14,7,0,Tamaulipas
2020-03-26,4,0,0,18,7,0,Tamaulipas
2020-03-27,3,1,0,21,8,0,Tamaulipas
2020-03-28,1,1,0,22,9,0,Tamaulipas
2020-03-29,0,3,0,22,12,0,Tamaulipas
2020-03-30,7,4,0,29,16,0,Tamaulipas
2020-03-31,4,4,0,33,20,0,Tamaulipas
2020-04-01,6,5,0,39,25,0,Tamaulipas
2020-04-02,4,1,0,43,26,0,Tamaulipas
2020-04-03,1,4,1,44,30,1,Tamaulipas
2020-04-04,7,3,1,51,33,2,Tamaulipas
2020-04-05,3,1,0,54,34,2,Tamaulipas
2020-04-06,3,8,1,57,42,3,Tamaulipas
2020-04-07,5,4,0,62,46,3,Tamaulipas
2020-04-08,3,3,0,65,49,3,Tamaulipas
2020-04-09,3,2,0,68,51,3,Tamaulipas
2020-04-10,5,3,0,73,54,3,Tamaulipas
2020-04-11,5,1,0,78,55,3,Tamaulipas
2020-04-12,8,7,0,86,62,3,Tamaulipas
2020-04-13,18,5,0,104,67,3,Tamaulipas
2020-04-14,6,15,1,110,82,4,Tamaulipas
2020-04-15,6,13,1,116,95,5,Tamaulipas
2020-04-16,14,21,0,130,116,5,Tamaulipas
2020-04-17,7,14,1,137,130,6,Tamaulipas
2020-04-18,6,6,0,143,136,6,Tamaulipas
2020-04-19,2,4,0,145,140,6,Tamaulipas
2020-04-20,0,5,1,145,145,7,Tamaulipas
2020-04-21,0,0,0,145,145,7,Tamaulipas
2020-03-16,2,0,0,2,0,0,Tlaxcala
2020-03-17,1,0,0,3,0,0,Tlaxcala
2020-03-18,0,0,0,3,0,0,Tlaxcala
2020-03-19,0,0,0,3,0,0,Tlaxcala
2020-03-20,0,0,0,3,0,0,Tlaxcala
2020-03-21,0,0,0,3,0,0,Tlaxcala
2020-03-22,1,0,0,4,0,0,Tlaxcala
2020-03-23,1,2,0,5,2,0,Tlaxcala
2020-03-24,2,2,0,7,4,0,Tlaxcala
2020-03-25,2,0,0,9,4,0,Tlaxcala
2020-03-26,0,0,0,9,4,0,Tlaxcala
2020-03-27,1,1,0,10,5,0,Tlaxcala
2020-03-28,8,2,0,18,7,0,Tlaxcala
2020-03-29,2,0,0,20,7,0,Tlaxcala
2020-03-30,4,1,0,24,8,0,Tlaxcala
2020-03-31,3,0,0,27,8,0,Tlaxcala
2020-04-01,5,4,0,32,12,0,Tlaxcala
2020-04-02,4,1,0,36,13,0,Tlaxcala
2020-04-03,5,0,0,41,13,0,Tlaxcala
2020-04-04,8,2,0,49,15,0,Tlaxcala
2020-04-05,2,5,0,51,20,0,Tlaxcala
2020-04-06,4,8,0,55,28,0,Tlaxcala
2020-04-07,4,6,0,59,34,0,Tlaxcala
2020-04-08,7,6,1,66,40,1,Tlaxcala
2020-04-09,1,1,0,67,41,1,Tlaxcala
2020-04-10,6,7,0,73,48,1,Tlaxcala
2020-04-11,1,7,0,74,55,1,Tlaxcala
2020-04-12,0,1,3,74,56,4,Tlaxcala
2020-04-13,1,7,0,75,63,4,Tlaxcala
2020-04-14,3,6,0,78,69,4,Tlaxcala
2020-04-15,3,3,0,81,72,4,Tlaxcala
2020-04-16,2,3,0,83,75,4,Tlaxcala
2020-04-17,1,3,1,84,78,5,Tlaxcala
2020-04-18,0,3,0,84,81,5,Tlaxcala
2020-04-19,0,3,0,84,84,5,Tlaxcala
2020-04-20,0,0,0,84,84,5,Tlaxcala
2020-04-21,0,0,0,84,84,5,Tlaxcala
2020-01-08,1,1,0,1,1,0,Veracruz
2020-01-09,0,0,0,1,1,0,Veracruz
2020-01-10,0,0,0,1,1,0,Veracruz
2020-01-11,0,0,0,1,1,0,Veracruz
2020-01-12,0,0,0,1,1,0,Veracruz
2020-01-13,0,0,0,1,1,0,Veracruz
2020-01-14,0,0,0,1,1,0,Veracruz
2020-01-15,0,0,0,1,1,0,Veracruz
2020-01-16,0,0,0,1,1,0,Veracruz
2020-01-17,0,0,0,1,1,0,Veracruz
2020-01-18,0,0,0,1,1,0,Veracruz
2020-01-19,0,0,0,1,1,0,Veracruz
2020-01-20,0,0,0,1,1,0,Veracruz
2020-01-21,0,0,0,1,1,0,Veracruz
2020-01-22,0,0,0,1,1,0,Veracruz
2020-01-23,0,0,0,1,1,0,Veracruz
2020-01-24,0,0,0,1,1,0,Veracruz
2020-01-25,0,0,0,1,1,0,Veracruz
2020-01-26,0,0,0,1,1,0,Veracruz
2020-01-27,0,0,0,1,1,0,Veracruz
2020-01-28,0,0,0,1,1,0,Veracruz
2020-01-29,0,0,0,1,1,0,Veracruz
2020-01-30,0,0,0,1,1,0,Veracruz
2020-01-31,0,0,0,1,1,0,Veracruz
2020-02-01,0,0,0,1,1,0,Veracruz
2020-02-02,0,0,0,1,1,0,Veracruz
2020-02-03,0,0,0,1,1,0,Veracruz
2020-02-04,0,0,0,1,1,0,Veracruz
2020-02-05,0,0,0,1,1,0,Veracruz
2020-02-06,0,0,0,1,1,0,Veracruz
2020-02-07,0,0,0,1,1,0,Veracruz
2020-02-08,0,0,0,1,1,0,Veracruz
2020-02-09,0,0,0,1,1,0,Veracruz
2020-02-10,0,0,0,1,1,0,Veracruz
2020-02-11,0,0,0,1,1,0,Veracruz
2020-02-12,0,0,0,1,1,0,Veracruz
2020-02-13,0,0,0,1,1,0,Veracruz
2020-02-14,0,0,0,1,1,0,Veracruz
2020-02-15,0,0,0,1,1,0,Veracruz
2020-02-16,0,0,0,1,1,0,Veracruz
2020-02-17,0,0,0,1,1,0,Veracruz
2020-02-18,0,0,0,1,1,0,Veracruz
2020-02-19,0,0,0,1,1,0,Veracruz
2020-02-20,0,0,0,1,1,0,Veracruz
2020-02-21,0,0,0,1,1,0,Veracruz
2020-02-22,0,0,0,1,1,0,Veracruz
2020-02-23,0,0,0,1,1,0,Veracruz
2020-02-24,0,0,0,1,1,0,Veracruz
2020-02-25,0,0,0,1,1,0,Veracruz
2020-02-26,0,0,0,1,1,0,Veracruz
2020-02-27,0,0,0,1,1,0,Veracruz
2020-02-28,0,0,0,1,1,0,Veracruz
2020-02-29,0,0,0,1,1,0,Veracruz
2020-03-01,0,0,0,1,1,0,Veracruz
2020-03-02,0,0,0,1,1,0,Veracruz
2020-03-03,1,0,0,2,1,0,Veracruz
2020-03-04,0,0,0,2,1,0,Veracruz
2020-03-05,0,0,0,2,1,0,Veracruz
2020-03-06,0,0,0,2,1,0,Veracruz
2020-03-07,0,0,0,2,1,0,Veracruz
2020-03-08,0,0,0,2,1,0,Veracruz
2020-03-09,0,0,0,2,1,0,Veracruz
2020-03-10,0,0,0,2,1,0,Veracruz
2020-03-11,0,0,0,2,1,0,Veracruz
2020-03-12,4,0,0,6,1,0,Veracruz
2020-03-13,0,0,0,6,1,0,Veracruz
2020-03-14,3,0,0,9,1,0,Veracruz
2020-03-15,2,2,0,11,3,0,Veracruz
2020-03-16,2,0,0,13,3,0,Veracruz
2020-03-17,2,0,0,15,3,0,Veracruz
2020-03-18,4,7,0,19,10,0,Veracruz
2020-03-19,2,5,0,21,15,0,Veracruz
2020-03-20,7,1,0,28,16,0,Veracruz
2020-03-21,1,1,0,29,17,0,Veracruz
2020-03-22,1,0,0,30,17,0,Veracruz
2020-03-23,5,4,0,35,21,0,Veracruz
2020-03-24,0,2,0,35,23,0,Veracruz
2020-03-25,3,2,0,38,25,0,Veracruz
2020-03-26,3,4,0,41,29,0,Veracruz
2020-03-27,4,1,0,45,30,0,Veracruz
2020-03-28,1,1,1,46,31,1,Veracruz
2020-03-29,4,1,0,50,32,1,Veracruz
2020-03-30,4,2,0,54,34,1,Veracruz
2020-03-31,4,2,0,58,36,1,Veracruz
2020-04-01,3,7,1,61,43,2,Veracruz
2020-04-02,10,5,0,71,48,2,Veracruz
2020-04-03,6,6,1,77,54,3,Veracruz
2020-04-04,3,2,0,80,56,3,Veracruz
2020-04-05,6,2,0,86,58,3,Veracruz
2020-04-06,8,5,0,94,63,3,Veracruz
2020-04-07,9,9,0,103,72,3,Veracruz
2020-04-08,7,4,0,110,76,3,Veracruz
2020-04-09,7,9,1,117,85,4,Veracruz
2020-04-10,10,7,0,127,92,4,Veracruz
2020-04-11,10,9,0,137,101,4,Veracruz
2020-04-12,11,9,3,148,110,7,Veracruz
2020-04-13,10,11,1,158,121,8,Veracruz
2020-04-14,3,6,0,161,127,8,Veracruz
2020-04-15,4,8,0,165,135,8,Veracruz
2020-04-16,0,13,1,165,148,9,Veracruz
2020-04-17,0,6,1,165,154,10,Veracruz
2020-04-18,0,10,2,165,164,12,Veracruz
2020-04-19,0,1,0,165,165,12,Veracruz
2020-04-20,0,0,1,165,165,13,Veracruz
2020-04-21,0,0,0,165,165,13,Veracruz
2020-02-19,1,0,0,1,0,0,Yucatán
2020-02-20,0,0,0,1,0,0,Yucatán
2020-02-21,0,0,0,1,0,0,Yucatán
2020-02-22,0,0,0,1,0,0,Yucatán
2020-02-23,0,0,0,1,0,0,Yucatán
2020-02-24,0,0,0,1,0,0,Yucatán
2020-02-25,0,0,0,1,0,0,Yucatán
2020-02-26,0,0,0,1,0,0,Yucatán
2020-02-27,0,0,0,1,0,0,Yucatán
2020-02-28,0,0,0,1,0,0,Yucatán
2020-02-29,0,0,0,1,0,0,Yucatán
2020-03-01,0,0,0,1,0,0,Yucatán
2020-03-02,0,0,0,1,0,0,Yucatán
2020-03-03,0,0,0,1,0,0,Yucatán
2020-03-04,0,0,0,1,0,0,Yucatán
2020-03-05,0,0,0,1,0,0,Yucatán
2020-03-06,0,0,0,1,0,0,Yucatán
2020-03-07,1,0,0,2,0,0,Yucatán
2020-03-08,4,1,0,6,1,0,Yucatán
2020-03-09,1,0,0,7,1,0,Yucatán
2020-03-10,3,0,0,10,1,0,Yucatán
2020-03-11,3,0,0,13,1,0,Yucatán
2020-03-12,1,1,0,14,2,0,Yucatán
2020-03-13,5,0,0,19,2,0,Yucatán
2020-03-14,3,0,0,22,2,0,Yucatán
2020-03-15,1,4,0,23,6,0,Yucatán
2020-03-16,2,2,0,25,8,0,Yucatán
2020-03-17,5,6,0,30,14,0,Yucatán
2020-03-18,5,0,0,35,14,0,Yucatán
2020-03-19,7,2,0,42,16,0,Yucatán
2020-03-20,3,4,0,45,20,0,Yucatán
2020-03-21,4,0,0,49,20,0,Yucatán
2020-03-22,4,8,0,53,28,0,Yucatán
2020-03-23,3,5,0,56,33,0,Yucatán
2020-03-24,2,8,0,58,41,0,Yucatán
2020-03-25,0,3,0,58,44,0,Yucatán
2020-03-26,2,0,0,60,44,0,Yucatán
2020-03-27,4,3,0,64,47,0,Yucatán
2020-03-28,3,4,0,67,51,0,Yucatán
2020-03-29,6,2,0,73,53,0,Yucatán
2020-03-30,4,7,0,77,60,0,Yucatán
2020-03-31,5,1,0,82,61,0,Yucatán
2020-04-01,4,7,0,86,68,0,Yucatán
2020-04-02,4,2,0,90,70,0,Yucatán
2020-04-03,9,6,2,99,76,2,Yucatán
2020-04-04,4,1,0,103,77,2,Yucatán
2020-04-05,3,5,0,106,82,2,Yucatán
2020-04-06,10,9,1,116,91,3,Yucatán
2020-04-07,7,7,2,123,98,5,Yucatán
2020-04-08,11,5,0,134,103,5,Yucatán
2020-04-09,2,9,0,136,112,5,Yucatán
2020-04-10,4,3,2,140,115,7,Yucatán
2020-04-11,11,7,0,151,122,7,Yucatán
2020-04-12,15,1,0,166,123,7,Yucatán
2020-04-13,11,13,0,177,136,7,Yucatán
2020-04-14,6,17,0,183,153,7,Yucatán
2020-04-15,7,22,3,190,175,10,Yucatán
2020-04-16,2,9,1,192,184,11,Yucatán
2020-04-17,2,8,1,194,192,12,Yucatán
2020-04-18,0,2,0,194,194,12,Yucatán
2020-04-19,0,0,0,194,194,12,Yucatán
2020-04-20,0,0,0,194,194,12,Yucatán
2020-04-21,0,0,0,194,194,12,Yucatán
2020-03-09,1,0,0,1,0,0,Zacatecas
2020-03-10,0,0,0,1,0,0,Zacatecas
2020-03-11,0,0,0,1,0,0,Zacatecas
2020-03-12,1,0,0,2,0,0,Zacatecas
2020-03-13,0,0,0,2,0,0,Zacatecas
2020-03-14,0,0,0,2,0,0,Zacatecas
2020-03-15,0,0,0,2,0,0,Zacatecas
2020-03-16,1,1,0,3,1,0,Zacatecas
2020-03-17,0,0,0,3,1,0,Zacatecas
2020-03-18,1,0,0,4,1,0,Zacatecas
2020-03-19,2,0,0,6,1,0,Zacatecas
2020-03-20,0,1,0,6,2,0,Zacatecas
2020-03-21,2,1,0,8,3,0,Zacatecas
2020-03-22,1,1,0,9,4,0,Zacatecas
2020-03-23,0,0,0,9,4,0,Zacatecas
2020-03-24,0,1,0,9,5,0,Zacatecas
2020-03-25,0,0,0,9,5,0,Zacatecas
2020-03-26,0,0,0,9,5,0,Zacatecas
2020-03-27,0,2,0,9,7,0,Zacatecas
2020-03-28,0,1,0,9,8,0,Zacatecas
2020-03-29,0,0,0,9,8,0,Zacatecas
2020-03-30,0,0,0,9,8,0,Zacatecas
2020-03-31,2,0,1,11,8,1,Zacatecas
2020-04-01,0,0,0,11,8,1,Zacatecas
2020-04-02,2,1,0,13,9,1,Zacatecas
2020-04-03,2,0,0,15,9,1,Zacatecas
2020-04-04,0,1,1,15,10,2,Zacatecas
2020-04-05,0,1,0,15,11,2,Zacatecas
2020-04-06,0,1,0,15,12,2,Zacatecas
2020-04-07,1,0,0,16,12,2,Zacatecas
2020-04-08,5,2,0,21,14,2,Zacatecas
2020-04-09,1,1,0,22,15,2,Zacatecas
2020-04-10,4,0,0,26,15,2,Zacatecas
2020-04-11,4,2,0,30,17,2,Zacatecas
2020-04-12,1,1,0,31,18,2,Zacatecas
2020-04-13,1,0,0,32,18,2,Zacatecas
2020-04-14,0,1,0,32,19,2,Zacatecas
2020-04-15,0,5,0,32,24,2,Zacatecas
2020-04-16,0,2,0,32,26,2,Zacatecas
2020-04-17,0,1,0,32,27,2,Zacatecas
2020-04-18,0,5,0,32,32,2,Zacatecas
2020-04-19,0,0,1,32,32,3,Zacatecas
2020-04-20,0,0,0,32,32,3,Zacatecas
2020-04-21,0,0,0,32,32,3,Zacatecas
