fecha,sintomas_nuevos,ingreso_nuevos,muertes_nuevas,sintomas_acumulados,ingreso_acumulados,muertes_acumuladas,estado
2020-03-10,1,0,0,1,0,0,Aguascalientes
2020-03-11,0,0,0,1,0,0,Aguascalientes
2020-03-12,1,0,0,2,0,0,Aguascalientes
2020-03-13,0,0,0,2,0,0,Aguascalientes
2020-03-14,1,1,0,3,1,0,Aguascalientes
2020-03-15,1,0,0,4,1,0,Aguascalientes
2020-03-16,2,0,0,6,1,0,Aguascalientes
2020-03-17,2,1,0,8,2,0,Aguascalientes
2020-03-18,4,2,0,12,4,0,Aguascalientes
2020-03-19,2,1,0,14,5,0,Aguascalientes
2020-03-20,3,2,0,17,7,0,Aguascalientes
2020-03-21,0,1,0,17,8,0,Aguascalientes
2020-03-22,5,1,0,22,9,0,Aguascalientes
2020-03-23,9,4,0,31,13,0,Aguascalientes
2020-03-24,5,0,0,36,13,0,Aguascalientes
2020-03-25,5,17,0,41,30,0,Aguascalientes
2020-03-26,4,4,0,45,34,0,Aguascalientes
2020-03-27,5,6,0,50,40,0,Aguascalientes
2020-03-28,2,5,0,52,45,0,Aguascalientes
2020-03-29,2,3,0,54,48,0,Aguascalientes
2020-03-30,3,4,0,57,52,0,Aguascalientes
2020-03-31,1,1,0,58,53,0,Aguascalientes
2020-04-01,1,0,0,59,53,0,Aguascalientes
2020-04-02,2,0,0,61,53,0,Aguascalientes
2020-04-03,1,1,0,62,54,0,Aguascalientes
2020-04-04,0,0,0,62,54,0,Aguascalientes
2020-04-05,1,3,0,63,57,0,Aguascalientes
2020-04-06,4,4,0,67,61,0,Aguascalientes
2020-04-07,5,1,0,72,62,0,Aguascalientes
2020-04-08,2,1,0,74,63,0,Aguascalientes
2020-04-09,2,0,0,76,63,0,Aguascalientes
2020-04-10,1,2,1,77,65,1,Aguascalientes
2020-04-11,5,1,0,82,66,1,Aguascalientes
2020-04-12,2,2,0,84,68,1,Aguascalientes
2020-04-13,1,5,1,85,73,2,Aguascalientes
2020-04-14,4,0,0,89,73,2,Aguascalientes
2020-04-15,7,9,0,96,82,2,Aguascalientes
2020-04-16,2,4,0,98,86,2,Aguascalientes
2020-04-17,0,7,0,98,93,2,Aguascalientes
2020-04-18,1,3,0,99,96,2,Aguascalientes
2020-04-19,0,1,0,99,97,2,Aguascalientes
2020-04-20,0,0,0,99,97,2,Aguascalientes
2020-04-21,0,0,0,99,97,2,Aguascalientes
2020-04-22,0,2,0,99,99,2,Aguascalientes
2020-02-07,1,0,0,1,0,0,Baja California
2020-02-08,0,0,0,1,0,0,Baja California
2020-02-09,0,0,0,1,0,0,Baja California
2020-02-10,0,0,0,1,0,0,Baja California
2020-02-11,0,0,0,1,0,0,Baja California
2020-02-12,0,1,0,1,1,0,Baja California
2020-02-13,0,0,0,1,1,0,Baja California
2020-02-14,0,0,0,1,1,0,Baja California
2020-02-15,0,0,0,1,1,0,Baja California
2020-02-16,0,0,0,1,1,0,Baja California
2020-02-17,1,0,0,2,1,0,Baja California
2020-02-18,0,0,0,2,1,0,Baja California
2020-02-19,0,1,0,2,2,0,Baja California
2020-02-20,0,0,0,2,2,0,Baja California
2020-02-21,0,0,0,2,2,0,Baja California
2020-02-22,0,0,0,2,2,0,Baja California
2020-02-23,0,0,0,2,2,0,Baja California
2020-02-24,0,0,0,2,2,0,Baja California
2020-02-25,0,0,0,2,2,0,Baja California
2020-02-26,0,0,0,2,2,0,Baja California
2020-02-27,0,0,0,2,2,0,Baja California
2020-02-28,0,0,0,2,2,0,Baja California
2020-02-29,0,0,0,2,2,0,Baja California
2020-03-01,0,0,0,2,2,0,Baja California
2020-03-02,0,0,0,2,2,0,Baja California
2020-03-03,0,0,0,2,2,0,Baja California
2020-03-04,0,0,0,2,2,0,Baja California
2020-03-05,0,0,0,2,2,0,Baja California
2020-03-06,0,0,0,2,2,0,Baja California
2020-03-07,0,0,0,2,2,0,Baja California
2020-03-08,0,0,0,2,2,0,Baja California
2020-03-09,1,0,0,3,2,0,Baja California
2020-03-10,0,0,0,3,2,0,Baja California
2020-03-11,2,1,0,5,3,0,Baja California
2020-03-12,2,0,0,7,3,0,Baja California
2020-03-13,4,0,0,11,3,0,Baja California
2020-03-14,2,0,0,13,3,0,Baja California
2020-03-15,2,0,0,15,3,0,Baja California
2020-03-16,5,1,0,20,4,0,Baja California
2020-03-17,5,3,0,25,7,0,Baja California
2020-03-18,11,4,0,36,11,0,Baja California
2020-03-19,10,5,0,46,16,0,Baja California
2020-03-20,16,6,0,62,22,0,Baja California
2020-03-21,6,3,0,68,25,0,Baja California
2020-03-22,7,2,0,75,27,0,Baja California
2020-03-23,15,10,0,90,37,0,Baja California
2020-03-24,20,9,0,110,46,0,Baja California
2020-03-25,17,8,0,127,54,0,Baja California
2020-03-26,23,11,0,150,65,0,Baja California
2020-03-27,25,18,0,175,83,0,Baja California
2020-03-28,24,7,0,199,90,0,Baja California
2020-03-29,36,20,1,235,110,1,Baja California
2020-03-30,38,28,2,273,138,3,Baja California
2020-03-31,32,41,2,305,179,5,Baja California
2020-04-01,53,61,2,358,240,7,Baja California
2020-04-02,60,26,5,418,266,12,Baja California
2020-04-03,46,36,3,464,302,15,Baja California
2020-04-04,51,24,5,515,326,20,Baja California
2020-04-05,38,18,2,553,344,22,Baja California
2020-04-06,44,64,8,597,408,30,Baja California
2020-04-07,41,35,4,638,443,34,Baja California
2020-04-08,54,67,5,692,510,39,Baja California
2020-04-09,59,55,4,751,565,43,Baja California
2020-04-10,71,39,6,822,604,49,Baja California
2020-04-11,50,39,7,872,643,56,Baja California
2020-04-12,48,37,9,920,680,65,Baja California
2020-04-13,21,69,3,941,749,68,Baja California
2020-04-14,22,97,8,963,846,76,Baja California
2020-04-15,5,56,12,968,902,88,Baja California
2020-04-16,18,36,5,986,938,93,Baja California
2020-04-17,5,29,8,991,967,101,Baja California
2020-04-18,0,12,2,991,979,103,Baja California
2020-04-19,1,4,9,992,983,112,Baja California
2020-04-20,0,8,5,992,991,117,Baja California
2020-04-21,0,1,1,992,992,118,Baja California
2020-04-22,0,0,0,992,992,118,Baja California
2020-03-13,1,0,0,1,0,0,Baja California Sur
2020-03-14,0,0,0,1,0,0,Baja California Sur
2020-03-15,0,0,0,1,0,0,Baja California Sur
2020-03-16,3,0,0,4,0,0,Baja California Sur
2020-03-17,1,0,0,5,0,0,Baja California Sur
2020-03-18,1,1,0,6,1,0,Baja California Sur
2020-03-19,0,0,0,6,1,0,Baja California Sur
2020-03-20,1,1,0,7,2,0,Baja California Sur
2020-03-21,4,1,0,11,3,0,Baja California Sur
2020-03-22,5,0,0,16,3,0,Baja California Sur
2020-03-23,5,4,0,21,7,0,Baja California Sur
2020-03-24,2,2,0,23,9,0,Baja California Sur
2020-03-25,5,0,0,28,9,0,Baja California Sur
2020-03-26,5,2,0,33,11,0,Baja California Sur
2020-03-27,8,4,0,41,15,0,Baja California Sur
2020-03-28,10,4,0,51,19,0,Baja California Sur
2020-03-29,4,1,1,55,20,1,Baja California Sur
2020-03-30,13,13,0,68,33,1,Baja California Sur
2020-03-31,13,7,1,81,40,2,Baja California Sur
2020-04-01,17,5,0,98,45,2,Baja California Sur
2020-04-02,17,11,0,115,56,2,Baja California Sur
2020-04-03,21,16,0,136,72,2,Baja California Sur
2020-04-04,18,6,1,154,78,3,Baja California Sur
2020-04-05,17,5,1,171,83,4,Baja California Sur
2020-04-06,13,17,0,184,100,4,Baja California Sur
2020-04-07,5,24,0,189,124,4,Baja California Sur
2020-04-08,6,23,1,195,147,5,Baja California Sur
2020-04-09,6,25,0,201,172,5,Baja California Sur
2020-04-10,10,9,0,211,181,5,Baja California Sur
2020-04-11,10,7,1,221,188,6,Baja California Sur
2020-04-12,9,5,1,230,193,7,Baja California Sur
2020-04-13,1,11,0,231,204,7,Baja California Sur
2020-04-14,3,14,0,234,218,7,Baja California Sur
2020-04-15,4,5,0,238,223,7,Baja California Sur
2020-04-16,1,9,1,239,232,8,Baja California Sur
2020-04-17,0,5,1,239,237,9,Baja California Sur
2020-04-18,0,1,0,239,238,9,Baja California Sur
2020-04-19,1,1,0,240,239,9,Baja California Sur
2020-04-20,0,0,1,240,239,10,Baja California Sur
2020-04-21,0,1,0,240,240,10,Baja California Sur
2020-04-22,0,0,0,240,240,10,Baja California Sur
2020-02-23,1,0,0,1,0,0,Campeche
2020-02-24,0,0,0,1,0,0,Campeche
2020-02-25,0,0,0,1,0,0,Campeche
2020-02-26,0,0,0,1,0,0,Campeche
2020-02-27,0,0,0,1,0,0,Campeche
2020-02-28,0,0,0,1,0,0,Campeche
2020-02-29,0,0,0,1,0,0,Campeche
2020-03-01,0,0,0,1,0,0,Campeche
2020-03-02,0,0,0,1,0,0,Campeche
2020-03-03,0,0,0,1,0,0,Campeche
2020-03-04,0,0,0,1,0,0,Campeche
2020-03-05,0,0,0,1,0,0,Campeche
2020-03-06,0,0,0,1,0,0,Campeche
2020-03-07,0,0,0,1,0,0,Campeche
2020-03-08,0,0,0,1,0,0,Campeche
2020-03-09,0,0,0,1,0,0,Campeche
2020-03-10,0,0,0,1,0,0,Campeche
2020-03-11,0,0,0,1,0,0,Campeche
2020-03-12,1,1,0,2,1,0,Campeche
2020-03-13,0,0,0,2,1,0,Campeche
2020-03-14,0,0,0,2,1,0,Campeche
2020-03-15,0,0,0,2,1,0,Campeche
2020-03-16,0,0,0,2,1,0,Campeche
2020-03-17,0,0,0,2,1,0,Campeche
2020-03-18,1,0,0,3,1,0,Campeche
2020-03-19,0,0,0,3,1,0,Campeche
2020-03-20,1,0,0,4,1,0,Campeche
2020-03-21,0,0,0,4,1,0,Campeche
2020-03-22,0,0,0,4,1,0,Campeche
2020-03-23,1,1,0,5,2,0,Campeche
2020-03-24,0,0,0,5,2,0,Campeche
2020-03-25,2,0,0,7,2,0,Campeche
2020-03-26,0,1,0,7,3,0,Campeche
2020-03-27,3,3,0,10,6,0,Campeche
2020-03-28,2,0,0,12,6,0,Campeche
2020-03-29,0,1,0,12,7,0,Campeche
2020-03-30,2,0,0,14,7,0,Campeche
2020-03-31,3,0,0,17,7,0,Campeche
2020-04-01,1,1,0,18,8,0,Campeche
2020-04-02,2,2,0,20,10,0,Campeche
2020-04-03,4,1,0,24,11,0,Campeche
2020-04-04,6,0,0,30,11,0,Campeche
2020-04-05,1,3,0,31,14,0,Campeche
2020-04-06,7,2,2,38,16,2,Campeche
2020-04-07,4,0,0,42,16,2,Campeche
2020-04-08,6,0,0,48,16,2,Campeche
2020-04-09,2,2,0,50,18,2,Campeche
2020-04-10,4,2,1,54,20,3,Campeche
2020-04-11,6,17,0,60,37,3,Campeche
2020-04-12,2,5,0,62,42,3,Campeche
2020-04-13,3,4,0,65,46,3,Campeche
2020-04-14,1,6,1,66,52,4,Campeche
2020-04-15,2,3,0,68,55,4,Campeche
2020-04-16,2,4,0,70,59,4,Campeche
2020-04-17,0,1,1,70,60,5,Campeche
2020-04-18,0,6,0,70,66,5,Campeche
2020-04-19,0,1,0,70,67,5,Campeche
2020-04-20,0,1,0,70,68,5,Campeche
2020-04-21,0,2,0,70,70,5,Campeche
2020-04-22,0,0,0,70,70,5,Campeche
2020-02-18,1,1,0,1,1,0,Coahuila
2020-02-19,0,0,0,1,1,0,Coahuila
2020-02-20,0,0,0,1,1,0,Coahuila
2020-02-21,0,0,0,1,1,0,Coahuila
2020-02-22,0,0,0,1,1,0,Coahuila
2020-02-23,0,0,0,1,1,0,Coahuila
2020-02-24,0,0,0,1,1,0,Coahuila
2020-02-25,0,0,0,1,1,0,Coahuila
2020-02-26,0,0,0,1,1,0,Coahuila
2020-02-27,1,0,0,2,1,0,Coahuila
2020-02-28,0,1,0,2,2,0,Coahuila
2020-02-29,0,0,0,2,2,0,Coahuila
2020-03-01,0,0,0,2,2,0,Coahuila
2020-03-02,0,0,0,2,2,0,Coahuila
2020-03-03,0,0,0,2,2,0,Coahuila
2020-03-04,0,0,0,2,2,0,Coahuila
2020-03-05,0,0,0,2,2,0,Coahuila
2020-03-06,0,0,0,2,2,0,Coahuila
2020-03-07,0,0,0,2,2,0,Coahuila
2020-03-08,0,0,0,2,2,0,Coahuila
2020-03-09,0,0,0,2,2,0,Coahuila
2020-03-10,0,0,0,2,2,0,Coahuila
2020-03-11,0,0,0,2,2,0,Coahuila
2020-03-12,0,0,0,2,2,0,Coahuila
2020-03-13,1,0,0,3,2,0,Coahuila
2020-03-14,0,0,0,3,2,0,Coahuila
2020-03-15,0,0,0,3,2,0,Coahuila
2020-03-16,2,1,0,5,3,0,Coahuila
2020-03-17,3,2,0,8,5,0,Coahuila
2020-03-18,4,2,0,12,7,0,Coahuila
2020-03-19,3,3,0,15,10,0,Coahuila
2020-03-20,7,4,0,22,14,0,Coahuila
2020-03-21,8,0,0,30,14,0,Coahuila
2020-03-22,3,0,0,33,14,0,Coahuila
2020-03-23,10,1,0,43,15,0,Coahuila
2020-03-24,9,5,0,52,20,0,Coahuila
2020-03-25,7,0,0,59,20,0,Coahuila
2020-03-26,10,3,0,69,23,0,Coahuila
2020-03-27,18,4,0,87,27,0,Coahuila
2020-03-28,15,5,1,102,32,1,Coahuila
2020-03-29,15,14,0,117,46,1,Coahuila
2020-03-30,21,18,1,138,64,2,Coahuila
2020-03-31,11,13,1,149,77,3,Coahuila
2020-04-01,13,18,0,162,95,3,Coahuila
2020-04-02,11,16,2,173,111,5,Coahuila
2020-04-03,11,21,1,184,132,6,Coahuila
2020-04-04,14,10,0,198,142,6,Coahuila
2020-04-05,5,4,2,203,146,8,Coahuila
2020-04-06,13,25,1,216,171,9,Coahuila
2020-04-07,11,7,4,227,178,13,Coahuila
2020-04-08,10,18,0,237,196,13,Coahuila
2020-04-09,7,6,1,244,202,14,Coahuila
2020-04-10,6,11,1,250,213,15,Coahuila
2020-04-11,6,7,0,256,220,15,Coahuila
2020-04-12,4,5,0,260,225,15,Coahuila
2020-04-13,8,13,0,268,238,15,Coahuila
2020-04-14,4,13,3,272,251,18,Coahuila
2020-04-15,2,13,1,274,264,19,Coahuila
2020-04-16,1,4,2,275,268,21,Coahuila
2020-04-17,1,5,0,276,273,21,Coahuila
2020-04-18,0,1,0,276,274,21,Coahuila
2020-04-19,1,2,1,277,276,22,Coahuila
2020-04-20,1,2,3,278,278,25,Coahuila
2020-04-21,1,1,1,279,279,26,Coahuila
2020-04-22,0,0,1,279,279,27,Coahuila
2020-03-12,1,0,0,1,0,0,Colima
2020-03-13,0,0,0,1,0,0,Colima
2020-03-14,0,1,0,1,1,0,Colima
2020-03-15,1,0,0,2,1,0,Colima
2020-03-16,0,1,0,2,2,0,Colima
2020-03-17,0,0,0,2,2,0,Colima
2020-03-18,0,0,0,2,2,0,Colima
2020-03-19,0,0,0,2,2,0,Colima
2020-03-20,0,0,0,2,2,0,Colima
2020-03-21,0,0,0,2,2,0,Colima
2020-03-22,0,0,0,2,2,0,Colima
2020-03-23,0,0,0,2,2,0,Colima
2020-03-24,1,1,0,3,3,0,Colima
2020-03-25,1,0,0,4,3,0,Colima
2020-03-26,0,0,0,4,3,0,Colima
2020-03-27,0,0,0,4,3,0,Colima
2020-03-28,2,0,0,6,3,0,Colima
2020-03-29,1,0,0,7,3,0,Colima
2020-03-30,0,1,0,7,4,0,Colima
2020-03-31,0,1,0,7,5,0,Colima
2020-04-01,0,2,0,7,7,0,Colima
2020-04-02,0,0,0,7,7,0,Colima
2020-04-03,0,0,0,7,7,0,Colima
2020-04-04,0,0,0,7,7,0,Colima
2020-04-05,0,0,0,7,7,0,Colima
2020-04-06,1,0,0,8,7,0,Colima
2020-04-07,0,0,0,8,7,0,Colima
2020-04-08,0,0,0,8,7,0,Colima
2020-04-09,0,0,0,8,7,0,Colima
2020-04-10,0,0,0,8,7,0,Colima
2020-04-11,2,0,0,10,7,0,Colima
2020-04-12,1,2,0,11,9,0,Colima
2020-04-13,0,0,1,11,9,1,Colima
2020-04-14,0,0,0,11,9,1,Colima
2020-04-15,2,1,0,13,10,1,Colima
2020-04-16,0,0,1,13,10,2,Colima
2020-04-17,0,2,0,13,12,2,Colima
2020-04-18,1,1,0,14,13,2,Colima
2020-04-19,0,1,0,14,14,2,Colima
2020-04-20,0,0,0,14,14,2,Colima
2020-04-21,0,0,0,14,14,2,Colima
2020-04-22,0,0,0,14,14,2,Colima
2020-02-25,1,0,0,1,0,0,Chiapas
2020-02-26,0,0,0,1,0,0,Chiapas
2020-02-27,0,0,0,1,0,0,Chiapas
2020-02-28,0,0,0,1,0,0,Chiapas
2020-02-29,0,1,0,1,1,0,Chiapas
2020-03-01,0,0,0,1,1,0,Chiapas
2020-03-02,0,0,0,1,1,0,Chiapas
2020-03-03,0,0,0,1,1,0,Chiapas
2020-03-04,0,0,0,1,1,0,Chiapas
2020-03-05,0,0,0,1,1,0,Chiapas
2020-03-06,0,0,0,1,1,0,Chiapas
2020-03-07,0,0,0,1,1,0,Chiapas
2020-03-08,0,0,0,1,1,0,Chiapas
2020-03-09,0,0,0,1,1,0,Chiapas
2020-03-10,0,0,0,1,1,0,Chiapas
2020-03-11,0,0,0,1,1,0,Chiapas
2020-03-12,0,0,0,1,1,0,Chiapas
2020-03-13,1,0,0,2,1,0,Chiapas
2020-03-14,1,0,0,3,1,0,Chiapas
2020-03-15,0,0,0,3,1,0,Chiapas
2020-03-16,0,0,0,3,1,0,Chiapas
2020-03-17,0,0,0,3,1,0,Chiapas
2020-03-18,0,1,0,3,2,0,Chiapas
2020-03-19,0,0,0,3,2,0,Chiapas
2020-03-20,2,0,0,5,2,0,Chiapas
2020-03-21,2,0,0,7,2,0,Chiapas
2020-03-22,3,0,0,10,2,0,Chiapas
2020-03-23,4,3,0,14,5,0,Chiapas
2020-03-24,1,0,0,15,5,0,Chiapas
2020-03-25,4,2,0,19,7,0,Chiapas
2020-03-26,0,0,0,19,7,0,Chiapas
2020-03-27,3,5,0,22,12,0,Chiapas
2020-03-28,4,1,0,26,13,0,Chiapas
2020-03-29,1,0,0,27,13,0,Chiapas
2020-03-30,1,1,0,28,14,0,Chiapas
2020-03-31,3,2,0,31,16,0,Chiapas
2020-04-01,2,4,0,33,20,0,Chiapas
2020-04-02,2,3,0,35,23,0,Chiapas
2020-04-03,4,5,0,39,28,0,Chiapas
2020-04-04,3,2,0,42,30,0,Chiapas
2020-04-05,1,1,0,43,31,0,Chiapas
2020-04-06,2,5,1,45,36,1,Chiapas
2020-04-07,5,2,0,50,38,1,Chiapas
2020-04-08,4,4,0,54,42,1,Chiapas
2020-04-09,1,3,1,55,45,2,Chiapas
2020-04-10,2,3,0,57,48,2,Chiapas
2020-04-11,5,0,1,62,48,3,Chiapas
2020-04-12,2,0,0,64,48,3,Chiapas
2020-04-13,5,6,0,69,54,3,Chiapas
2020-04-14,3,4,0,72,58,3,Chiapas
2020-04-15,5,4,0,77,62,3,Chiapas
2020-04-16,5,2,0,82,64,3,Chiapas
2020-04-17,1,5,0,83,69,3,Chiapas
2020-04-18,0,3,0,83,72,3,Chiapas
2020-04-19,0,5,1,83,77,4,Chiapas
2020-04-20,0,6,0,83,83,4,Chiapas
2020-04-21,0,0,0,83,83,4,Chiapas
2020-04-22,0,0,0,83,83,4,Chiapas
2020-03-12,1,0,0,1,0,0,Chihuahua
2020-03-13,1,0,0,2,0,0,Chihuahua
2020-03-14,0,1,0,2,1,0,Chihuahua
2020-03-15,1,0,0,3,1,0,Chihuahua
2020-03-16,1,0,0,4,1,0,Chihuahua
2020-03-17,1,0,0,5,1,0,Chihuahua
2020-03-18,2,1,0,7,2,0,Chihuahua
2020-03-19,1,1,0,8,3,0,Chihuahua
2020-03-20,2,3,0,10,6,0,Chihuahua
2020-03-21,1,1,0,11,7,0,Chihuahua
2020-03-22,1,1,0,12,8,0,Chihuahua
2020-03-23,1,0,0,13,8,0,Chihuahua
2020-03-24,4,1,0,17,9,0,Chihuahua
2020-03-25,4,1,0,21,10,0,Chihuahua
2020-03-26,5,2,0,26,12,0,Chihuahua
2020-03-27,0,2,0,26,14,0,Chihuahua
2020-03-28,4,2,0,30,16,0,Chihuahua
2020-03-29,6,5,0,36,21,0,Chihuahua
2020-03-30,1,3,0,37,24,0,Chihuahua
2020-03-31,10,5,0,47,29,0,Chihuahua
2020-04-01,6,6,0,53,35,0,Chihuahua
2020-04-02,10,6,0,63,41,0,Chihuahua
2020-04-03,13,5,2,76,46,2,Chihuahua
2020-04-04,3,6,1,79,52,3,Chihuahua
2020-04-05,6,10,1,85,62,4,Chihuahua
2020-04-06,7,8,2,92,70,6,Chihuahua
2020-04-07,9,6,5,101,76,11,Chihuahua
2020-04-08,12,8,5,113,84,16,Chihuahua
2020-04-09,6,5,4,119,89,20,Chihuahua
2020-04-10,15,7,1,134,96,21,Chihuahua
2020-04-11,10,9,0,144,105,21,Chihuahua
2020-04-12,4,6,4,148,111,25,Chihuahua
2020-04-13,7,15,3,155,126,28,Chihuahua
2020-04-14,4,10,1,159,136,29,Chihuahua
2020-04-15,11,10,3,170,146,32,Chihuahua
2020-04-16,2,14,2,172,160,34,Chihuahua
2020-04-17,1,6,4,173,166,38,Chihuahua
2020-04-18,3,2,1,176,168,39,Chihuahua
2020-04-19,0,5,0,176,173,39,Chihuahua
2020-04-20,0,3,0,176,176,39,Chihuahua
2020-04-21,0,0,0,176,176,39,Chihuahua
2020-04-22,0,0,0,176,176,39,Chihuahua
2020-02-17,2,0,0,2,0,0,Ciudad de México
2020-02-18,0,0,0,2,0,0,Ciudad de México
2020-02-19,0,0,0,2,0,0,Ciudad de México
2020-02-20,0,0,0,2,0,0,Ciudad de México
2020-02-21,0,0,0,2,0,0,Ciudad de México
2020-02-22,1,0,0,3,0,0,Ciudad de México
2020-02-23,1,0,0,4,0,0,Ciudad de México
2020-02-24,0,0,0,4,0,0,Ciudad de México
2020-02-25,1,0,0,5,0,0,Ciudad de México
2020-02-26,1,0,0,6,0,0,Ciudad de México
2020-02-27,0,2,0,6,2,0,Ciudad de México
2020-02-28,2,0,0,8,2,0,Ciudad de México
2020-02-29,2,0,0,10,2,0,Ciudad de México
2020-03-01,2,0,0,12,2,0,Ciudad de México
2020-03-02,3,0,0,15,2,0,Ciudad de México
2020-03-03,4,0,0,19,2,0,Ciudad de México
2020-03-04,5,1,0,24,3,0,Ciudad de México
2020-03-05,0,1,0,24,4,0,Ciudad de México
2020-03-06,4,0,0,28,4,0,Ciudad de México
2020-03-07,8,0,0,36,4,0,Ciudad de México
2020-03-08,7,2,0,43,6,0,Ciudad de México
2020-03-09,22,0,0,65,6,0,Ciudad de México
2020-03-10,25,3,0,90,9,0,Ciudad de México
2020-03-11,22,17,0,112,26,0,Ciudad de México
2020-03-12,21,18,0,133,44,0,Ciudad de México
2020-03-13,35,27,0,168,71,0,Ciudad de México
2020-03-14,38,25,0,206,96,0,Ciudad de México
2020-03-15,37,16,0,243,112,0,Ciudad de México
2020-03-16,42,24,0,285,136,0,Ciudad de México
2020-03-17,27,36,0,312,172,0,Ciudad de México
2020-03-18,28,36,1,340,208,1,Ciudad de México
2020-03-19,33,46,0,373,254,1,Ciudad de México
2020-03-20,49,23,0,422,277,1,Ciudad de México
2020-03-21,23,12,0,445,289,1,Ciudad de México
2020-03-22,28,13,1,473,302,2,Ciudad de México
2020-03-23,44,27,1,517,329,3,Ciudad de México
2020-03-24,39,30,0,556,359,3,Ciudad de México
2020-03-25,48,21,1,604,380,4,Ciudad de México
2020-03-26,80,38,3,684,418,7,Ciudad de México
2020-03-27,62,40,3,746,458,10,Ciudad de México
2020-03-28,62,49,2,808,507,12,Ciudad de México
2020-03-29,53,45,2,861,552,14,Ciudad de México
2020-03-30,94,68,4,955,620,18,Ciudad de México
2020-03-31,75,46,7,1030,666,25,Ciudad de México
2020-04-01,116,62,6,1146,728,31,Ciudad de México
2020-04-02,108,63,5,1254,791,36,Ciudad de México
2020-04-03,106,78,7,1360,869,43,Ciudad de México
2020-04-04,119,51,6,1479,920,49,Ciudad de México
2020-04-05,124,57,3,1603,977,52,Ciudad de México
2020-04-06,144,117,14,1747,1094,66,Ciudad de México
2020-04-07,126,136,9,1873,1230,75,Ciudad de México
2020-04-08,137,133,6,2010,1363,81,Ciudad de México
2020-04-09,157,129,13,2167,1492,94,Ciudad de México
2020-04-10,233,138,20,2400,1630,114,Ciudad de México
2020-04-11,139,106,20,2539,1736,134,Ciudad de México
2020-04-12,139,117,7,2678,1853,141,Ciudad de México
2020-04-13,164,227,13,2842,2080,154,Ciudad de México
2020-04-14,127,236,17,2969,2316,171,Ciudad de México
2020-04-15,118,198,20,3087,2514,191,Ciudad de México
2020-04-16,62,213,19,3149,2727,210,Ciudad de México
2020-04-17,66,205,4,3215,2932,214,Ciudad de México
2020-04-18,41,86,15,3256,3018,229,Ciudad de México
2020-04-19,23,80,12,3279,3098,241,Ciudad de México
2020-04-20,4,154,7,3283,3252,248,Ciudad de México
2020-04-21,4,35,2,3287,3287,250,Ciudad de México
2020-04-22,0,0,1,3287,3287,251,Ciudad de México
2020-03-06,1,0,0,1,0,0,Durango
2020-03-07,0,0,0,1,0,0,Durango
2020-03-08,0,0,0,1,0,0,Durango
2020-03-09,1,0,0,2,0,0,Durango
2020-03-10,0,0,0,2,0,0,Durango
2020-03-11,1,1,0,3,1,0,Durango
2020-03-12,0,0,0,3,1,0,Durango
2020-03-13,0,1,0,3,2,0,Durango
2020-03-14,0,1,0,3,3,0,Durango
2020-03-15,1,0,0,4,3,0,Durango
2020-03-16,0,0,0,4,3,0,Durango
2020-03-17,0,1,0,4,4,0,Durango
2020-03-18,2,1,1,6,5,1,Durango
2020-03-19,1,0,0,7,5,1,Durango
2020-03-20,0,0,0,7,5,1,Durango
2020-03-21,0,1,0,7,6,1,Durango
2020-03-22,0,0,0,7,6,1,Durango
2020-03-23,2,1,0,9,7,1,Durango
2020-03-24,1,1,1,10,8,2,Durango
2020-03-25,1,1,0,11,9,2,Durango
2020-03-26,0,0,0,11,9,2,Durango
2020-03-27,0,0,0,11,9,2,Durango
2020-03-28,1,0,0,12,9,2,Durango
2020-03-29,1,0,0,13,9,2,Durango
2020-03-30,1,2,0,14,11,2,Durango
2020-03-31,0,2,1,14,13,3,Durango
2020-04-01,0,1,1,14,14,4,Durango
2020-04-02,1,0,0,15,14,4,Durango
2020-04-03,1,1,0,16,15,4,Durango
2020-04-04,0,0,0,16,15,4,Durango
2020-04-05,0,0,0,16,15,4,Durango
2020-04-06,0,1,0,16,16,4,Durango
2020-04-07,0,0,0,16,16,4,Durango
2020-04-08,1,0,0,17,16,4,Durango
2020-04-09,0,0,0,17,16,4,Durango
2020-04-10,3,0,0,20,16,4,Durango
2020-04-11,3,0,0,23,16,4,Durango
2020-04-12,1,0,0,24,16,4,Durango
2020-04-13,3,0,0,27,16,4,Durango
2020-04-14,4,0,0,31,16,4,Durango
2020-04-15,0,2,0,31,18,4,Durango
2020-04-16,1,1,0,32,19,4,Durango
2020-04-17,0,0,0,32,19,4,Durango
2020-04-18,0,2,0,32,21,4,Durango
2020-04-19,0,9,0,32,30,4,Durango
2020-04-20,1,3,0,33,33,4,Durango
2020-04-21,0,0,1,33,33,5,Durango
2020-04-22,0,0,0,33,33,5,Durango
2020-03-10,1,0,0,1,0,0,Guanajuato
2020-03-11,0,0,0,1,0,0,Guanajuato
2020-03-12,2,0,0,3,0,0,Guanajuato
2020-03-13,0,1,0,3,1,0,Guanajuato
2020-03-14,3,0,0,6,1,0,Guanajuato
2020-03-15,3,2,0,9,3,0,Guanajuato
2020-03-16,10,2,0,19,5,0,Guanajuato
2020-03-17,3,0,0,22,5,0,Guanajuato
2020-03-18,2,1,0,24,6,0,Guanajuato
2020-03-19,1,0,0,25,6,0,Guanajuato
2020-03-20,7,4,0,32,10,0,Guanajuato
2020-03-21,4,11,0,36,21,0,Guanajuato
2020-03-22,5,1,0,41,22,0,Guanajuato
2020-03-23,1,6,0,42,28,0,Guanajuato
2020-03-24,3,1,0,45,29,0,Guanajuato
2020-03-25,3,3,0,48,32,0,Guanajuato
2020-03-26,5,6,0,53,38,0,Guanajuato
2020-03-27,4,5,0,57,43,0,Guanajuato
2020-03-28,1,4,0,58,47,0,Guanajuato
2020-03-29,0,1,0,58,48,0,Guanajuato
2020-03-30,1,4,0,59,52,0,Guanajuato
2020-03-31,1,1,0,60,53,0,Guanajuato
2020-04-01,7,1,0,67,54,0,Guanajuato
2020-04-02,7,2,0,74,56,0,Guanajuato
2020-04-03,5,4,0,79,60,0,Guanajuato
2020-04-04,3,3,0,82,63,0,Guanajuato
2020-04-05,5,3,2,87,66,2,Guanajuato
2020-04-06,2,7,0,89,73,2,Guanajuato
2020-04-07,1,6,1,90,79,3,Guanajuato
2020-04-08,3,8,0,93,87,3,Guanajuato
2020-04-09,4,2,1,97,89,4,Guanajuato
2020-04-10,5,2,1,102,91,5,Guanajuato
2020-04-11,4,3,0,106,94,5,Guanajuato
2020-04-12,7,1,0,113,95,5,Guanajuato
2020-04-13,9,2,0,122,97,5,Guanajuato
2020-04-14,20,3,2,142,100,7,Guanajuato
2020-04-15,12,14,0,154,114,7,Guanajuato
2020-04-16,8,12,0,162,126,7,Guanajuato
2020-04-17,4,25,2,166,151,9,Guanajuato
2020-04-18,6,10,0,172,161,9,Guanajuato
2020-04-19,1,7,0,173,168,9,Guanajuato
2020-04-20,0,3,0,173,171,9,Guanajuato
2020-04-21,0,2,0,173,173,9,Guanajuato
2020-04-22,0,0,0,173,173,9,Guanajuato
2020-03-08,1,0,0,1,0,0,Guerrero
2020-03-09,1,0,0,2,0,0,Guerrero
2020-03-10,0,0,0,2,0,0,Guerrero
2020-03-11,0,0,0,2,0,0,Guerrero
2020-03-12,1,0,0,3,0,0,Guerrero
2020-03-13,1,2,0,4,2,0,Guerrero
2020-03-14,0,0,0,4,2,0,Guerrero
2020-03-15,2,0,0,6,2,0,Guerrero
2020-03-16,1,1,0,7,3,0,Guerrero
2020-03-17,1,2,0,8,5,0,Guerrero
2020-03-18,2,1,0,10,6,0,Guerrero
2020-03-19,2,0,0,12,6,0,Guerrero
2020-03-20,3,0,0,15,6,0,Guerrero
2020-03-21,3,1,0,18,7,0,Guerrero
2020-03-22,1,0,0,19,7,0,Guerrero
2020-03-23,3,1,0,22,8,0,Guerrero
2020-03-24,1,0,0,23,8,0,Guerrero
2020-03-25,1,3,0,24,11,0,Guerrero
2020-03-26,3,4,0,27,15,0,Guerrero
2020-03-27,1,3,0,28,18,0,Guerrero
2020-03-28,1,3,1,29,21,1,Guerrero
2020-03-29,2,1,0,31,22,1,Guerrero
2020-03-30,4,3,0,35,25,1,Guerrero
2020-03-31,5,5,0,40,30,1,Guerrero
2020-04-01,4,3,0,44,33,1,Guerrero
2020-04-02,5,1,0,49,34,1,Guerrero
2020-04-03,8,1,0,57,35,1,Guerrero
2020-04-04,10,2,2,67,37,3,Guerrero
2020-04-05,6,3,0,73,40,3,Guerrero
2020-04-06,8,8,2,81,48,5,Guerrero
2020-04-07,3,10,0,84,58,5,Guerrero
2020-04-08,12,6,0,96,64,5,Guerrero
2020-04-09,5,7,1,101,71,6,Guerrero
2020-04-10,7,4,0,108,75,6,Guerrero
2020-04-11,6,5,0,114,80,6,Guerrero
2020-04-12,3,11,1,117,91,7,Guerrero
2020-04-13,9,14,1,126,105,8,Guerrero
2020-04-14,2,5,1,128,110,9,Guerrero
2020-04-15,2,4,2,130,114,11,Guerrero
2020-04-16,3,8,0,133,122,11,Guerrero
2020-04-17,1,4,1,134,126,12,Guerrero
2020-04-18,0,3,1,134,129,13,Guerrero
2020-04-19,2,1,2,136,130,15,Guerrero
2020-04-20,1,7,0,137,137,15,Guerrero
2020-04-21,0,0,2,137,137,17,Guerrero
2020-04-22,0,0,0,137,137,17,Guerrero
2020-03-07,1,0,0,1,0,0,Hidalgo
2020-03-08,1,0,0,2,0,0,Hidalgo
2020-03-09,0,0,0,2,0,0,Hidalgo
2020-03-10,0,0,0,2,0,0,Hidalgo
2020-03-11,0,0,0,2,0,0,Hidalgo
2020-03-12,1,0,0,3,0,0,Hidalgo
2020-03-13,2,0,0,5,0,0,Hidalgo
2020-03-14,1,0,0,6,0,0,Hidalgo
2020-03-15,0,1,0,6,1,0,Hidalgo
2020-03-16,2,0,0,8,1,0,Hidalgo
2020-03-17,0,2,0,8,3,0,Hidalgo
2020-03-18,2,0,0,10,3,0,Hidalgo
2020-03-19,1,0,0,11,3,0,Hidalgo
2020-03-20,3,3,0,14,6,0,Hidalgo
2020-03-21,1,3,0,15,9,0,Hidalgo
2020-03-22,0,0,0,15,9,0,Hidalgo
2020-03-23,5,2,0,20,11,0,Hidalgo
2020-03-24,3,0,0,23,11,0,Hidalgo
2020-03-25,3,4,0,26,15,0,Hidalgo
2020-03-26,2,4,0,28,19,0,Hidalgo
2020-03-27,4,4,1,32,23,1,Hidalgo
2020-03-28,1,0,1,33,23,2,Hidalgo
2020-03-29,4,2,0,37,25,2,Hidalgo
2020-03-30,6,7,1,43,32,3,Hidalgo
2020-03-31,4,6,0,47,38,3,Hidalgo
2020-04-01,1,3,1,48,41,4,Hidalgo
2020-04-02,0,1,0,48,42,4,Hidalgo
2020-04-03,4,2,2,52,44,6,Hidalgo
2020-04-04,1,2,0,53,46,6,Hidalgo
2020-04-05,4,2,0,57,48,6,Hidalgo
2020-04-06,6,1,0,63,49,6,Hidalgo
2020-04-07,1,2,0,64,51,6,Hidalgo
2020-04-08,3,2,2,67,53,8,Hidalgo
2020-04-09,1,0,0,68,53,8,Hidalgo
2020-04-10,6,8,0,74,61,8,Hidalgo
2020-04-11,7,3,1,81,64,9,Hidalgo
2020-04-12,5,5,0,86,69,9,Hidalgo
2020-04-13,10,4,0,96,73,9,Hidalgo
2020-04-14,2,2,2,98,75,11,Hidalgo
2020-04-15,3,3,2,101,78,13,Hidalgo
2020-04-16,4,3,0,105,81,13,Hidalgo
2020-04-17,2,8,0,107,89,13,Hidalgo
2020-04-18,5,4,2,112,93,15,Hidalgo
2020-04-19,0,11,1,112,104,16,Hidalgo
2020-04-20,1,6,0,113,110,16,Hidalgo
2020-04-21,0,3,0,113,113,16,Hidalgo
2020-04-22,0,0,0,113,113,16,Hidalgo
2020-03-01,2,0,0,2,0,0,Jalisco
2020-03-02,0,0,0,2,0,0,Jalisco
2020-03-03,0,0,0,2,0,0,Jalisco
2020-03-04,1,0,0,3,0,0,Jalisco
2020-03-05,0,0,0,3,0,0,Jalisco
2020-03-06,2,0,0,5,0,0,Jalisco
2020-03-07,1,0,0,6,0,0,Jalisco
2020-03-08,3,0,0,9,0,0,Jalisco
2020-03-09,3,0,0,12,0,0,Jalisco
2020-03-10,4,0,0,16,0,0,Jalisco
2020-03-11,5,1,0,21,1,0,Jalisco
2020-03-12,8,3,0,29,4,0,Jalisco
2020-03-13,7,2,0,36,6,0,Jalisco
2020-03-14,8,5,0,44,11,0,Jalisco
2020-03-15,3,1,0,47,12,0,Jalisco
2020-03-16,6,12,0,53,24,0,Jalisco
2020-03-17,13,6,0,66,30,0,Jalisco
2020-03-18,6,17,0,72,47,0,Jalisco
2020-03-19,0,8,0,72,55,0,Jalisco
2020-03-20,8,5,1,80,60,1,Jalisco
2020-03-21,11,1,0,91,61,1,Jalisco
2020-03-22,6,3,0,97,64,1,Jalisco
2020-03-23,5,9,0,102,73,1,Jalisco
2020-03-24,4,8,0,106,81,1,Jalisco
2020-03-25,4,7,0,110,88,1,Jalisco
2020-03-26,1,6,2,111,94,3,Jalisco
2020-03-27,8,7,0,119,101,3,Jalisco
2020-03-28,2,2,0,121,103,3,Jalisco
2020-03-29,4,2,0,125,105,3,Jalisco
2020-03-30,8,7,0,133,112,3,Jalisco
2020-03-31,5,7,1,138,119,4,Jalisco
2020-04-01,3,2,0,141,121,4,Jalisco
2020-04-02,8,8,2,149,129,6,Jalisco
2020-04-03,8,11,0,157,140,6,Jalisco
2020-04-04,4,1,0,161,141,6,Jalisco
2020-04-05,3,2,1,164,143,7,Jalisco
2020-04-06,6,3,0,170,146,7,Jalisco
2020-04-07,10,5,1,180,151,8,Jalisco
2020-04-08,9,10,1,189,161,9,Jalisco
2020-04-09,5,4,0,194,165,9,Jalisco
2020-04-10,8,8,1,202,173,10,Jalisco
2020-04-11,4,5,1,206,178,11,Jalisco
2020-04-12,5,5,0,211,183,11,Jalisco
2020-04-13,7,11,0,218,194,11,Jalisco
2020-04-14,7,4,0,225,198,11,Jalisco
2020-04-15,1,10,0,226,208,11,Jalisco
2020-04-16,6,8,1,232,216,12,Jalisco
2020-04-17,4,11,1,236,227,13,Jalisco
2020-04-18,0,5,0,236,232,13,Jalisco
2020-04-19,0,2,1,236,234,14,Jalisco
2020-04-20,0,2,1,236,236,15,Jalisco
2020-04-21,0,0,0,236,236,15,Jalisco
2020-04-22,0,0,0,236,236,15,Jalisco
2020-01-27,1,1,0,1,1,0,México
2020-01-28,0,0,0,1,1,0,México
2020-01-29,0,0,0,1,1,0,México
2020-01-30,0,0,0,1,1,0,México
2020-01-31,0,0,0,1,1,0,México
2020-02-01,0,0,0,1,1,0,México
2020-02-02,0,0,0,1,1,0,México
2020-02-03,0,0,0,1,1,0,México
2020-02-04,0,0,0,1,1,0,México
2020-02-05,0,0,0,1,1,0,México
2020-02-06,0,0,0,1,1,0,México
2020-02-07,0,0,0,1,1,0,México
2020-02-08,0,0,0,1,1,0,México
2020-02-09,0,0,0,1,1,0,México
2020-02-10,0,0,0,1,1,0,México
2020-02-11,0,0,0,1,1,0,México
2020-02-12,0,0,0,1,1,0,México
2020-02-13,0,0,0,1,1,0,México
2020-02-14,0,0,0,1,1,0,México
2020-02-15,0,0,0,1,1,0,México
2020-02-16,0,0,0,1,1,0,México
2020-02-17,0,0,0,1,1,0,México
2020-02-18,0,0,0,1,1,0,México
2020-02-19,1,0,0,2,1,0,México
2020-02-20,0,0,0,2,1,0,México
2020-02-21,1,0,0,3,1,0,México
2020-02-22,0,0,0,3,1,0,México
2020-02-23,0,0,0,3,1,0,México
2020-02-24,0,0,0,3,1,0,México
2020-02-25,0,0,0,3,1,0,México
2020-02-26,0,0,0,3,1,0,México
2020-02-27,0,0,0,3,1,0,México
2020-02-28,0,1,0,3,2,0,México
2020-02-29,0,0,0,3,2,0,México
2020-03-01,0,0,0,3,2,0,México
2020-03-02,2,0,0,5,2,0,México
2020-03-03,1,0,0,6,2,0,México
2020-03-04,0,1,0,6,3,0,México
2020-03-05,3,0,0,9,3,0,México
2020-03-06,1,0,0,10,3,0,México
2020-03-07,5,0,0,15,3,0,México
2020-03-08,1,1,0,16,4,0,México
2020-03-09,8,1,0,24,5,0,México
2020-03-10,2,2,0,26,7,0,México
2020-03-11,2,1,0,28,8,0,México
2020-03-12,3,1,0,31,9,0,México
2020-03-13,8,11,0,39,20,0,México
2020-03-14,5,2,0,44,22,0,México
2020-03-15,11,4,0,55,26,0,México
2020-03-16,15,6,0,70,32,0,México
2020-03-17,6,2,0,76,34,0,México
2020-03-18,10,2,0,86,36,0,México
2020-03-19,9,6,0,95,42,0,México
2020-03-20,17,10,0,112,52,0,México
2020-03-21,12,6,0,124,58,0,México
2020-03-22,18,3,0,142,61,0,México
2020-03-23,21,9,0,163,70,0,México
2020-03-24,25,25,0,188,95,0,México
2020-03-25,21,24,0,209,119,0,México
2020-03-26,31,28,0,240,147,0,México
2020-03-27,32,36,0,272,183,0,México
2020-03-28,22,15,2,294,198,2,México
2020-03-29,23,7,1,317,205,3,México
2020-03-30,46,44,0,363,249,3,México
2020-03-31,34,27,1,397,276,4,México
2020-04-01,51,33,0,448,309,4,México
2020-04-02,29,33,4,477,342,8,México
2020-04-03,39,37,3,516,379,11,México
2020-04-04,49,25,3,565,404,14,México
2020-04-05,34,27,3,599,431,17,México
2020-04-06,62,50,4,661,481,21,México
2020-04-07,39,44,8,700,525,29,México
2020-04-08,58,59,3,758,584,32,México
2020-04-09,48,29,1,806,613,33,México
2020-04-10,75,52,3,881,665,36,México
2020-04-11,65,41,7,946,706,43,México
2020-04-12,58,41,7,1004,747,50,México
2020-04-13,54,91,6,1058,838,56,México
2020-04-14,40,75,5,1098,913,61,México
2020-04-15,31,102,7,1129,1015,68,México
2020-04-16,21,70,3,1150,1085,71,México
2020-04-17,4,41,4,1154,1126,75,México
2020-04-18,1,21,4,1155,1147,79,México
2020-04-19,1,4,1,1156,1151,80,México
2020-04-20,1,4,1,1157,1155,81,México
2020-04-21,0,1,1,1157,1156,82,México
2020-04-22,0,1,0,1157,1157,82,México
2020-03-09,1,0,0,1,0,0,Michoacán
2020-03-10,0,0,0,1,0,0,Michoacán
2020-03-11,0,0,0,1,0,0,Michoacán
2020-03-12,0,0,0,1,0,0,Michoacán
2020-03-13,0,0,0,1,0,0,Michoacán
2020-03-14,0,0,0,1,0,0,Michoacán
2020-03-15,8,0,0,9,0,0,Michoacán
2020-03-16,1,0,0,10,0,0,Michoacán
2020-03-17,2,0,0,12,0,0,Michoacán
2020-03-18,4,1,0,16,1,0,Michoacán
2020-03-19,0,1,0,16,2,0,Michoacán
2020-03-20,1,2,0,17,4,0,Michoacán
2020-03-21,0,5,0,17,9,0,Michoacán
2020-03-22,4,0,0,21,9,0,Michoacán
2020-03-23,4,3,0,25,12,0,Michoacán
2020-03-24,2,3,0,27,15,0,Michoacán
2020-03-25,4,2,0,31,17,0,Michoacán
2020-03-26,2,3,1,33,20,1,Michoacán
2020-03-27,3,1,0,36,21,1,Michoacán
2020-03-28,1,2,0,37,23,1,Michoacán
2020-03-29,1,3,0,38,26,1,Michoacán
2020-03-30,2,0,0,40,26,1,Michoacán
2020-03-31,1,4,0,41,30,1,Michoacán
2020-04-01,9,2,0,50,32,1,Michoacán
2020-04-02,3,0,0,53,32,1,Michoacán
2020-04-03,2,6,1,55,38,2,Michoacán
2020-04-04,3,2,2,58,40,4,Michoacán
2020-04-05,5,2,0,63,42,4,Michoacán
2020-04-06,5,6,1,68,48,5,Michoacán
2020-04-07,14,6,0,82,54,5,Michoacán
2020-04-08,7,4,1,89,58,6,Michoacán
2020-04-09,6,9,1,95,67,7,Michoacán
2020-04-10,7,2,1,102,69,8,Michoacán
2020-04-11,6,2,1,108,71,9,Michoacán
2020-04-12,9,4,0,117,75,9,Michoacán
2020-04-13,11,13,4,128,88,13,Michoacán
2020-04-14,4,15,1,132,103,14,Michoacán
2020-04-15,4,9,0,136,112,14,Michoacán
2020-04-16,4,6,2,140,118,16,Michoacán
2020-04-17,5,12,0,145,130,16,Michoacán
2020-04-18,0,4,1,145,134,17,Michoacán
2020-04-19,0,6,3,145,140,20,Michoacán
2020-04-20,1,6,1,146,146,21,Michoacán
2020-04-21,0,0,0,146,146,21,Michoacán
2020-04-22,0,0,0,146,146,21,Michoacán
2020-03-14,1,0,0,1,0,0,Morelos
2020-03-15,0,0,0,1,0,0,Morelos
2020-03-16,1,0,0,2,0,0,Morelos
2020-03-17,1,1,0,3,1,0,Morelos
2020-03-18,0,1,0,3,2,0,Morelos
2020-03-19,1,0,0,4,2,0,Morelos
2020-03-20,1,0,0,5,2,0,Morelos
2020-03-21,2,1,0,7,3,0,Morelos
2020-03-22,2,0,0,9,3,0,Morelos
2020-03-23,3,2,0,12,5,0,Morelos
2020-03-24,0,3,0,12,8,0,Morelos
2020-03-25,0,0,0,12,8,0,Morelos
2020-03-26,2,0,0,14,8,0,Morelos
2020-03-27,1,0,0,15,8,0,Morelos
2020-03-28,2,1,1,17,9,1,Morelos
2020-03-29,1,0,1,18,9,2,Morelos
2020-03-30,5,2,0,23,11,2,Morelos
2020-03-31,3,1,1,26,12,3,Morelos
2020-04-01,8,3,1,34,15,4,Morelos
2020-04-02,4,7,0,38,22,4,Morelos
2020-04-03,3,1,0,41,23,4,Morelos
2020-04-04,5,2,0,46,25,4,Morelos
2020-04-05,6,3,0,52,28,4,Morelos
2020-04-06,2,7,1,54,35,5,Morelos
2020-04-07,1,7,1,55,42,6,Morelos
2020-04-08,6,6,1,61,48,7,Morelos
2020-04-09,1,5,0,62,53,7,Morelos
2020-04-10,8,1,0,70,54,7,Morelos
2020-04-11,4,1,0,74,55,7,Morelos
2020-04-12,4,3,0,78,58,7,Morelos
2020-04-13,9,6,3,87,64,10,Morelos
2020-04-14,5,8,0,92,72,10,Morelos
2020-04-15,2,6,1,94,78,11,Morelos
2020-04-16,1,5,0,95,83,11,Morelos
2020-04-17,1,4,2,96,87,13,Morelos
2020-04-18,0,2,0,96,89,13,Morelos
2020-04-19,0,6,3,96,95,16,Morelos
2020-04-20,0,1,2,96,96,18,Morelos
2020-04-21,0,0,0,96,96,18,Morelos
2020-04-22,0,0,0,96,96,18,Morelos
2020-01-06,1,1,0,1,1,0,Nayarit
2020-01-07,0,0,0,1,1,0,Nayarit
2020-01-08,0,0,0,1,1,0,Nayarit
2020-01-09,0,0,0,1,1,0,Nayarit
2020-01-10,0,0,0,1,1,0,Nayarit
2020-01-11,0,0,0,1,1,0,Nayarit
2020-01-12,0,0,0,1,1,0,Nayarit
2020-01-13,0,0,0,1,1,0,Nayarit
2020-01-14,0,0,0,1,1,0,Nayarit
2020-01-15,0,0,0,1,1,0,Nayarit
2020-01-16,0,0,0,1,1,0,Nayarit
2020-01-17,0,0,0,1,1,0,Nayarit
2020-01-18,0,0,0,1,1,0,Nayarit
2020-01-19,0,0,0,1,1,0,Nayarit
2020-01-20,0,0,0,1,1,0,Nayarit
2020-01-21,0,0,0,1,1,0,Nayarit
2020-01-22,0,0,0,1,1,0,Nayarit
2020-01-23,0,0,0,1,1,0,Nayarit
2020-01-24,0,0,0,1,1,0,Nayarit
2020-01-25,0,0,0,1,1,0,Nayarit
2020-01-26,0,0,0,1,1,0,Nayarit
2020-01-27,0,0,0,1,1,0,Nayarit
2020-01-28,0,0,0,1,1,0,Nayarit
2020-01-29,0,0,0,1,1,0,Nayarit
2020-01-30,0,0,0,1,1,0,Nayarit
2020-01-31,0,0,0,1,1,0,Nayarit
2020-02-01,0,0,0,1,1,0,Nayarit
2020-02-02,0,0,0,1,1,0,Nayarit
2020-02-03,0,0,0,1,1,0,Nayarit
2020-02-04,0,0,0,1,1,0,Nayarit
2020-02-05,0,0,0,1,1,0,Nayarit
2020-02-06,0,0,0,1,1,0,Nayarit
2020-02-07,0,0,0,1,1,0,Nayarit
2020-02-08,0,0,0,1,1,0,Nayarit
2020-02-09,0,0,0,1,1,0,Nayarit
2020-02-10,0,0,0,1,1,0,Nayarit
2020-02-11,0,0,0,1,1,0,Nayarit
2020-02-12,0,0,0,1,1,0,Nayarit
2020-02-13,0,0,0,1,1,0,Nayarit
2020-02-14,0,0,0,1,1,0,Nayarit
2020-02-15,0,0,0,1,1,0,Nayarit
2020-02-16,0,0,0,1,1,0,Nayarit
2020-02-17,0,0,0,1,1,0,Nayarit
2020-02-18,0,0,0,1,1,0,Nayarit
2020-02-19,0,0,0,1,1,0,Nayarit
2020-02-20,0,0,0,1,1,0,Nayarit
2020-02-21,0,0,0,1,1,0,Nayarit
2020-02-22,0,0,0,1,1,0,Nayarit
2020-02-23,0,0,0,1,1,0,Nayarit
2020-02-24,0,0,0,1,1,0,Nayarit
2020-02-25,0,0,0,1,1,0,Nayarit
2020-02-26,0,0,0,1,1,0,Nayarit
2020-02-27,0,0,0,1,1,0,Nayarit
2020-02-28,0,0,0,1,1,0,Nayarit
2020-02-29,0,0,0,1,1,0,Nayarit
2020-03-01,0,0,0,1,1,0,Nayarit
2020-03-02,0,0,0,1,1,0,Nayarit
2020-03-03,0,0,0,1,1,0,Nayarit
2020-03-04,0,0,0,1,1,0,Nayarit
2020-03-05,0,0,0,1,1,0,Nayarit
2020-03-06,0,0,0,1,1,0,Nayarit
2020-03-07,0,0,0,1,1,0,Nayarit
2020-03-08,0,0,0,1,1,0,Nayarit
2020-03-09,0,0,0,1,1,0,Nayarit
2020-03-10,1,0,0,2,1,0,Nayarit
2020-03-11,0,0,0,2,1,0,Nayarit
2020-03-12,0,0,0,2,1,0,Nayarit
2020-03-13,0,0,0,2,1,0,Nayarit
2020-03-14,0,0,0,2,1,0,Nayarit
2020-03-15,0,0,0,2,1,0,Nayarit
2020-03-16,0,0,0,2,1,0,Nayarit
2020-03-17,1,0,0,3,1,0,Nayarit
2020-03-18,0,1,0,3,2,0,Nayarit
2020-03-19,1,1,0,4,3,0,Nayarit
2020-03-20,0,0,0,4,3,0,Nayarit
2020-03-21,1,0,0,5,3,0,Nayarit
2020-03-22,0,0,0,5,3,0,Nayarit
2020-03-23,0,1,0,5,4,0,Nayarit
2020-03-24,2,3,0,7,7,0,Nayarit
2020-03-25,0,0,0,7,7,0,Nayarit
2020-03-26,0,0,0,7,7,0,Nayarit
2020-03-27,2,0,0,9,7,0,Nayarit
2020-03-28,1,1,0,10,8,0,Nayarit
2020-03-29,0,0,0,10,8,0,Nayarit
2020-03-30,0,0,1,10,8,1,Nayarit
2020-03-31,3,2,0,13,10,1,Nayarit
2020-04-01,2,0,0,15,10,1,Nayarit
2020-04-02,3,0,0,18,10,1,Nayarit
2020-04-03,1,1,0,19,11,1,Nayarit
2020-04-04,1,4,0,20,15,1,Nayarit
2020-04-05,4,1,0,24,16,1,Nayarit
2020-04-06,1,2,0,25,18,1,Nayarit
2020-04-07,1,2,0,26,20,1,Nayarit
2020-04-08,1,1,2,27,21,3,Nayarit
2020-04-09,0,2,1,27,23,4,Nayarit
2020-04-10,3,0,0,30,23,4,Nayarit
2020-04-11,1,2,0,31,25,4,Nayarit
2020-04-12,1,3,1,32,28,5,Nayarit
2020-04-13,3,2,0,35,30,5,Nayarit
2020-04-14,2,1,0,37,31,5,Nayarit
2020-04-15,1,1,0,38,32,5,Nayarit
2020-04-16,2,3,0,40,35,5,Nayarit
2020-04-17,2,3,0,42,38,5,Nayarit
2020-04-18,1,2,0,43,40,5,Nayarit
2020-04-19,0,2,0,43,42,5,Nayarit
2020-04-20,0,0,1,43,42,6,Nayarit
2020-04-21,0,1,0,43,43,6,Nayarit
2020-04-22,0,0,0,43,43,6,Nayarit
2020-03-02,1,0,0,1,0,0,Nuevo León
2020-03-03,0,0,0,1,0,0,Nuevo León
2020-03-04,1,0,0,2,0,0,Nuevo León
2020-03-05,1,0,0,3,0,0,Nuevo León
2020-03-06,1,0,0,4,0,0,Nuevo León
2020-03-07,2,0,0,6,0,0,Nuevo León
2020-03-08,0,0,0,6,0,0,Nuevo León
2020-03-09,9,0,0,15,0,0,Nuevo León
2020-03-10,2,2,0,17,2,0,Nuevo León
2020-03-11,5,4,0,22,6,0,Nuevo León
2020-03-12,2,0,0,24,6,0,Nuevo León
2020-03-13,6,5,0,30,11,0,Nuevo León
2020-03-14,8,6,0,38,17,0,Nuevo León
2020-03-15,7,0,0,45,17,0,Nuevo León
2020-03-16,3,6,0,48,23,0,Nuevo León
2020-03-17,8,6,0,56,29,0,Nuevo León
2020-03-18,6,9,0,62,38,0,Nuevo León
2020-03-19,5,4,0,67,42,0,Nuevo León
2020-03-20,5,12,0,72,54,0,Nuevo León
2020-03-21,3,4,0,75,58,0,Nuevo León
2020-03-22,4,4,0,79,62,0,Nuevo León
2020-03-23,3,5,0,82,67,0,Nuevo León
2020-03-24,1,5,0,83,72,0,Nuevo León
2020-03-25,3,0,0,86,72,0,Nuevo León
2020-03-26,3,2,0,89,74,0,Nuevo León
2020-03-27,2,8,0,91,82,0,Nuevo León
2020-03-28,1,2,0,92,84,0,Nuevo León
2020-03-29,2,3,0,94,87,0,Nuevo León
2020-03-30,5,5,0,99,92,0,Nuevo León
2020-03-31,7,0,0,106,92,0,Nuevo León
2020-04-01,6,1,0,112,93,0,Nuevo León
2020-04-02,11,5,0,123,98,0,Nuevo León
2020-04-03,7,1,3,130,99,3,Nuevo León
2020-04-04,2,3,0,132,102,3,Nuevo León
2020-04-05,8,2,1,140,104,4,Nuevo León
2020-04-06,8,12,0,148,116,4,Nuevo León
2020-04-07,10,6,2,158,122,6,Nuevo León
2020-04-08,10,7,0,168,129,6,Nuevo León
2020-04-09,8,2,0,176,131,6,Nuevo León
2020-04-10,18,22,0,194,153,6,Nuevo León
2020-04-11,10,8,0,204,161,6,Nuevo León
2020-04-12,6,14,0,210,175,6,Nuevo León
2020-04-13,4,15,0,214,190,6,Nuevo León
2020-04-14,3,8,0,217,198,6,Nuevo León
2020-04-15,2,9,0,219,207,6,Nuevo León
2020-04-16,2,4,0,221,211,6,Nuevo León
2020-04-17,0,3,0,221,214,6,Nuevo León
2020-04-18,0,4,0,221,218,6,Nuevo León
2020-04-19,0,0,0,221,218,6,Nuevo León
2020-04-20,0,3,0,221,221,6,Nuevo León
2020-04-21,0,0,0,221,221,6,Nuevo León
2020-04-22,0,0,0,221,221,6,Nuevo León
2020-03-09,1,0,0,1,0,0,Oaxaca
2020-03-10,1,0,0,2,0,0,Oaxaca
2020-03-11,0,0,0,2,0,0,Oaxaca
2020-03-12,1,0,0,3,0,0,Oaxaca
2020-03-13,0,2,0,3,2,0,Oaxaca
2020-03-14,0,0,0,3,2,0,Oaxaca
2020-03-15,0,0,0,3,2,0,Oaxaca
2020-03-16,1,0,0,4,2,0,Oaxaca
2020-03-17,0,0,0,4,2,0,Oaxaca
2020-03-18,0,0,0,4,2,0,Oaxaca
2020-03-19,2,1,0,6,3,0,Oaxaca
2020-03-20,3,0,0,9,3,0,Oaxaca
2020-03-21,1,1,0,10,4,0,Oaxaca
2020-03-22,1,1,0,11,5,0,Oaxaca
2020-03-23,4,2,0,15,7,0,Oaxaca
2020-03-24,1,1,0,16,8,0,Oaxaca
2020-03-25,1,3,0,17,11,0,Oaxaca
2020-03-26,3,3,0,20,14,0,Oaxaca
2020-03-27,3,1,0,23,15,0,Oaxaca
2020-03-28,4,1,0,27,16,0,Oaxaca
2020-03-29,3,2,1,30,18,1,Oaxaca
2020-03-30,3,2,0,33,20,1,Oaxaca
2020-03-31,1,5,0,34,25,1,Oaxaca
2020-04-01,0,1,0,34,26,1,Oaxaca
2020-04-02,0,0,0,34,26,1,Oaxaca
2020-04-03,5,3,0,39,29,1,Oaxaca
2020-04-04,2,2,0,41,31,1,Oaxaca
2020-04-05,3,2,0,44,33,1,Oaxaca
2020-04-06,4,6,0,48,39,1,Oaxaca
2020-04-07,1,0,0,49,39,1,Oaxaca
2020-04-08,1,4,0,50,43,1,Oaxaca
2020-04-09,5,0,1,55,43,2,Oaxaca
2020-04-10,7,2,0,62,45,2,Oaxaca
2020-04-11,0,2,2,62,47,4,Oaxaca
2020-04-12,3,2,0,65,49,4,Oaxaca
2020-04-13,0,4,0,65,53,4,Oaxaca
2020-04-14,7,4,1,72,57,5,Oaxaca
2020-04-15,6,4,0,78,61,5,Oaxaca
2020-04-16,1,4,0,79,65,5,Oaxaca
2020-04-17,0,7,1,79,72,6,Oaxaca
2020-04-18,0,2,0,79,74,6,Oaxaca
2020-04-19,1,1,0,80,75,6,Oaxaca
2020-04-20,0,4,1,80,79,7,Oaxaca
2020-04-21,0,1,1,80,80,8,Oaxaca
2020-04-22,0,0,0,80,80,8,Oaxaca
2020-03-05,2,0,0,2,0,0,Puebla
2020-03-06,0,0,0,2,0,0,Puebla
2020-03-07,0,0,0,2,0,0,Puebla
2020-03-08,2,0,0,4,0,0,Puebla
2020-03-09,4,0,0,8,0,0,Puebla
2020-03-10,3,0,0,11,0,0,Puebla
2020-03-11,2,1,0,13,1,0,Puebla
2020-03-12,1,1,0,14,2,0,Puebla
2020-03-13,4,4,0,18,6,0,Puebla
2020-03-14,4,2,0,22,8,0,Puebla
2020-03-15,3,3,0,25,11,0,Puebla
2020-03-16,11,2,0,36,13,0,Puebla
2020-03-17,5,4,0,41,17,0,Puebla
2020-03-18,6,3,0,47,20,0,Puebla
2020-03-19,1,5,0,48,25,0,Puebla
2020-03-20,9,5,0,57,30,0,Puebla
2020-03-21,8,3,0,65,33,0,Puebla
2020-03-22,9,1,0,74,34,0,Puebla
2020-03-23,14,8,0,88,42,0,Puebla
2020-03-24,7,14,0,95,56,0,Puebla
2020-03-25,4,6,0,99,62,0,Puebla
2020-03-26,6,14,0,105,76,0,Puebla
2020-03-27,13,8,1,118,84,1,Puebla
2020-03-28,25,12,1,143,96,2,Puebla
2020-03-29,24,4,0,167,100,2,Puebla
2020-03-30,17,13,0,184,113,2,Puebla
2020-03-31,9,22,1,193,135,3,Puebla
2020-04-01,16,13,1,209,148,4,Puebla
2020-04-02,22,16,1,231,164,5,Puebla
2020-04-03,16,14,1,247,178,6,Puebla
2020-04-04,12,10,2,259,188,8,Puebla
2020-04-05,11,6,3,270,194,11,Puebla
2020-04-06,16,22,4,286,216,15,Puebla
2020-04-07,5,11,7,291,227,22,Puebla
2020-04-08,6,19,1,297,246,23,Puebla
2020-04-09,8,11,1,305,257,24,Puebla
2020-04-10,14,9,4,319,266,28,Puebla
2020-04-11,12,11,4,331,277,32,Puebla
2020-04-12,12,4,2,343,281,34,Puebla
2020-04-13,16,20,2,359,301,36,Puebla
2020-04-14,7,11,4,366,312,40,Puebla
2020-04-15,7,20,1,373,332,41,Puebla
2020-04-16,8,10,3,381,342,44,Puebla
2020-04-17,4,12,2,385,354,46,Puebla
2020-04-18,1,17,5,386,371,51,Puebla
2020-04-19,0,4,3,386,375,54,Puebla
2020-04-20,0,11,2,386,386,56,Puebla
2020-04-21,0,0,0,386,386,56,Puebla
2020-04-22,0,0,0,386,386,56,Puebla
2020-03-05,1,0,0,1,0,0,Querétaro
2020-03-06,0,0,0,1,0,0,Querétaro
2020-03-07,0,0,0,1,0,0,Querétaro
2020-03-08,1,0,0,2,0,0,Querétaro
2020-03-09,1,0,0,3,0,0,Querétaro
2020-03-10,4,2,0,7,2,0,Querétaro
2020-03-11,1,1,0,8,3,0,Querétaro
2020-03-12,0,1,0,8,4,0,Querétaro
2020-03-13,1,2,0,9,6,0,Querétaro
2020-03-14,1,1,0,10,7,0,Querétaro
2020-03-15,1,0,0,11,7,0,Querétaro
2020-03-16,4,0,0,15,7,0,Querétaro
2020-03-17,3,2,0,18,9,0,Querétaro
2020-03-18,2,2,0,20,11,0,Querétaro
2020-03-19,0,3,0,20,14,0,Querétaro
2020-03-20,3,1,0,23,15,0,Querétaro
2020-03-21,2,1,0,25,16,0,Querétaro
2020-03-22,2,0,0,27,16,0,Querétaro
2020-03-23,2,3,0,29,19,0,Querétaro
2020-03-24,0,4,0,29,23,0,Querétaro
2020-03-25,3,2,0,32,25,0,Querétaro
2020-03-26,4,1,0,36,26,0,Querétaro
2020-03-27,2,3,0,38,29,0,Querétaro
2020-03-28,2,0,1,40,29,1,Querétaro
2020-03-29,1,1,0,41,30,1,Querétaro
2020-03-30,1,2,0,42,32,1,Querétaro
2020-03-31,1,4,0,43,36,1,Querétaro
2020-04-01,4,4,0,47,40,1,Querétaro
2020-04-02,2,1,1,49,41,2,Querétaro
2020-04-03,4,4,0,53,45,2,Querétaro
2020-04-04,3,1,0,56,46,2,Querétaro
2020-04-05,2,0,0,58,46,2,Querétaro
2020-04-06,3,4,0,61,50,2,Querétaro
2020-04-07,3,4,0,64,54,2,Querétaro
2020-04-08,1,3,0,65,57,2,Querétaro
2020-04-09,1,3,0,66,60,2,Querétaro
2020-04-10,4,2,1,70,62,3,Querétaro
2020-04-11,5,2,1,75,64,4,Querétaro
2020-04-12,6,1,0,81,65,4,Querétaro
2020-04-13,1,6,0,82,71,4,Querétaro
2020-04-14,3,7,1,85,78,5,Querétaro
2020-04-15,4,2,1,89,80,6,Querétaro
2020-04-16,1,5,0,90,85,6,Querétaro
2020-04-17,0,3,0,90,88,6,Querétaro
2020-04-18,1,1,0,91,89,6,Querétaro
2020-04-19,0,0,0,91,89,6,Querétaro
2020-04-20,0,2,0,91,91,6,Querétaro
2020-04-21,0,0,1,91,91,7,Querétaro
2020-04-22,0,0,0,91,91,7,Querétaro
2020-03-01,1,0,0,1,0,0,Quintana Roo
2020-03-02,0,0,0,1,0,0,Quintana Roo
2020-03-03,0,0,0,1,0,0,Quintana Roo
2020-03-04,0,0,0,1,0,0,Quintana Roo
2020-03-05,0,0,0,1,0,0,Quintana Roo
2020-03-06,0,0,0,1,0,0,Quintana Roo
2020-03-07,0,0,0,1,0,0,Quintana Roo
2020-03-08,1,0,0,2,0,0,Quintana Roo
2020-03-09,1,0,0,3,0,0,Quintana Roo
2020-03-10,0,0,0,3,0,0,Quintana Roo
2020-03-11,3,0,0,6,0,0,Quintana Roo
2020-03-12,1,1,0,7,1,0,Quintana Roo
2020-03-13,3,0,0,10,1,0,Quintana Roo
2020-03-14,4,4,0,14,5,0,Quintana Roo
2020-03-15,6,0,0,20,5,0,Quintana Roo
2020-03-16,2,3,0,22,8,0,Quintana Roo
2020-03-17,4,4,0,26,12,0,Quintana Roo
2020-03-18,7,1,0,33,13,0,Quintana Roo
2020-03-19,4,5,0,37,18,0,Quintana Roo
2020-03-20,8,2,0,45,20,0,Quintana Roo
2020-03-21,10,3,0,55,23,0,Quintana Roo
2020-03-22,6,4,0,61,27,0,Quintana Roo
2020-03-23,10,5,0,71,32,0,Quintana Roo
2020-03-24,6,9,0,77,41,0,Quintana Roo
2020-03-25,12,11,0,89,52,0,Quintana Roo
2020-03-26,6,9,1,95,61,1,Quintana Roo
2020-03-27,20,7,1,115,68,2,Quintana Roo
2020-03-28,15,7,1,130,75,3,Quintana Roo
2020-03-29,17,3,0,147,78,3,Quintana Roo
2020-03-30,16,21,0,163,99,3,Quintana Roo
2020-03-31,13,14,2,176,113,5,Quintana Roo
2020-04-01,19,21,1,195,134,6,Quintana Roo
2020-04-02,15,12,2,210,146,8,Quintana Roo
2020-04-03,18,13,2,228,159,10,Quintana Roo
2020-04-04,13,8,1,241,167,11,Quintana Roo
2020-04-05,24,9,1,265,176,12,Quintana Roo
2020-04-06,23,30,2,288,206,14,Quintana Roo
2020-04-07,13,18,2,301,224,16,Quintana Roo
2020-04-08,17,25,3,318,249,19,Quintana Roo
2020-04-09,18,9,4,336,258,23,Quintana Roo
2020-04-10,17,21,2,353,279,25,Quintana Roo
2020-04-11,17,15,2,370,294,27,Quintana Roo
2020-04-12,15,18,4,385,312,31,Quintana Roo
2020-04-13,10,18,5,395,330,36,Quintana Roo
2020-04-14,7,13,3,402,343,39,Quintana Roo
2020-04-15,8,17,0,410,360,39,Quintana Roo
2020-04-16,9,23,1,419,383,40,Quintana Roo
2020-04-17,3,19,3,422,402,43,Quintana Roo
2020-04-18,3,11,3,425,413,46,Quintana Roo
2020-04-19,1,7,3,426,420,49,Quintana Roo
2020-04-20,0,6,5,426,426,54,Quintana Roo
2020-04-21,0,0,2,426,426,56,Quintana Roo
2020-04-22,0,0,0,426,426,56,Quintana Roo
2020-03-07,1,0,0,1,0,0,San Luis Potosí
2020-03-08,0,0,0,1,0,0,San Luis Potosí
2020-03-09,1,0,0,2,0,0,San Luis Potosí
2020-03-10,0,0,0,2,0,0,San Luis Potosí
2020-03-11,1,0,0,3,0,0,San Luis Potosí
2020-03-12,1,0,0,4,0,0,San Luis Potosí
2020-03-13,0,2,0,4,2,0,San Luis Potosí
2020-03-14,1,0,0,5,2,0,San Luis Potosí
2020-03-15,4,0,0,9,2,0,San Luis Potosí
2020-03-16,2,1,0,11,3,0,San Luis Potosí
2020-03-17,1,5,0,12,8,0,San Luis Potosí
2020-03-18,4,1,0,16,9,0,San Luis Potosí
2020-03-19,2,3,0,18,12,0,San Luis Potosí
2020-03-20,1,3,0,19,15,0,San Luis Potosí
2020-03-21,2,4,0,21,19,0,San Luis Potosí
2020-03-22,3,1,0,24,20,0,San Luis Potosí
2020-03-23,0,2,0,24,22,0,San Luis Potosí
2020-03-24,5,0,1,29,22,1,San Luis Potosí
2020-03-25,3,0,1,32,22,2,San Luis Potosí
2020-03-26,1,1,0,33,23,2,San Luis Potosí
2020-03-27,3,6,0,36,29,2,San Luis Potosí
2020-03-28,1,0,0,37,29,2,San Luis Potosí
2020-03-29,2,6,0,39,35,2,San Luis Potosí
2020-03-30,1,3,1,40,38,3,San Luis Potosí
2020-03-31,4,2,0,44,40,3,San Luis Potosí
2020-04-01,2,0,0,46,40,3,San Luis Potosí
2020-04-02,4,0,0,50,40,3,San Luis Potosí
2020-04-03,4,0,0,54,40,3,San Luis Potosí
2020-04-04,3,3,0,57,43,3,San Luis Potosí
2020-04-05,0,1,0,57,44,3,San Luis Potosí
2020-04-06,1,3,1,58,47,4,San Luis Potosí
2020-04-07,0,4,0,58,51,4,San Luis Potosí
2020-04-08,1,1,0,59,52,4,San Luis Potosí
2020-04-09,1,4,0,60,56,4,San Luis Potosí
2020-04-10,2,1,0,62,57,4,San Luis Potosí
2020-04-11,0,2,0,62,59,4,San Luis Potosí
2020-04-12,1,0,0,63,59,4,San Luis Potosí
2020-04-13,2,1,0,65,60,4,San Luis Potosí
2020-04-14,2,0,0,67,60,4,San Luis Potosí
2020-04-15,1,2,0,68,62,4,San Luis Potosí
2020-04-16,0,2,0,68,64,4,San Luis Potosí
2020-04-17,0,4,0,68,68,4,San Luis Potosí
2020-04-18,0,0,1,68,68,5,San Luis Potosí
2020-04-19,0,0,0,68,68,5,San Luis Potosí
2020-04-20,0,0,0,68,68,5,San Luis Potosí
2020-04-21,0,0,0,68,68,5,San Luis Potosí
2020-04-22,0,0,0,68,68,5,San Luis Potosí
2020-02-22,1,0,0,1,0,0,Sinaloa
2020-02-23,0,0,0,1,0,0,Sinaloa
2020-02-24,0,0,0,1,0,0,Sinaloa
2020-02-25,0,0,0,1,0,0,Sinaloa
2020-02-26,0,0,0,1,0,0,Sinaloa
2020-02-27,0,1,0,1,1,0,Sinaloa
2020-02-28,0,0,0,1,1,0,Sinaloa
2020-02-29,0,0,0,1,1,0,Sinaloa
2020-03-01,1,0,0,2,1,0,Sinaloa
2020-03-02,0,0,0,2,1,0,Sinaloa
2020-03-03,0,0,0,2,1,0,Sinaloa
2020-03-04,0,0,0,2,1,0,Sinaloa
2020-03-05,0,0,0,2,1,0,Sinaloa
2020-03-06,0,0,0,2,1,0,Sinaloa
2020-03-07,0,0,0,2,1,0,Sinaloa
2020-03-08,0,0,0,2,1,0,Sinaloa
2020-03-09,1,0,0,3,1,0,Sinaloa
2020-03-10,0,0,0,3,1,0,Sinaloa
2020-03-11,0,0,0,3,1,0,Sinaloa
2020-03-12,1,0,0,4,1,0,Sinaloa
2020-03-13,0,1,0,4,2,0,Sinaloa
2020-03-14,2,0,0,6,2,0,Sinaloa
2020-03-15,1,0,0,7,2,0,Sinaloa
2020-03-16,3,1,0,10,3,0,Sinaloa
2020-03-17,2,1,0,12,4,0,Sinaloa
2020-03-18,1,0,0,13,4,0,Sinaloa
2020-03-19,3,0,0,16,4,0,Sinaloa
2020-03-20,5,1,0,21,5,0,Sinaloa
2020-03-21,6,0,0,27,5,0,Sinaloa
2020-03-22,6,1,0,33,6,0,Sinaloa
2020-03-23,16,2,0,49,8,0,Sinaloa
2020-03-24,12,5,0,61,13,0,Sinaloa
2020-03-25,9,7,0,70,20,0,Sinaloa
2020-03-26,11,9,1,81,29,1,Sinaloa
2020-03-27,13,9,0,94,38,1,Sinaloa
2020-03-28,10,5,1,104,43,2,Sinaloa
2020-03-29,15,6,1,119,49,3,Sinaloa
2020-03-30,16,11,0,135,60,3,Sinaloa
2020-03-31,24,15,1,159,75,4,Sinaloa
2020-04-01,18,14,2,177,89,6,Sinaloa
2020-04-02,22,28,3,199,117,9,Sinaloa
2020-04-03,27,9,2,226,126,11,Sinaloa
2020-04-04,24,10,2,250,136,13,Sinaloa
2020-04-05,21,15,0,271,151,13,Sinaloa
2020-04-06,30,29,1,301,180,14,Sinaloa
2020-04-07,27,20,2,328,200,16,Sinaloa
2020-04-08,36,31,2,364,231,18,Sinaloa
2020-04-09,28,10,5,392,241,23,Sinaloa
2020-04-10,41,32,6,433,273,29,Sinaloa
2020-04-11,29,22,4,462,295,33,Sinaloa
2020-04-12,26,20,3,488,315,36,Sinaloa
2020-04-13,22,40,4,510,355,40,Sinaloa
2020-04-14,20,42,4,530,397,44,Sinaloa
2020-04-15,14,48,3,544,445,47,Sinaloa
2020-04-16,8,40,0,552,485,47,Sinaloa
2020-04-17,8,29,2,560,514,49,Sinaloa
2020-04-18,4,18,0,564,532,49,Sinaloa
2020-04-19,6,24,3,570,556,52,Sinaloa
2020-04-20,0,14,5,570,570,57,Sinaloa
2020-04-21,0,0,2,570,570,59,Sinaloa
2020-04-22,0,0,0,570,570,59,Sinaloa
2020-03-11,2,0,0,2,0,0,Sonora
2020-03-12,2,0,0,4,0,0,Sonora
2020-03-13,0,0,0,4,0,0,Sonora
2020-03-14,0,0,0,4,0,0,Sonora
2020-03-15,1,1,0,5,1,0,Sonora
2020-03-16,2,0,0,7,1,0,Sonora
2020-03-17,3,2,0,10,3,0,Sonora
2020-03-18,1,1,0,11,4,0,Sonora
2020-03-19,2,0,0,13,4,0,Sonora
2020-03-20,1,1,0,14,5,0,Sonora
2020-03-21,0,1,0,14,6,0,Sonora
2020-03-22,2,0,0,16,6,0,Sonora
2020-03-23,3,2,0,19,8,0,Sonora
2020-03-24,2,3,0,21,11,0,Sonora
2020-03-25,1,2,0,22,13,0,Sonora
2020-03-26,3,0,0,25,13,0,Sonora
2020-03-27,3,3,0,28,16,0,Sonora
2020-03-28,5,3,0,33,19,0,Sonora
2020-03-29,0,0,0,33,19,0,Sonora
2020-03-30,1,1,1,34,20,1,Sonora
2020-03-31,4,5,0,38,25,1,Sonora
2020-04-01,8,1,0,46,26,1,Sonora
2020-04-02,2,2,0,48,28,1,Sonora
2020-04-03,5,1,0,53,29,1,Sonora
2020-04-04,7,6,0,60,35,1,Sonora
2020-04-05,6,2,1,66,37,2,Sonora
2020-04-06,17,12,1,83,49,3,Sonora
2020-04-07,4,8,1,87,57,4,Sonora
2020-04-08,4,9,1,91,66,5,Sonora
2020-04-09,8,4,1,99,70,6,Sonora
2020-04-10,11,4,0,110,74,6,Sonora
2020-04-11,3,4,1,113,78,7,Sonora
2020-04-12,3,3,3,116,81,10,Sonora
2020-04-13,3,13,0,119,94,10,Sonora
2020-04-14,1,4,0,120,98,10,Sonora
2020-04-15,1,8,1,121,106,11,Sonora
2020-04-16,0,7,0,121,113,11,Sonora
2020-04-17,0,2,1,121,115,12,Sonora
2020-04-18,1,7,0,122,122,12,Sonora
2020-04-19,0,0,0,122,122,12,Sonora
2020-04-20,0,0,1,122,122,13,Sonora
2020-04-21,0,0,0,122,122,13,Sonora
2020-04-22,0,0,0,122,122,13,Sonora
2020-03-09,3,0,0,3,0,0,Tabasco
2020-03-10,2,0,0,5,0,0,Tabasco
2020-03-11,0,0,0,5,0,0,Tabasco
2020-03-12,0,0,0,5,0,0,Tabasco
2020-03-13,2,0,0,7,0,0,Tabasco
2020-03-14,2,0,0,9,0,0,Tabasco
2020-03-15,1,0,0,10,0,0,Tabasco
2020-03-16,3,0,0,13,0,0,Tabasco
2020-03-17,2,1,0,15,1,0,Tabasco
2020-03-18,5,2,0,20,3,0,Tabasco
2020-03-19,8,2,0,28,5,0,Tabasco
2020-03-20,4,2,0,32,7,0,Tabasco
2020-03-21,5,0,0,37,7,0,Tabasco
2020-03-22,3,0,0,40,7,0,Tabasco
2020-03-23,7,3,0,47,10,0,Tabasco
2020-03-24,6,10,0,53,20,0,Tabasco
2020-03-25,11,3,0,64,23,0,Tabasco
2020-03-26,6,5,0,70,28,0,Tabasco
2020-03-27,6,10,0,76,38,0,Tabasco
2020-03-28,15,1,0,91,39,0,Tabasco
2020-03-29,12,9,0,103,48,0,Tabasco
2020-03-30,10,9,0,113,57,0,Tabasco
2020-03-31,7,11,1,120,68,1,Tabasco
2020-04-01,12,8,3,132,76,4,Tabasco
2020-04-02,16,14,0,148,90,4,Tabasco
2020-04-03,12,19,1,160,109,5,Tabasco
2020-04-04,23,3,0,183,112,5,Tabasco
2020-04-05,16,8,3,199,120,8,Tabasco
2020-04-06,27,6,2,226,126,10,Tabasco
2020-04-07,26,12,0,252,138,10,Tabasco
2020-04-08,26,17,1,278,155,11,Tabasco
2020-04-09,36,9,1,314,164,12,Tabasco
2020-04-10,37,13,0,351,177,12,Tabasco
2020-04-11,18,13,1,369,190,13,Tabasco
2020-04-12,25,26,2,394,216,15,Tabasco
2020-04-13,30,29,4,424,245,19,Tabasco
2020-04-14,28,45,5,452,290,24,Tabasco
2020-04-15,21,32,3,473,322,27,Tabasco
2020-04-16,8,30,2,481,352,29,Tabasco
2020-04-17,11,37,10,492,389,39,Tabasco
2020-04-18,4,41,9,496,430,48,Tabasco
2020-04-19,7,32,7,503,462,55,Tabasco
2020-04-20,1,34,4,504,496,59,Tabasco
2020-04-21,0,8,1,504,504,60,Tabasco
2020-04-22,0,0,0,504,504,60,Tabasco
2020-03-13,1,0,0,1,0,0,Tamaulipas
2020-03-14,2,0,0,3,0,0,Tamaulipas
2020-03-15,0,1,0,3,1,0,Tamaulipas
2020-03-16,3,1,0,6,2,0,Tamaulipas
2020-03-17,0,0,0,6,2,0,Tamaulipas
2020-03-18,0,0,0,6,2,0,Tamaulipas
2020-03-19,0,1,0,6,3,0,Tamaulipas
2020-03-20,3,1,0,9,4,0,Tamaulipas
2020-03-21,1,0,0,10,4,0,Tamaulipas
2020-03-22,1,1,0,11,5,0,Tamaulipas
2020-03-23,1,1,0,12,6,0,Tamaulipas
2020-03-24,1,1,0,13,7,0,Tamaulipas
2020-03-25,1,0,0,14,7,0,Tamaulipas
2020-03-26,4,0,0,18,7,0,Tamaulipas
2020-03-27,3,1,0,21,8,0,Tamaulipas
2020-03-28,1,1,0,22,9,0,Tamaulipas
2020-03-29,0,3,0,22,12,0,Tamaulipas
2020-03-30,7,4,0,29,16,0,Tamaulipas
2020-03-31,4,4,0,33,20,0,Tamaulipas
2020-04-01,5,5,0,38,25,0,Tamaulipas
2020-04-02,4,1,0,42,26,0,Tamaulipas
2020-04-03,1,4,1,43,30,1,Tamaulipas
2020-04-04,7,2,1,50,32,2,Tamaulipas
2020-04-05,3,1,0,53,33,2,Tamaulipas
2020-04-06,3,8,1,56,41,3,Tamaulipas
2020-04-07,5,4,0,61,45,3,Tamaulipas
2020-04-08,3,3,0,64,48,3,Tamaulipas
2020-04-09,3,2,0,67,50,3,Tamaulipas
2020-04-10,5,3,0,72,53,3,Tamaulipas
2020-04-11,6,1,0,78,54,3,Tamaulipas
2020-04-12,8,7,0,86,61,3,Tamaulipas
2020-04-13,20,5,0,106,66,3,Tamaulipas
2020-04-14,10,15,1,116,81,4,Tamaulipas
2020-04-15,7,14,1,123,95,5,Tamaulipas
2020-04-16,15,21,0,138,116,5,Tamaulipas
2020-04-17,12,15,1,150,131,6,Tamaulipas
2020-04-18,10,7,0,160,138,6,Tamaulipas
2020-04-19,3,5,0,163,143,6,Tamaulipas
2020-04-20,1,14,2,164,157,8,Tamaulipas
2020-04-21,2,9,0,166,166,8,Tamaulipas
2020-04-22,0,0,0,166,166,8,Tamaulipas
2020-03-16,2,0,0,2,0,0,Tlaxcala
2020-03-17,1,0,0,3,0,0,Tlaxcala
2020-03-18,0,0,0,3,0,0,Tlaxcala
2020-03-19,0,0,0,3,0,0,Tlaxcala
2020-03-20,0,0,0,3,0,0,Tlaxcala
2020-03-21,0,0,0,3,0,0,Tlaxcala
2020-03-22,1,0,0,4,0,0,Tlaxcala
2020-03-23,1,2,0,5,2,0,Tlaxcala
2020-03-24,2,2,0,7,4,0,Tlaxcala
2020-03-25,2,0,0,9,4,0,Tlaxcala
2020-03-26,0,0,0,9,4,0,Tlaxcala
2020-03-27,1,1,0,10,5,0,Tlaxcala
2020-03-28,9,2,0,19,7,0,Tlaxcala
2020-03-29,2,0,0,21,7,0,Tlaxcala
2020-03-30,4,1,0,25,8,0,Tlaxcala
2020-03-31,3,0,0,28,8,0,Tlaxcala
2020-04-01,5,4,0,33,12,0,Tlaxcala
2020-04-02,4,1,0,37,13,0,Tlaxcala
2020-04-03,5,0,0,42,13,0,Tlaxcala
2020-04-04,8,2,0,50,15,0,Tlaxcala
2020-04-05,2,5,0,52,20,0,Tlaxcala
2020-04-06,4,8,0,56,28,0,Tlaxcala
2020-04-07,4,7,0,60,35,0,Tlaxcala
2020-04-08,8,6,1,68,41,1,Tlaxcala
2020-04-09,2,1,0,70,42,1,Tlaxcala
2020-04-10,9,7,0,79,49,1,Tlaxcala
2020-04-11,1,7,0,80,56,1,Tlaxcala
2020-04-12,0,1,3,80,57,4,Tlaxcala
2020-04-13,2,7,0,82,64,4,Tlaxcala
2020-04-14,7,6,1,89,70,5,Tlaxcala
2020-04-15,4,4,0,93,74,5,Tlaxcala
2020-04-16,2,4,0,95,78,5,Tlaxcala
2020-04-17,3,3,1,98,81,6,Tlaxcala
2020-04-18,1,4,0,99,85,6,Tlaxcala
2020-04-19,0,7,2,99,92,8,Tlaxcala
2020-04-20,0,6,0,99,98,8,Tlaxcala
2020-04-21,0,1,1,99,99,9,Tlaxcala
2020-04-22,0,0,0,99,99,9,Tlaxcala
2020-01-08,1,1,0,1,1,0,Veracruz
2020-01-09,0,0,0,1,1,0,Veracruz
2020-01-10,0,0,0,1,1,0,Veracruz
2020-01-11,0,0,0,1,1,0,Veracruz
2020-01-12,0,0,0,1,1,0,Veracruz
2020-01-13,0,0,0,1,1,0,Veracruz
2020-01-14,0,0,0,1,1,0,Veracruz
2020-01-15,0,0,0,1,1,0,Veracruz
2020-01-16,0,0,0,1,1,0,Veracruz
2020-01-17,0,0,0,1,1,0,Veracruz
2020-01-18,0,0,0,1,1,0,Veracruz
2020-01-19,0,0,0,1,1,0,Veracruz
2020-01-20,0,0,0,1,1,0,Veracruz
2020-01-21,0,0,0,1,1,0,Veracruz
2020-01-22,0,0,0,1,1,0,Veracruz
2020-01-23,0,0,0,1,1,0,Veracruz
2020-01-24,0,0,0,1,1,0,Veracruz
2020-01-25,0,0,0,1,1,0,Veracruz
2020-01-26,0,0,0,1,1,0,Veracruz
2020-01-27,0,0,0,1,1,0,Veracruz
2020-01-28,0,0,0,1,1,0,Veracruz
2020-01-29,0,0,0,1,1,0,Veracruz
2020-01-30,0,0,0,1,1,0,Veracruz
2020-01-31,0,0,0,1,1,0,Veracruz
2020-02-01,0,0,0,1,1,0,Veracruz
2020-02-02,0,0,0,1,1,0,Veracruz
2020-02-03,0,0,0,1,1,0,Veracruz
2020-02-04,0,0,0,1,1,0,Veracruz
2020-02-05,0,0,0,1,1,0,Veracruz
2020-02-06,0,0,0,1,1,0,Veracruz
2020-02-07,0,0,0,1,1,0,Veracruz
2020-02-08,0,0,0,1,1,0,Veracruz
2020-02-09,0,0,0,1,1,0,Veracruz
2020-02-10,0,0,0,1,1,0,Veracruz
2020-02-11,0,0,0,1,1,0,Veracruz
2020-02-12,0,0,0,1,1,0,Veracruz
2020-02-13,0,0,0,1,1,0,Veracruz
2020-02-14,0,0,0,1,1,0,Veracruz
2020-02-15,0,0,0,1,1,0,Veracruz
2020-02-16,0,0,0,1,1,0,Veracruz
2020-02-17,0,0,0,1,1,0,Veracruz
2020-02-18,0,0,0,1,1,0,Veracruz
2020-02-19,0,0,0,1,1,0,Veracruz
2020-02-20,0,0,0,1,1,0,Veracruz
2020-02-21,0,0,0,1,1,0,Veracruz
2020-02-22,0,0,0,1,1,0,Veracruz
2020-02-23,0,0,0,1,1,0,Veracruz
2020-02-24,0,0,0,1,1,0,Veracruz
2020-02-25,0,0,0,1,1,0,Veracruz
2020-02-26,0,0,0,1,1,0,Veracruz
2020-02-27,0,0,0,1,1,0,Veracruz
2020-02-28,0,0,0,1,1,0,Veracruz
2020-02-29,0,0,0,1,1,0,Veracruz
2020-03-01,0,0,0,1,1,0,Veracruz
2020-03-02,0,0,0,1,1,0,Veracruz
2020-03-03,1,0,0,2,1,0,Veracruz
2020-03-04,0,0,0,2,1,0,Veracruz
2020-03-05,0,0,0,2,1,0,Veracruz
2020-03-06,0,0,0,2,1,0,Veracruz
2020-03-07,0,0,0,2,1,0,Veracruz
2020-03-08,0,0,0,2,1,0,Veracruz
2020-03-09,0,0,0,2,1,0,Veracruz
2020-03-10,0,0,0,2,1,0,Veracruz
2020-03-11,0,0,0,2,1,0,Veracruz
2020-03-12,4,0,0,6,1,0,Veracruz
2020-03-13,0,0,0,6,1,0,Veracruz
2020-03-14,3,0,0,9,1,0,Veracruz
2020-03-15,2,2,0,11,3,0,Veracruz
2020-03-16,2,0,0,13,3,0,Veracruz
2020-03-17,2,0,0,15,3,0,Veracruz
2020-03-18,4,7,0,19,10,0,Veracruz
2020-03-19,2,5,0,21,15,0,Veracruz
2020-03-20,7,1,0,28,16,0,Veracruz
2020-03-21,1,1,0,29,17,0,Veracruz
2020-03-22,1,0,0,30,17,0,Veracruz
2020-03-23,5,4,0,35,21,0,Veracruz
2020-03-24,0,2,0,35,23,0,Veracruz
2020-03-25,3,2,0,38,25,0,Veracruz
2020-03-26,3,4,0,41,29,0,Veracruz
2020-03-27,4,1,0,45,30,0,Veracruz
2020-03-28,1,1,1,46,31,1,Veracruz
2020-03-29,4,1,0,50,32,1,Veracruz
2020-03-30,4,2,0,54,34,1,Veracruz
2020-03-31,4,2,0,58,36,1,Veracruz
2020-04-01,3,7,1,61,43,2,Veracruz
2020-04-02,10,5,0,71,48,2,Veracruz
2020-04-03,6,6,1,77,54,3,Veracruz
2020-04-04,4,2,0,81,56,3,Veracruz
2020-04-05,6,2,0,87,58,3,Veracruz
2020-04-06,8,5,0,95,63,3,Veracruz
2020-04-07,11,9,0,106,72,3,Veracruz
2020-04-08,11,4,0,117,76,3,Veracruz
2020-04-09,10,9,1,127,85,4,Veracruz
2020-04-10,12,7,0,139,92,4,Veracruz
2020-04-11,12,9,0,151,101,4,Veracruz
2020-04-12,14,9,3,165,110,7,Veracruz
2020-04-13,15,11,1,180,121,8,Veracruz
2020-04-14,4,11,0,184,132,8,Veracruz
2020-04-15,5,10,0,189,142,8,Veracruz
2020-04-16,2,14,1,191,156,9,Veracruz
2020-04-17,0,8,1,191,164,10,Veracruz
2020-04-18,1,12,2,192,176,12,Veracruz
2020-04-19,3,13,3,195,189,15,Veracruz
2020-04-20,0,6,2,195,195,17,Veracruz
2020-04-21,0,0,1,195,195,18,Veracruz
2020-04-22,0,0,0,195,195,18,Veracruz
2020-02-19,1,0,0,1,0,0,Yucatán
2020-02-20,0,0,0,1,0,0,Yucatán
2020-02-21,0,0,0,1,0,0,Yucatán
2020-02-22,0,0,0,1,0,0,Yucatán
2020-02-23,0,0,0,1,0,0,Yucatán
2020-02-24,0,0,0,1,0,0,Yucatán
2020-02-25,0,0,0,1,0,0,Yucatán
2020-02-26,0,0,0,1,0,0,Yucatán
2020-02-27,0,0,0,1,0,0,Yucatán
2020-02-28,0,0,0,1,0,0,Yucatán
2020-02-29,0,0,0,1,0,0,Yucatán
2020-03-01,0,0,0,1,0,0,Yucatán
2020-03-02,0,0,0,1,0,0,Yucatán
2020-03-03,0,0,0,1,0,0,Yucatán
2020-03-04,0,0,0,1,0,0,Yucatán
2020-03-05,0,0,0,1,0,0,Yucatán
2020-03-06,0,0,0,1,0,0,Yucatán
2020-03-07,1,0,0,2,0,0,Yucatán
2020-03-08,4,1,0,6,1,0,Yucatán
2020-03-09,1,0,0,7,1,0,Yucatán
2020-03-10,3,0,0,10,1,0,Yucatán
2020-03-11,3,0,0,13,1,0,Yucatán
2020-03-12,1,1,0,14,2,0,Yucatán
2020-03-13,5,0,0,19,2,0,Yucatán
2020-03-14,3,0,0,22,2,0,Yucatán
2020-03-15,1,4,0,23,6,0,Yucatán
2020-03-16,2,2,0,25,8,0,Yucatán
2020-03-17,5,6,0,30,14,0,Yucatán
2020-03-18,5,0,0,35,14,0,Yucatán
2020-03-19,7,2,0,42,16,0,Yucatán
2020-03-20,3,4,0,45,20,0,Yucatán
2020-03-21,4,0,0,49,20,0,Yucatán
2020-03-22,4,8,0,53,28,0,Yucatán
2020-03-23,3,5,0,56,33,0,Yucatán
2020-03-24,2,8,0,58,41,0,Yucatán
2020-03-25,0,3,0,58,44,0,Yucatán
2020-03-26,2,0,0,60,44,0,Yucatán
2020-03-27,4,3,0,64,47,0,Yucatán
2020-03-28,3,4,0,67,51,0,Yucatán
2020-03-29,6,2,0,73,53,0,Yucatán
2020-03-30,4,7,0,77,60,0,Yucatán
2020-03-31,5,1,0,82,61,0,Yucatán
2020-04-01,4,7,0,86,68,0,Yucatán
2020-04-02,5,2,0,91,70,0,Yucatán
2020-04-03,10,6,2,101,76,2,Yucatán
2020-04-04,4,1,0,105,77,2,Yucatán
2020-04-05,3,5,0,108,82,2,Yucatán
2020-04-06,10,9,1,118,91,3,Yucatán
2020-04-07,8,8,2,126,99,5,Yucatán
2020-04-08,11,5,0,137,104,5,Yucatán
2020-04-09,2,9,0,139,113,5,Yucatán
2020-04-10,4,3,2,143,116,7,Yucatán
2020-04-11,12,7,0,155,123,7,Yucatán
2020-04-12,15,3,0,170,126,7,Yucatán
2020-04-13,11,13,0,181,139,7,Yucatán
2020-04-14,6,17,0,187,156,7,Yucatán
2020-04-15,7,22,3,194,178,10,Yucatán
2020-04-16,2,9,1,196,187,11,Yucatán
2020-04-17,2,9,1,198,196,12,Yucatán
2020-04-18,1,2,0,199,198,12,Yucatán
2020-04-19,0,0,0,199,198,12,Yucatán
2020-04-20,0,1,0,199,199,12,Yucatán
2020-04-21,0,0,3,199,199,15,Yucatán
2020-04-22,0,0,0,199,199,15,Yucatán
2020-03-09,1,0,0,1,0,0,Zacatecas
2020-03-10,0,0,0,1,0,0,Zacatecas
2020-03-11,0,0,0,1,0,0,Zacatecas
2020-03-12,1,0,0,2,0,0,Zacatecas
2020-03-13,0,0,0,2,0,0,Zacatecas
2020-03-14,0,0,0,2,0,0,Zacatecas
2020-03-15,0,0,0,2,0,0,Zacatecas
2020-03-16,1,1,0,3,1,0,Zacatecas
2020-03-17,0,0,0,3,1,0,Zacatecas
2020-03-18,1,0,0,4,1,0,Zacatecas
2020-03-19,2,0,0,6,1,0,Zacatecas
2020-03-20,0,1,0,6,2,0,Zacatecas
2020-03-21,2,1,0,8,3,0,Zacatecas
2020-03-22,1,1,0,9,4,0,Zacatecas
2020-03-23,0,0,0,9,4,0,Zacatecas
2020-03-24,0,1,0,9,5,0,Zacatecas
2020-03-25,0,0,0,9,5,0,Zacatecas
2020-03-26,0,0,0,9,5,0,Zacatecas
2020-03-27,0,2,0,9,7,0,Zacatecas
2020-03-28,0,1,0,9,8,0,Zacatecas
2020-03-29,0,0,0,9,8,0,Zacatecas
2020-03-30,0,0,0,9,8,0,Zacatecas
2020-03-31,2,0,1,11,8,1,Zacatecas
2020-04-01,0,0,0,11,8,1,Zacatecas
2020-04-02,2,1,0,13,9,1,Zacatecas
2020-04-03,2,0,0,15,9,1,Zacatecas
2020-04-04,0,1,1,15,10,2,Zacatecas
2020-04-05,0,1,0,15,11,2,Zacatecas
2020-04-06,0,1,0,15,12,2,Zacatecas
2020-04-07,1,0,0,16,12,2,Zacatecas
2020-04-08,6,2,0,22,14,2,Zacatecas
2020-04-09,1,1,0,23,15,2,Zacatecas
2020-04-10,4,0,0,27,15,2,Zacatecas
2020-04-11,4,2,0,31,17,2,Zacatecas
2020-04-12,2,1,0,33,18,2,Zacatecas
2020-04-13,2,0,0,35,18,2,Zacatecas
2020-04-14,2,1,0,37,19,2,Zacatecas
2020-04-15,1,6,0,38,25,2,Zacatecas
2020-04-16,4,2,0,42,27,2,Zacatecas
2020-04-17,0,2,0,42,29,2,Zacatecas
2020-04-18,1,7,0,43,36,2,Zacatecas
2020-04-19,0,0,1,43,36,3,Zacatecas
2020-04-20,0,7,0,43,43,3,Zacatecas
2020-04-21,0,0,0,43,43,3,Zacatecas
2020-04-22,0,0,0,43,43,3,Zacatecas
