cve_ent,poblacion,nombre,04-01-2020,05-01-2020,06-01-2020,07-01-2020,08-01-2020,09-01-2020,10-01-2020,11-01-2020,12-01-2020,13-01-2020,14-01-2020,15-01-2020,16-01-2020,17-01-2020,18-01-2020,19-01-2020,20-01-2020,21-01-2020,22-01-2020,23-01-2020,24-01-2020,25-01-2020,26-01-2020,27-01-2020,28-01-2020,29-01-2020,30-01-2020,31-01-2020,01-02-2020,02-02-2020,03-02-2020,04-02-2020,05-02-2020,06-02-2020,07-02-2020,08-02-2020,09-02-2020,10-02-2020,11-02-2020,12-02-2020,13-02-2020,14-02-2020,15-02-2020,16-02-2020,17-02-2020,18-02-2020,19-02-2020,20-02-2020,21-02-2020,22-02-2020,23-02-2020,24-02-2020,25-02-2020,26-02-2020,27-02-2020,28-02-2020,29-02-2020,01-03-2020,02-03-2020,03-03-2020,04-03-2020,05-03-2020,06-03-2020,07-03-2020,08-03-2020,09-03-2020,10-03-2020,11-03-2020,12-03-2020,13-03-2020,14-03-2020,15-03-2020,16-03-2020,17-03-2020,18-03-2020,19-03-2020,20-03-2020,21-03-2020,22-03-2020,23-03-2020,24-03-2020,25-03-2020,26-03-2020,27-03-2020,28-03-2020,29-03-2020,30-03-2020,31-03-2020,01-04-2020,02-04-2020,03-04-2020,04-04-2020,05-04-2020,06-04-2020,07-04-2020,08-04-2020,09-04-2020,10-04-2020,11-04-2020,12-04-2020,13-04-2020,14-04-2020,15-04-2020,16-04-2020,17-04-2020,18-04-2020,19-04-2020,20-04-2020,21-04-2020,22-04-2020,23-04-2020,24-04-2020,25-04-2020,26-04-2020,27-04-2020,28-04-2020,29-04-2020,30-04-2020,01-05-2020,02-05-2020,03-05-2020,04-05-2020,05-05-2020,06-05-2020,07-05-2020,08-05-2020,09-05-2020,10-05-2020,11-05-2020,12-05-2020,13-05-2020,14-05-2020,15-05-2020,16-05-2020,17-05-2020,18-05-2020,19-05-2020,20-05-2020,21-05-2020,22-05-2020,23-05-2020,24-05-2020,25-05-2020,26-05-2020,27-05-2020,28-05-2020,29-05-2020,30-05-2020,31-05-2020,01-06-2020,02-06-2020,03-06-2020,04-06-2020,05-06-2020,06-06-2020,07-06-2020,08-06-2020,09-06-2020,10-06-2020,11-06-2020,12-06-2020,13-06-2020,14-06-2020,15-06-2020,16-06-2020,17-06-2020,18-06-2020,19-06-2020,20-06-2020,21-06-2020,22-06-2020,23-06-2020,24-06-2020,25-06-2020,26-06-2020,27-06-2020,28-06-2020,29-06-2020,30-06-2020,01-07-2020,02-07-2020,03-07-2020,04-07-2020,05-07-2020,06-07-2020,07-07-2020,08-07-2020,09-07-2020,10-07-2020,11-07-2020,12-07-2020,13-07-2020,14-07-2020,15-07-2020,16-07-2020,17-07-2020,18-07-2020,19-07-2020,20-07-2020,21-07-2020,22-07-2020,23-07-2020,24-07-2020,25-07-2020,26-07-2020,27-07-2020,28-07-2020,29-07-2020,30-07-2020,31-07-2020,01-08-2020,02-08-2020,03-08-2020,04-08-2020,05-08-2020,06-08-2020,07-08-2020,08-08-2020,09-08-2020,10-08-2020,11-08-2020,12-08-2020,13-08-2020,14-08-2020,15-08-2020,16-08-2020,17-08-2020,18-08-2020,19-08-2020,20-08-2020,21-08-2020,22-08-2020,23-08-2020,24-08-2020,25-08-2020,26-08-2020,27-08-2020,28-08-2020,29-08-2020,30-08-2020,31-08-2020,01-09-2020,02-09-2020,03-09-2020,04-09-2020,05-09-2020,06-09-2020,07-09-2020,08-09-2020,09-09-2020,10-09-2020,11-09-2020,12-09-2020,13-09-2020,14-09-2020,15-09-2020,16-09-2020,17-09-2020,18-09-2020,19-09-2020,20-09-2020,21-09-2020,22-09-2020,23-09-2020,24-09-2020,25-09-2020,26-09-2020,27-09-2020,28-09-2020,29-09-2020,30-09-2020,01-10-2020,02-10-2020,03-10-2020,04-10-2020,05-10-2020,06-10-2020,07-10-2020,08-10-2020,09-10-2020,10-10-2020,11-10-2020,12-10-2020,13-10-2020,14-10-2020,15-10-2020,16-10-2020,17-10-2020,18-10-2020,19-10-2020,20-10-2020,21-10-2020,22-10-2020,23-10-2020,24-10-2020,25-10-2020,26-10-2020,27-10-2020,28-10-2020,29-10-2020,30-10-2020,31-10-2020,01-11-2020,02-11-2020,03-11-2020,04-11-2020,05-11-2020,06-11-2020,07-11-2020,08-11-2020,09-11-2020,10-11-2020,11-11-2020,12-11-2020,13-11-2020,14-11-2020,15-11-2020,16-11-2020,17-11-2020,18-11-2020,19-11-2020,20-11-2020,21-11-2020,22-11-2020,23-11-2020,24-11-2020,25-11-2020,26-11-2020,27-11-2020,28-11-2020,29-11-2020,30-11-2020,01-12-2020,02-12-2020,03-12-2020,04-12-2020,05-12-2020,06-12-2020,07-12-2020,08-12-2020,09-12-2020,10-12-2020,11-12-2020,12-12-2020,13-12-2020,14-12-2020,15-12-2020,16-12-2020,17-12-2020,18-12-2020,19-12-2020,20-12-2020,21-12-2020,22-12-2020,23-12-2020,24-12-2020,25-12-2020,26-12-2020,27-12-2020,28-12-2020,29-12-2020,30-12-2020,31-12-2020,01-01-2021,02-01-2021,03-01-2021,04-01-2021,05-01-2021,06-01-2021,07-01-2021,08-01-2021,09-01-2021,10-01-2021,11-01-2021,12-01-2021,13-01-2021,14-01-2021,15-01-2021,16-01-2021,17-01-2021,18-01-2021,19-01-2021,20-01-2021,21-01-2021,22-01-2021,23-01-2021,24-01-2021,25-01-2021,26-01-2021,27-01-2021,28-01-2021,29-01-2021,30-01-2021,31-01-2021,01-02-2021,02-02-2021,03-02-2021,04-02-2021,05-02-2021,06-02-2021,07-02-2021,08-02-2021,09-02-2021,10-02-2021,11-02-2021,12-02-2021,13-02-2021,14-02-2021,15-02-2021,16-02-2021,17-02-2021,18-02-2021,19-02-2021,20-02-2021,21-02-2021,22-02-2021,23-02-2021,24-02-2021,25-02-2021,26-02-2021,27-02-2021,28-02-2021,01-03-2021,02-03-2021,03-03-2021,04-03-2021,05-03-2021,06-03-2021,07-03-2021,08-03-2021,09-03-2021,10-03-2021,11-03-2021,12-03-2021,13-03-2021,14-03-2021,15-03-2021,16-03-2021,17-03-2021,18-03-2021,19-03-2021,20-03-2021,21-03-2021,22-03-2021,23-03-2021,24-03-2021,25-03-2021,26-03-2021,27-03-2021,28-03-2021,29-03-2021,30-03-2021,31-03-2021,01-04-2021,02-04-2021,03-04-2021,04-04-2021,05-04-2021,06-04-2021,07-04-2021,08-04-2021,09-04-2021,10-04-2021,11-04-2021,12-04-2021,13-04-2021,14-04-2021,15-04-2021,16-04-2021,17-04-2021,18-04-2021,19-04-2021,20-04-2021,21-04-2021,22-04-2021,23-04-2021,24-04-2021,25-04-2021,26-04-2021,27-04-2021,28-04-2021
"01",1434635,"AGUASCALIENTES",0,0,0,0,0,0,0,0,0,0,0,0,0,0,0,0,0,0,0,0,0,0,0,0,0,0,0,0,0,0,0,0,0,0,0,0,0,0,0,0,0,0,0,0,0,0,0,1,0,0,0,0,0,0,0,0,0,0,0,0,0,0,0,0,0,0,0,0,0,0,1,0,0,1,3,1,2,1,1,4,0,17,4,6,5,3,4,1,0,1,2,0,2,5,2,1,0,3,1,2,9,2,12,7,18,14,3,17,13,11,21,11,1,7,18,32,18,26,4,3,5,49,13,18,24,12,0,5,12,43,16,24,25,3,7,38,19,29,28,24,18,9,44,36,35,44,43,16,20,67,54,57,44,61,22,28,77,65,62,65,58,34,23,82,60,73,62,68,17,24,69,52,51,70,54,17,11,40,40,80,72,64,11,8,94,120,52,42,77,20,33,82,82,86,84,75,20,14,59,85,53,72,71,19,20,72,60,59,57,66,35,17,61,72,48,45,41,22,20,79,50,60,64,52,13,34,92,80,67,56,63,38,35,72,70,97,56,69,43,24,95,61,79,73,48,19,24,77,57,60,62,49,14,13,73,17,25,99,50,29,25,88,78,78,76,51,25,21,99,100,83,58,67,16,31,98,90,71,72,70,19,35,123,96,90,98,90,33,46,152,96,114,119,122,56,42,196,182,162,173,159,61,48,196,209,186,160,178,45,67,266,218,192,197,158,55,49,79,279,244,215,192,46,59,283,238,194,168,145,46,55,225,204,158,137,115,40,47,147,135,114,101,94,26,26,119,117,94,104,100,31,28,131,113,80,47,12,36,40,126,122,102,39,21,45,50,116,131,139,152,138,58,41,217,163,150,149,152,33,34,206,214,219,211,158,48,31,262,181,146,133,122,22,36,37,170,126,116,91,21,32,142,78,85,89,61,18,13,96,79,79,87,62,28,20,98,75,80,70,70,14,16,96,77,62,68,54,15,19,90,45,66,64,50,10,11,18,97,47,46,45,74,15,47,46,33,46,33,66,14,63,49,39,18,9,14,15,71,50,44,33,56,18,26,60,30,44,43,31,5,7,46,22,26,31,24,13,16,26,16,0
"02",3634868,"BAJA CALIFORNIA",0,0,0,0,0,0,0,0,0,0,0,0,0,0,0,0,0,0,0,0,0,0,0,0,0,0,0,0,0,0,0,0,0,0,0,0,0,0,0,0,0,0,0,0,0,0,0,0,0,0,0,0,0,0,0,0,0,0,0,1,0,0,0,0,0,0,0,1,0,0,0,0,1,3,4,5,6,3,2,10,9,7,12,16,7,21,29,45,66,30,38,25,20,71,42,58,58,52,32,47,82,109,103,88,100,47,51,115,110,93,114,91,51,71,113,101,111,88,92,83,93,145,144,120,123,143,74,70,131,127,129,115,148,73,72,218,156,172,235,212,66,82,138,137,132,122,117,85,74,156,175,163,152,153,107,69,174,175,149,151,116,89,94,183,191,151,147,175,88,60,209,195,181,176,174,111,64,208,201,186,192,166,74,97,215,213,213,167,131,62,79,170,178,184,161,145,87,94,163,143,143,124,138,81,64,151,134,124,133,156,69,64,150,150,120,114,114,64,46,172,121,112,111,101,40,50,169,126,123,136,99,46,46,150,109,94,114,110,40,38,194,186,158,164,125,65,36,162,126,116,109,112,38,33,117,52,33,125,103,40,38,98,103,107,79,81,28,29,112,96,130,110,84,49,31,142,137,131,91,75,44,37,132,135,135,127,90,50,51,155,144,147,135,153,46,42,164,125,120,88,94,50,46,148,130,147,100,117,65,50,154,104,128,96,98,71,61,75,195,235,221,211,129,107,346,318,327,316,274,121,112,334,388,299,290,268,163,113,351,379,331,321,315,156,138,354,346,328,312,237,119,139,403,315,250,171,91,142,130,369,323,236,191,116,124,131,367,394,331,344,295,119,103,366,300,313,271,251,91,79,314,213,216,222,210,82,65,196,241,175,185,132,60,49,61,174,142,130,107,45,46,147,103,96,111,88,33,33,107,64,54,57,53,32,25,86,61,73,68,65,24,24,79,79,72,69,61,20,25,68,63,42,51,31,12,10,18,52,33,48,24,18,12,76,57,51,58,42,16,10,62,44,47,31,21,11,14,64,34,43,44,41,17,7,52,41,45,35,36,6,14,68,45,23,44,34,12,11,50,25,0
"03",804708,"BAJA CALIFORNIA SUR",0,0,0,0,0,0,0,0,0,0,0,0,0,0,0,0,0,0,0,0,0,0,0,0,0,0,0,0,0,0,0,0,0,0,0,0,0,0,0,0,0,0,0,0,0,0,0,0,0,0,0,0,0,0,0,0,0,0,0,0,0,0,0,0,0,0,0,0,0,0,0,0,0,0,1,0,1,1,0,4,2,0,2,4,4,1,14,7,5,11,16,5,5,23,24,24,22,9,7,5,15,17,5,9,6,3,8,7,12,5,9,13,5,7,10,4,4,14,2,8,6,7,12,10,11,9,6,10,7,16,13,8,5,11,3,11,15,17,8,15,7,9,17,14,21,18,22,13,8,36,17,16,22,22,14,20,53,38,48,28,25,22,21,51,30,46,48,19,34,18,31,46,53,54,41,45,34,66,58,72,70,63,56,49,89,112,91,127,117,37,49,128,120,132,116,90,63,39,156,109,115,142,107,66,39,175,155,116,155,100,67,41,161,146,152,123,110,82,43,141,121,126,142,131,55,47,142,138,96,36,78,75,49,142,99,106,121,68,52,64,129,115,134,113,104,58,39,135,126,104,83,93,65,28,99,91,55,89,114,64,19,107,84,84,82,92,57,19,94,98,79,84,71,43,27,100,82,69,89,94,48,22,112,94,76,95,118,57,23,114,92,102,81,97,58,19,114,95,87,85,66,35,25,85,70,82,72,58,29,24,115,85,77,92,65,31,21,31,85,92,91,72,39,30,102,102,87,96,75,46,32,115,124,108,90,100,46,22,111,119,100,139,117,75,27,153,152,129,138,120,67,25,133,141,126,107,17,92,43,185,211,215,149,35,118,48,210,279,268,273,259,108,62,254,251,218,228,185,113,67,235,269,231,220,262,116,54,287,245,211,188,166,65,42,61,238,218,189,162,70,45,192,153,97,126,83,51,32,106,86,101,114,77,39,12,127,106,80,88,69,33,23,93,70,62,86,61,28,19,82,65,51,70,54,28,21,18,101,67,73,105,33,25,109,117,76,100,81,56,19,78,84,77,67,30,42,27,120,89,96,70,68,49,14,104,75,87,77,51,41,26,92,63,73,58,64,31,23,39,38,2
"04",1000617,"CAMPECHE",0,0,0,0,0,0,0,0,0,0,0,0,0,0,0,0,0,0,0,0,0,0,0,0,0,0,0,0,0,0,0,0,0,0,0,0,0,0,0,0,0,0,0,0,0,0,0,0,0,0,0,0,0,0,0,0,0,0,0,0,0,0,0,0,1,0,0,0,1,0,1,0,0,0,0,0,0,0,0,1,0,0,0,3,0,1,0,0,0,2,1,0,3,3,0,0,2,1,5,2,3,4,4,4,3,6,2,5,7,7,8,4,6,9,9,7,9,8,7,13,14,21,11,19,13,16,15,9,26,23,19,15,18,16,15,19,22,26,20,26,19,15,35,37,30,31,20,19,7,39,25,19,40,41,25,23,44,60,72,75,36,29,21,102,84,108,88,100,55,38,108,94,89,94,100,52,50,74,93,71,93,61,32,38,81,93,96,99,109,53,62,123,77,118,115,100,46,51,117,107,89,86,85,36,24,71,84,71,67,61,38,32,53,66,51,47,27,17,16,42,28,38,38,14,12,14,31,44,33,25,62,14,11,33,30,21,27,45,8,6,33,17,28,24,17,3,7,18,12,11,10,32,11,7,14,3,4,10,41,3,6,22,6,14,15,17,9,5,16,14,13,14,20,0,5,18,7,13,7,19,2,1,13,13,13,12,22,6,2,18,10,5,16,10,2,4,31,14,18,7,19,1,0,9,5,20,7,5,6,5,12,8,12,12,19,3,6,5,12,22,4,19,2,6,25,12,27,22,13,3,1,19,15,17,14,19,6,2,18,12,21,5,27,9,3,36,18,31,16,24,2,6,21,9,28,21,5,11,3,32,13,18,16,6,5,5,40,29,30,22,40,9,6,31,22,43,29,31,10,9,29,29,33,30,37,16,12,43,30,33,24,48,7,9,6,26,28,17,17,4,2,25,15,27,12,19,4,7,15,11,13,20,14,12,9,30,12,22,14,20,4,8,25,19,19,22,31,8,6,29,18,18,14,13,9,3,8,22,27,11,12,3,7,13,17,24,21,10,12,3,33,22,11,9,7,8,11,10,12,22,9,12,3,6,17,15,9,14,11,2,3,49,5,12,16,12,5,9,12,2,0
"07",5730367,"CHIAPAS",0,0,0,0,0,0,0,0,0,0,0,0,0,0,0,0,0,0,0,0,0,0,0,0,0,0,0,0,0,0,0,0,0,0,0,0,0,0,0,0,0,0,0,0,0,0,0,0,0,0,0,0,0,0,0,0,1,0,0,0,0,0,0,0,0,0,0,0,0,0,0,0,0,0,1,0,0,0,0,3,0,2,0,5,1,0,2,2,4,2,5,1,1,5,2,6,3,3,1,0,5,5,6,3,10,4,7,10,9,11,15,13,9,12,21,10,19,14,18,9,14,31,28,35,35,36,23,21,32,47,68,67,82,40,34,93,65,75,104,99,55,50,146,132,125,142,127,71,70,151,144,118,110,128,71,74,140,130,110,97,107,68,62,94,94,111,94,80,53,41,96,86,97,89,87,43,46,69,56,65,54,61,42,23,41,44,35,31,42,21,27,88,104,52,58,42,21,66,53,36,50,28,52,18,26,47,42,33,22,40,23,17,30,39,47,36,16,12,16,29,21,19,35,21,9,10,26,22,21,29,36,14,9,14,23,16,11,8,5,7,18,21,12,13,15,9,7,19,15,18,26,10,9,4,18,13,3,19,15,10,4,22,14,13,16,5,9,12,17,15,11,16,12,5,3,14,10,9,9,8,8,4,18,8,8,17,6,3,1,16,4,7,10,6,3,5,8,9,5,8,3,1,1,4,4,3,4,4,2,2,7,10,16,19,4,3,1,5,16,16,12,13,0,5,15,7,6,11,9,4,4,15,21,17,19,23,7,4,21,22,21,27,26,5,15,33,20,30,30,22,13,10,34,26,28,16,5,19,12,17,24,28,17,10,19,16,35,41,43,59,49,23,26,68,55,46,42,42,15,29,51,34,42,34,35,9,14,45,49,46,44,56,31,25,23,37,34,10,24,7,8,22,27,24,31,26,10,5,15,20,15,28,15,7,7,20,16,19,13,15,3,4,24,16,28,14,18,4,10,24,15,42,23,15,10,10,8,22,13,19,19,2,12,13,17,11,13,17,10,3,16,17,19,11,2,2,5,18,17,28,28,21,12,7,18,15,7,17,11,7,7,16,8,13,20,18,7,3,26,8,0
"08",3801487,"CHIHUAHUA",0,0,0,0,0,0,0,0,0,0,0,0,0,0,0,0,0,0,0,0,0,0,0,0,0,0,0,0,0,0,0,0,0,0,0,0,0,0,0,0,0,0,0,0,0,0,0,0,0,0,0,0,0,0,0,0,0,0,0,0,0,0,0,0,0,0,0,0,0,1,1,0,0,0,1,2,3,2,2,0,1,3,3,2,2,5,5,6,8,9,5,10,14,14,9,12,11,14,17,13,24,21,23,34,24,26,28,48,45,48,61,56,43,30,60,66,75,79,60,55,34,65,93,78,76,68,52,54,78,65,85,83,79,59,56,93,79,86,111,81,74,33,102,74,71,58,91,28,39,84,86,62,51,78,43,29,78,61,73,69,51,26,25,58,83,58,63,64,38,27,59,61,66,53,84,37,23,81,93,107,95,81,36,41,93,93,103,80,130,60,35,129,103,114,109,98,51,43,118,110,133,130,110,53,50,105,118,117,123,89,72,42,107,123,117,101,114,74,44,96,129,96,120,113,60,40,105,103,116,114,106,56,40,121,139,183,129,101,67,47,136,180,145,114,94,52,41,142,122,129,105,116,58,19,124,122,76,114,159,63,63,183,152,145,119,151,56,56,191,223,199,203,243,104,84,349,347,350,407,447,327,181,426,686,754,629,631,450,256,773,884,637,638,570,327,283,720,625,492,481,510,249,259,383,479,501,456,368,186,161,401,402,374,457,339,188,117,191,387,308,302,333,147,89,237,254,224,221,168,90,76,176,172,127,115,101,59,43,107,135,134,104,76,60,42,103,99,121,104,81,43,62,72,107,100,60,41,56,31,95,93,74,48,50,55,52,120,113,129,130,113,56,44,118,130,123,92,91,59,42,158,129,126,116,92,57,36,137,116,112,102,65,50,37,42,112,98,78,76,36,28,111,84,69,85,74,28,22,49,102,91,87,77,39,28,143,92,74,101,106,33,38,139,80,115,88,89,46,35,139,111,117,100,88,54,42,47,142,114,117,122,66,59,200,161,170,179,163,56,42,218,182,142,62,59,92,88,286,273,265,246,211,77,74,263,269,241,203,213,67,63,266,237,240,148,148,43,35,137,46,0
"09",9018645,"DISTRITO FEDERAL",0,0,0,0,0,0,0,0,0,0,0,0,0,0,0,0,0,0,0,0,0,0,0,0,0,0,0,0,0,0,0,0,0,0,0,0,0,0,0,0,0,0,0,0,0,0,0,0,0,0,0,2,0,1,4,1,0,0,0,3,3,4,1,2,3,2,3,16,23,27,22,10,27,36,32,64,36,22,18,44,64,46,71,64,61,37,78,59,69,83,95,64,56,140,142,133,145,169,123,120,284,263,244,264,355,204,208,482,470,440,396,557,293,256,530,599,627,589,379,347,319,773,615,720,751,826,425,395,855,864,916,833,975,628,383,1113,1060,1072,994,949,506,388,1066,938,1004,857,957,566,432,1089,938,1002,946,959,542,402,1031,1005,962,880,926,417,346,925,991,955,941,884,448,274,878,888,806,838,923,377,318,982,941,1012,886,948,387,242,1007,965,960,755,883,418,264,1086,943,1230,1151,1195,669,273,1169,1173,1210,1131,1078,565,269,1074,1076,1088,1062,950,549,269,880,1043,1024,931,1009,479,194,904,1046,1039,1016,1054,485,191,1025,1202,1148,974,1093,520,282,1101,1094,1457,1276,1305,749,263,1075,1457,1498,1379,1261,674,258,1010,1389,1327,1233,1221,750,237,1000,796,236,1304,1171,655,270,982,1271,1219,1172,1163,756,308,1131,1240,1221,1193,1064,560,237,1048,1226,1245,1201,1210,557,303,1258,1374,1232,1348,1523,681,331,1879,1982,1749,1784,1893,788,319,1986,1925,1950,1704,1541,698,310,657,2163,2003,1958,1770,832,345,2411,2336,2142,2025,2031,930,424,446,2513,2173,1999,2098,1226,452,2854,2961,2741,2800,3054,1634,574,3711,3976,4326,4414,4567,2761,735,5288,5025,5012,5215,5108,2858,690,5392,5409,5164,5167,5566,2929,802,5521,5354,5185,4479,595,1932,1021,6048,6130,5619,4893,685,1880,1090,6658,6670,6525,6725,6618,3904,1309,7304,6850,6798,6533,6239,3731,1084,6582,6417,5691,5491,5482,3025,1060,5754,5836,5024,4606,4230,2344,787,1114,4450,3840,3606,3484,1879,534,3913,3080,2929,2622,2915,1708,511,2944,2769,2461,2401,2395,1337,465,3014,2706,2388,2369,2515,1492,518,2871,2537,2407,2242,2166,1199,474,2401,2058,1755,1858,1848,1010,438,494,2330,1918,1798,1574,931,335,1943,1776,1487,1474,1330,871,315,1607,1486,1373,573,421,320,281,1593,1401,1334,1208,1239,761,230,1411,1254,1148,1136,975,578,214,1159,1022,1022,820,784,512,146,817,643,3
"05",3218720,"COAHUILA",0,0,0,0,0,0,0,0,0,0,0,0,0,0,0,0,0,0,0,0,0,0,0,0,0,0,0,0,0,0,0,0,0,0,0,0,0,0,0,0,0,0,0,0,0,0,0,0,0,0,0,0,0,0,0,1,0,0,0,0,0,0,0,0,0,0,0,2,0,0,0,1,1,2,2,3,4,0,0,1,6,0,3,4,4,9,20,14,22,23,25,11,4,26,8,19,6,16,9,7,15,17,17,6,12,9,9,9,22,14,10,13,4,5,24,19,13,21,15,5,5,26,32,35,23,19,10,15,30,31,16,33,38,16,12,65,52,43,63,46,42,17,60,55,75,62,96,42,36,109,83,76,88,100,44,47,154,133,143,141,152,65,47,175,212,179,199,211,119,76,283,332,248,205,241,177,107,335,288,324,254,325,200,145,318,365,307,305,281,118,85,391,364,297,302,302,163,102,307,326,303,325,346,180,108,428,391,328,343,259,230,68,341,413,363,359,343,209,86,394,387,298,307,306,214,136,285,291,311,300,398,159,107,313,276,334,267,254,127,52,237,236,200,186,190,96,93,200,213,163,147,138,69,68,183,122,97,198,149,88,45,212,181,175,167,164,129,62,191,241,218,198,195,129,106,255,320,245,234,243,162,104,313,378,267,300,280,176,164,406,429,412,430,410,233,169,389,384,340,370,319,172,103,325,409,351,348,362,205,145,409,495,454,394,345,214,126,188,386,382,313,324,181,117,310,341,311,296,324,128,119,292,342,279,319,301,119,87,270,331,279,301,249,148,92,329,338,337,344,239,151,127,303,352,310,211,54,148,149,327,357,314,265,75,181,172,412,401,402,484,441,163,135,362,449,355,384,387,145,166,432,460,374,400,365,143,124,369,426,323,368,280,120,75,94,284,223,217,221,58,48,249,209,160,152,124,43,34,87,143,104,107,140,48,38,121,115,104,98,99,36,34,110,91,102,90,72,33,27,77,71,72,47,50,19,16,23,57,64,42,35,16,11,67,80,35,38,66,16,22,55,53,36,17,16,16,17,68,36,37,30,43,8,13,76,46,32,34,62,19,14,37,29,29,30,19,8,5,20,15,0
"06",785153,"COLIMA",0,0,0,0,0,0,0,0,0,0,0,0,0,0,0,0,0,0,0,0,0,0,0,0,0,0,0,0,0,0,0,0,0,0,0,0,0,0,0,0,0,0,0,0,0,0,0,0,0,0,0,0,0,0,0,0,0,0,0,0,0,0,0,0,0,0,0,0,0,0,1,0,1,0,0,0,0,0,0,0,1,0,0,0,0,0,1,1,2,0,0,0,0,0,0,0,0,0,1,2,0,0,1,2,3,1,1,1,1,1,3,2,1,0,2,0,0,3,1,0,2,3,4,1,1,2,3,1,2,6,4,12,4,3,5,7,8,9,4,8,4,7,8,7,5,7,8,6,4,11,12,10,8,11,11,4,13,15,12,16,13,11,8,15,24,16,16,27,11,17,21,23,21,25,27,16,12,22,22,36,18,34,13,15,33,36,33,36,60,28,23,57,59,49,73,51,43,35,63,65,79,72,62,41,41,50,70,54,63,44,26,33,76,73,65,68,58,34,35,70,71,79,72,79,42,42,73,62,75,83,70,45,44,79,84,70,58,60,35,31,81,52,47,36,44,23,22,52,46,32,41,50,20,27,50,47,24,45,65,39,36,58,76,57,70,47,37,25,75,70,74,54,55,35,21,57,64,56,72,75,32,28,49,56,50,46,74,36,27,43,49,39,36,36,21,16,39,52,39,35,35,19,18,30,29,34,30,24,19,13,30,31,31,10,12,3,7,6,30,35,24,14,15,6,26,23,20,24,21,14,15,24,22,26,26,16,16,11,25,22,25,21,16,16,16,24,8,30,24,16,18,15,30,27,29,28,12,26,24,38,40,31,36,19,16,50,38,41,43,69,73,38,43,76,61,62,49,52,42,32,62,74,88,75,67,29,36,61,41,64,52,62,23,15,31,65,53,46,58,28,19,61,51,33,27,25,25,15,38,27,26,24,29,13,13,39,18,26,19,26,12,9,16,17,22,19,12,13,10,27,24,15,10,19,7,10,14,23,15,16,22,8,6,11,10,12,12,6,8,11,18,9,5,8,9,4,5,17,11,24,17,14,11,5,19,17,20,24,20,11,11,16,10,19,14,12,13,18,14,14,0
"10",1868996,"DURANGO",0,0,0,0,0,0,0,0,0,0,0,0,0,0,0,0,0,0,0,0,0,0,0,0,0,0,0,0,0,0,0,0,0,0,0,0,0,0,0,0,0,0,0,0,0,0,0,0,0,1,0,0,0,0,0,0,0,0,0,0,0,0,0,0,0,0,0,1,0,1,1,0,0,1,1,0,0,1,0,1,1,1,0,0,0,0,4,2,1,0,0,1,0,1,0,1,1,0,1,0,0,0,3,2,0,2,10,4,4,3,2,2,5,8,5,3,9,2,6,6,7,4,3,5,11,11,2,1,6,12,10,13,18,5,9,18,8,23,21,24,7,16,27,22,28,24,34,38,13,39,41,36,45,85,23,20,72,71,50,62,55,21,19,73,93,72,82,54,17,17,77,109,91,69,87,56,39,59,89,113,67,72,25,21,74,70,79,106,71,31,26,106,89,86,85,90,35,16,102,112,94,88,67,22,39,106,102,91,77,86,38,18,109,79,87,104,67,26,22,99,125,92,101,92,18,19,119,117,72,104,102,35,26,136,107,118,106,112,21,27,139,140,173,107,111,26,35,125,109,108,101,115,19,23,98,76,15,108,119,21,30,152,108,109,97,109,15,22,121,112,128,114,119,15,22,162,146,203,180,172,29,36,286,212,196,263,223,61,52,332,327,353,325,313,96,85,379,429,347,302,289,74,61,260,341,386,290,266,78,75,350,317,291,314,283,139,47,133,391,324,285,299,72,77,368,348,232,301,286,42,77,267,248,233,198,169,20,27,190,193,150,144,144,30,28,171,165,134,133,130,20,17,133,143,113,61,8,24,23,138,170,134,83,9,22,17,163,180,150,181,150,27,30,167,221,150,165,127,34,25,148,158,139,130,128,33,26,159,146,115,106,87,11,26,10,152,126,85,73,17,19,123,86,91,62,50,20,24,81,44,69,52,44,12,25,92,64,56,46,49,12,12,82,60,54,61,44,17,16,78,59,50,38,61,8,8,24,86,65,59,47,8,16,62,48,55,42,34,14,16,53,45,23,23,7,16,10,93,65,61,57,48,24,10,57,60,33,57,36,15,13,54,45,32,51,32,4,13,30,22,0
"11",6228175,"GUANAJUATO",0,1,0,0,0,0,2,3,0,1,1,0,1,2,3,1,2,0,1,0,1,4,0,2,2,1,1,1,3,0,7,3,2,1,1,0,5,0,4,4,4,0,10,3,4,7,10,7,3,5,3,10,5,3,3,4,0,4,6,5,3,4,4,4,2,1,1,4,0,1,0,2,2,6,12,1,5,12,4,7,1,4,9,7,4,1,5,7,1,2,5,3,4,11,6,9,2,3,7,2,3,4,13,14,30,12,10,15,10,13,9,13,11,8,25,18,14,16,14,10,12,33,23,31,37,43,27,23,43,53,42,51,36,34,21,54,69,58,65,56,52,20,121,97,107,142,146,99,70,184,175,181,222,172,129,83,198,234,190,209,216,129,85,348,316,336,328,378,197,116,396,410,396,305,377,208,123,411,426,416,427,431,226,139,487,520,506,518,458,193,172,575,564,627,558,448,237,156,502,657,567,537,514,232,187,609,642,489,548,439,171,151,538,455,383,364,433,186,113,439,446,438,455,397,171,108,369,365,444,426,480,161,152,517,423,472,441,436,206,157,571,473,385,401,424,124,141,416,455,391,425,409,133,121,499,261,155,309,302,110,82,292,278,207,260,219,83,76,321,246,278,274,305,59,62,208,213,269,274,278,91,86,313,301,282,294,309,109,105,389,454,429,384,409,158,126,546,568,441,423,402,141,136,255,487,477,498,474,188,179,548,600,604,567,587,289,145,245,766,684,728,744,300,187,834,940,808,871,845,353,243,793,951,836,803,713,263,204,866,918,862,930,686,351,212,992,879,749,692,634,308,293,817,836,644,434,157,303,290,899,886,827,599,181,305,303,876,1064,1079,952,975,423,376,1263,1221,1162,1214,1158,434,313,1124,1093,1022,1002,844,434,285,987,945,734,841,773,343,299,362,818,751,734,777,352,270,756,654,509,449,459,178,153,482,424,404,451,425,153,113,504,346,323,368,354,169,110,389,305,265,244,277,121,80,286,207,233,246,223,121,57,112,326,224,213,199,80,68,306,218,198,242,214,61,83,228,116,106,84,67,77,64,185,128,141,110,108,52,40,173,110,98,80,57,27,23,109,76,90,73,72,34,31,101,24,0
"12",3657048,"GUERRERO",0,0,0,0,0,0,0,0,0,0,0,0,0,0,0,0,0,0,0,0,0,0,0,0,0,0,0,0,0,0,0,0,0,0,0,0,0,0,0,0,0,0,0,0,0,0,0,0,0,0,0,0,0,0,0,0,0,0,0,0,0,0,0,0,0,0,0,0,0,2,0,0,2,5,1,0,0,1,1,1,0,3,4,3,3,1,2,5,3,1,1,2,3,8,11,6,7,5,5,12,17,7,5,12,13,9,6,16,7,13,19,26,13,18,26,28,32,19,15,41,30,54,38,52,43,41,38,34,50,66,55,79,66,55,43,132,120,150,138,130,66,75,130,116,125,118,104,64,88,159,113,116,131,121,99,71,154,119,148,153,157,84,101,144,152,114,113,133,53,76,185,119,94,135,126,146,177,250,254,263,298,272,192,158,155,152,117,141,138,41,129,170,165,137,171,123,114,129,241,146,150,222,199,100,92,202,183,143,197,169,130,63,187,223,221,161,141,64,43,180,134,107,151,113,81,47,139,126,141,106,90,65,61,124,145,101,122,132,41,40,148,158,174,154,165,62,81,229,181,162,160,185,88,77,205,193,69,190,158,87,50,190,196,209,156,125,64,62,176,194,167,114,117,56,55,176,133,151,126,102,50,39,134,108,137,113,78,27,25,117,95,88,94,60,30,35,91,62,46,72,59,30,19,30,87,54,68,47,30,22,80,62,71,68,45,25,16,34,68,64,49,62,30,22,113,88,63,66,111,25,24,77,83,70,70,54,47,39,109,87,80,94,81,56,52,150,112,102,115,93,23,32,108,90,91,85,20,44,31,197,152,115,114,39,45,57,182,187,188,187,202,98,85,361,328,234,260,251,92,85,301,314,294,262,213,85,73,317,231,233,264,228,66,86,74,272,168,231,177,64,44,179,134,126,152,118,31,40,139,134,97,96,89,40,35,129,102,97,99,103,35,38,127,116,107,105,94,44,40,124,104,69,83,85,36,26,42,85,94,93,85,27,32,90,89,93,68,57,24,31,93,89,73,47,56,30,21,108,94,59,87,102,29,23,108,103,73,77,76,17,34,73,73,58,78,68,26,14,58,35,0
"13",3086414,"HIDALGO",0,0,0,0,0,0,0,0,0,0,0,0,0,0,0,0,0,0,0,0,0,0,0,0,0,0,0,0,0,0,0,0,0,0,0,0,0,0,0,0,0,0,0,0,0,0,0,0,0,0,0,0,0,0,1,0,0,0,0,0,0,0,0,0,0,0,0,0,0,0,0,1,0,2,0,0,3,3,0,1,1,5,4,4,0,2,7,7,5,1,3,2,2,3,3,1,0,7,3,5,8,9,6,6,10,6,14,18,13,16,20,20,23,20,26,27,29,31,26,22,27,37,30,41,39,37,26,27,52,57,47,67,82,55,27,81,70,78,96,81,53,40,90,72,83,93,74,47,42,95,80,66,68,66,54,29,87,110,78,74,98,46,44,82,73,71,78,87,56,28,75,82,87,85,90,44,41,95,83,110,92,78,40,33,102,87,89,76,90,49,49,121,109,110,117,107,73,57,182,149,131,133,131,75,73,134,134,121,136,133,77,80,151,137,162,136,143,102,70,126,138,135,152,127,80,72,112,104,123,139,127,73,71,163,141,120,110,102,71,65,117,101,117,90,91,45,46,105,78,113,81,102,48,50,107,74,60,92,92,44,35,121,112,85,82,83,51,25,91,85,80,76,77,50,47,82,88,106,80,67,39,48,99,88,105,118,98,54,67,131,114,117,103,110,78,64,147,108,120,136,105,50,58,101,133,117,134,91,60,77,148,154,122,127,118,65,74,101,168,129,125,134,61,83,188,153,182,184,159,65,67,177,154,181,204,174,84,110,195,215,192,223,178,122,102,237,249,194,210,212,96,112,222,206,172,151,84,92,116,230,231,251,175,106,128,156,342,327,283,391,306,184,151,325,298,347,320,252,149,119,261,267,261,254,264,125,162,304,233,279,185,199,115,108,76,169,146,132,126,70,69,146,129,100,119,78,63,53,101,85,112,91,83,47,45,106,110,105,97,88,50,52,124,102,99,72,88,42,44,97,66,79,74,67,33,20,42,87,66,73,81,30,28,91,63,71,67,51,19,27,87,63,52,47,28,24,33,93,77,80,54,54,47,30,73,76,82,48,75,34,26,70,53,64,47,45,19,19,37,16,0
"14",8409693,"JALISCO",0,0,0,0,0,0,0,0,0,0,0,0,0,0,0,0,0,0,0,1,0,0,0,0,0,0,0,0,0,0,0,0,0,0,0,0,0,0,0,0,0,0,0,0,0,0,0,0,0,0,0,1,0,0,0,0,0,0,0,0,0,0,0,0,0,0,0,1,3,3,5,2,12,6,17,11,5,1,3,9,8,7,7,7,2,2,8,7,3,8,10,2,2,4,6,9,5,8,5,5,10,4,11,11,14,7,4,11,17,25,20,32,10,9,23,14,22,26,15,29,16,31,22,24,51,25,29,22,50,40,30,57,68,19,32,60,77,64,64,75,43,38,99,131,148,131,163,131,87,238,194,206,180,223,106,79,269,251,262,234,196,124,105,239,224,222,233,201,152,105,244,238,203,187,233,150,117,203,242,222,223,230,144,104,254,255,224,215,246,156,126,305,318,282,275,276,182,114,337,308,282,230,221,133,134,333,245,243,228,201,147,111,267,244,281,249,246,128,119,270,235,243,243,207,119,115,317,258,229,236,207,125,107,274,261,283,243,247,89,117,324,252,277,272,226,101,108,342,295,279,239,223,95,119,337,187,116,333,252,120,104,336,341,309,296,295,94,101,303,357,306,255,233,114,83,270,272,298,228,243,97,119,321,303,313,284,268,143,123,404,347,324,275,232,124,100,370,299,307,273,240,157,93,289,324,286,275,268,95,92,332,311,320,282,295,133,112,184,356,380,340,281,154,132,448,356,414,384,331,194,121,398,421,431,376,318,151,133,395,357,380,346,365,232,143,446,372,432,405,332,153,187,498,400,352,330,167,239,249,572,550,505,370,199,317,285,703,736,847,758,917,380,350,1080,827,866,705,732,330,314,849,738,744,694,624,294,278,769,659,675,561,480,201,173,243,466,468,347,301,141,122,346,308,309,301,279,84,89,349,242,250,256,209,76,77,284,270,256,225,197,64,80,270,185,197,171,152,53,64,181,157,129,128,118,54,37,55,187,122,123,133,49,44,151,106,101,111,89,49,44,134,102,98,51,47,53,57,126,148,103,107,117,63,44,123,93,94,89,86,37,34,112,101,83,68,70,33,28,95,32,0
"15",17427790,"MEXICO",0,0,0,0,1,0,0,0,0,0,1,0,0,0,0,0,0,1,0,0,0,1,0,0,0,0,1,0,0,0,0,0,0,0,0,0,0,0,0,0,0,0,0,0,0,0,0,0,0,0,0,0,0,0,0,1,1,0,1,2,1,1,0,0,2,1,3,3,4,11,4,10,7,7,6,25,25,9,13,24,45,35,44,53,35,24,58,38,63,56,63,40,51,101,82,100,76,101,84,88,174,172,207,205,170,171,166,276,291,269,288,342,227,231,395,384,344,320,304,252,275,518,384,377,479,465,290,284,643,617,618,588,716,390,343,761,618,709,703,751,361,395,846,719,788,720,734,428,370,888,836,966,825,847,443,456,1072,925,937,769,762,404,406,907,872,800,779,766,396,295,761,658,718,611,720,314,300,860,636,842,692,705,355,280,748,665,689,518,708,284,251,752,643,774,658,681,314,298,853,836,794,616,658,297,217,734,650,691,642,613,314,235,740,685,709,595,617,272,214,729,599,618,614,561,280,175,683,618,503,532,609,240,218,616,654,552,626,590,235,163,708,624,673,578,579,254,178,680,669,563,647,573,248,194,672,420,185,672,632,218,217,654,544,611,513,594,217,163,565,540,513,515,425,183,143,409,405,426,369,362,203,146,454,483,408,442,441,207,178,510,546,424,497,510,173,184,544,536,511,537,495,196,179,335,600,511,476,490,253,232,642,652,690,580,539,292,214,269,739,706,615,662,313,252,851,861,817,815,866,420,268,968,1050,1098,1165,1228,606,357,1536,1583,1359,1392,1430,802,378,1685,1643,1646,1512,1491,686,410,1643,1620,1429,1281,421,570,477,1672,1712,1594,1275,481,605,519,1731,1947,1964,2097,1848,807,550,2166,2043,1914,1970,1787,852,611,1955,1937,1867,1877,1802,800,460,1870,1735,1598,1517,1362,668,432,380,1517,1300,1208,1049,501,289,1255,1029,1002,928,851,419,225,919,1000,826,883,757,365,244,974,779,729,689,748,323,249,1019,775,763,648,697,277,223,809,677,573,552,531,253,151,175,741,560,513,502,201,180,635,534,482,474,390,182,117,564,429,381,157,149,140,122,603,433,346,403,405,185,125,470,394,310,319,284,148,90,325,309,274,226,182,123,66,246,118,2
"16",4825401,"MICHOACAN",0,0,0,0,0,0,0,0,0,0,0,0,0,0,0,0,0,0,0,0,0,0,0,0,0,0,0,0,0,0,0,0,0,0,0,0,0,0,0,0,0,0,0,0,0,0,0,0,0,0,0,0,0,0,0,0,0,0,0,0,0,0,0,0,0,0,0,0,0,0,0,0,0,0,1,1,2,5,0,3,3,2,3,1,1,3,0,4,5,1,6,2,2,6,6,4,9,3,2,4,13,16,9,8,16,7,9,28,13,13,19,24,27,20,32,30,23,26,24,16,27,43,21,36,30,44,45,25,69,58,101,77,103,43,27,67,66,102,79,95,21,35,118,102,90,113,128,47,46,168,126,148,147,132,73,42,189,197,154,173,199,79,49,203,197,200,164,243,123,50,219,197,170,155,104,71,31,173,169,117,120,127,43,33,141,135,124,117,117,74,47,146,145,138,128,162,89,50,191,175,168,202,182,82,68,213,239,211,184,183,84,53,202,191,197,204,211,96,70,261,266,218,169,216,92,68,289,248,230,248,214,85,71,299,243,237,221,234,91,83,304,308,248,267,215,106,88,259,255,239,261,183,76,74,249,215,90,235,176,79,55,233,204,217,186,190,75,58,230,214,148,160,144,87,40,166,177,146,133,118,72,49,215,177,137,146,155,59,45,185,215,143,141,114,54,48,164,162,148,141,121,45,38,102,144,166,136,106,46,52,152,161,129,143,133,46,33,68,184,145,144,102,55,49,138,179,151,159,144,71,49,177,191,193,135,147,48,51,188,176,147,170,172,73,51,231,237,198,195,174,74,64,253,227,184,149,79,72,86,321,300,278,226,78,116,115,279,326,324,254,245,99,82,326,391,354,271,241,116,132,359,321,292,272,266,124,106,328,298,208,227,171,79,82,113,208,179,153,139,82,43,136,111,89,90,89,53,45,95,86,87,91,72,47,39,97,81,69,71,79,53,46,83,94,73,81,81,29,34,89,69,59,43,65,24,23,45,82,71,70,78,28,27,73,71,84,66,56,39,22,78,85,89,26,38,20,30,124,91,92,76,56,39,28,90,68,60,66,44,24,28,74,63,58,56,38,16,11,42,21,0
"17",2044058,"MORELOS",0,0,0,0,0,0,0,0,0,0,0,0,0,0,0,0,0,0,0,0,0,0,0,0,0,0,0,0,0,0,0,0,0,0,0,0,0,0,0,0,0,0,0,0,0,1,0,0,0,0,0,0,0,0,0,0,0,0,0,0,0,0,0,0,0,1,0,0,0,0,1,0,0,1,1,0,1,1,0,2,3,0,2,1,3,1,3,1,3,9,1,4,3,9,7,11,8,3,2,4,9,13,11,9,13,9,18,34,22,35,31,37,15,34,50,31,51,43,36,29,50,59,54,57,50,52,28,34,71,59,64,47,57,29,27,52,57,54,60,69,30,21,79,82,50,62,51,27,32,66,55,59,51,60,26,22,89,56,53,60,60,39,31,65,57,50,42,63,24,17,36,46,61,31,38,16,19,54,35,42,41,37,15,12,45,40,31,38,45,17,22,54,43,40,43,43,16,17,51,41,39,44,37,21,22,59,51,49,55,49,21,18,44,54,33,50,47,15,21,57,57,48,48,46,22,11,56,53,32,52,27,18,8,51,48,43,42,40,16,9,56,34,31,31,32,18,6,35,38,34,39,21,6,13,43,27,12,38,26,12,14,42,36,28,24,32,10,2,31,41,24,48,31,14,11,65,48,44,44,25,21,15,54,37,47,30,45,14,12,31,39,39,35,34,18,8,43,42,24,25,20,13,12,43,46,34,42,38,20,13,59,68,49,41,45,17,16,13,56,51,49,37,21,6,69,57,55,57,34,29,31,77,88,65,70,42,28,20,68,98,85,95,67,29,22,86,84,74,77,85,40,40,109,120,121,75,31,61,70,179,202,240,168,53,216,223,234,244,285,300,321,259,77,371,308,255,415,379,298,63,382,425,544,446,468,467,49,707,597,489,488,396,437,38,43,521,435,449,426,268,43,416,136,236,102,79,45,33,240,284,183,103,183,34,33,212,188,203,201,210,57,54,330,130,102,157,136,61,74,173,243,173,167,101,45,42,61,158,121,118,125,50,32,154,97,105,78,87,39,29,115,116,62,36,47,25,22,108,72,90,92,58,30,24,142,65,93,75,99,23,24,111,64,48,94,35,18,23,60,16,0
"18",1288571,"NAYARIT",0,0,0,0,0,0,0,0,0,0,0,0,0,0,0,0,0,0,0,0,0,0,0,0,0,0,0,0,0,0,0,0,0,0,0,0,0,0,1,0,0,0,0,0,0,0,0,0,0,0,0,0,0,1,0,0,0,0,0,1,0,0,0,0,0,0,0,0,0,1,0,0,0,0,1,1,0,0,0,2,3,0,0,0,1,0,0,2,0,0,1,4,2,2,2,2,2,0,3,4,4,2,2,3,4,3,2,1,4,4,6,4,3,6,11,15,7,13,7,15,15,17,23,17,15,6,7,9,20,18,15,19,16,3,7,18,24,18,19,26,13,8,19,30,34,33,30,22,11,24,43,36,27,37,23,17,42,42,33,45,59,26,21,49,36,42,48,48,30,33,76,49,48,43,50,45,25,61,57,63,53,60,43,18,78,65,43,59,79,42,31,75,53,64,66,60,52,39,79,73,85,68,81,31,31,83,60,51,54,64,38,28,68,65,60,50,49,44,38,69,56,73,69,55,39,25,55,59,50,35,46,31,22,86,52,55,39,31,21,25,46,61,38,48,30,20,21,58,44,39,32,28,12,29,47,22,19,50,42,26,21,45,43,34,45,20,15,13,40,39,24,37,24,10,16,35,20,25,25,34,15,17,29,32,21,27,26,16,13,35,32,21,15,10,8,12,23,31,21,12,14,8,9,21,25,17,25,17,14,11,18,28,18,14,19,8,5,7,20,17,17,13,5,19,24,34,18,20,21,12,8,22,21,29,29,16,12,11,24,14,27,20,23,11,8,32,28,14,18,28,11,11,32,20,20,21,11,18,19,47,36,37,29,17,25,25,79,58,57,59,68,51,40,97,92,98,88,71,62,42,84,107,111,109,98,59,36,101,92,98,78,45,38,28,22,41,62,38,40,29,20,41,42,37,28,34,19,13,25,24,27,26,31,11,5,26,33,32,36,17,10,7,25,24,12,16,25,12,9,24,20,22,20,17,10,15,4,23,18,14,13,14,5,18,10,17,8,5,4,5,15,13,6,10,10,5,10,23,26,20,24,18,13,12,19,19,18,16,17,7,5,27,16,10,20,15,7,4,17,2,0
"19",5610153,"NUEVO LEON",0,3,7,2,3,1,0,0,4,2,6,7,10,2,0,1,1,0,5,4,0,0,0,5,0,0,3,0,0,0,0,0,0,0,2,0,0,0,1,0,0,0,0,0,0,1,3,1,1,0,0,0,0,1,1,0,0,1,0,0,1,0,0,0,0,0,4,5,1,6,6,0,6,7,12,4,12,4,4,5,5,2,1,8,2,3,5,0,0,6,2,3,1,10,8,9,1,23,8,15,20,19,7,12,9,6,2,13,17,17,6,6,6,8,20,28,22,29,27,22,9,40,62,27,25,32,28,20,43,36,68,38,76,30,12,48,40,61,36,51,36,27,84,120,71,67,71,45,20,86,95,76,131,149,78,44,206,158,225,206,250,193,104,287,217,181,231,213,173,106,295,316,307,317,327,210,177,406,380,436,350,350,239,198,542,498,457,500,459,323,247,580,584,588,561,522,248,194,571,589,520,611,549,272,136,217,368,297,356,340,126,108,372,418,380,361,408,209,159,383,374,371,407,356,204,162,434,387,422,400,336,224,149,421,536,549,502,529,237,152,422,476,478,476,457,167,139,420,519,492,342,355,177,124,484,293,198,515,523,209,145,543,527,472,465,431,211,145,577,531,391,397,395,223,145,500,584,531,492,569,275,196,666,613,560,534,569,287,184,556,548,568,445,513,266,182,519,498,454,480,444,225,166,492,563,539,610,797,419,284,712,723,623,630,634,380,296,270,620,527,571,593,296,187,547,503,535,552,501,324,161,548,512,431,419,395,223,127,500,615,591,592,636,379,265,715,702,626,558,481,285,236,707,689,555,506,185,346,287,756,803,752,730,148,497,378,1039,1185,982,1036,1061,520,295,939,1020,837,933,1073,472,320,973,1115,989,963,974,423,272,900,975,841,833,613,359,171,206,542,605,509,461,200,110,502,414,437,321,301,99,62,210,224,242,221,226,110,98,283,274,236,246,215,96,67,249,208,190,180,179,88,64,188,167,161,186,140,60,46,69,192,136,102,101,51,27,112,105,70,90,110,40,30,147,107,105,52,39,47,26,127,103,100,117,79,35,26,122,106,79,92,79,35,15,82,82,58,69,98,31,22,67,51,0
"20",4143593,"OAXACA",0,0,0,0,0,0,0,0,0,0,0,0,0,0,0,0,0,0,0,0,0,0,0,0,0,0,0,0,0,0,0,0,0,0,0,0,0,0,0,0,0,0,0,0,0,0,0,0,0,0,0,0,0,0,0,0,0,0,0,0,0,0,0,0,0,0,0,0,1,2,0,1,0,0,0,1,1,1,1,2,1,3,3,1,1,2,2,6,1,0,3,3,2,5,0,5,1,2,2,2,5,4,7,5,8,6,3,6,4,9,8,16,7,13,10,18,12,12,15,11,15,24,34,25,25,23,15,29,57,66,69,66,80,66,17,121,77,79,102,84,84,39,107,82,92,126,121,117,49,155,164,147,196,185,159,56,184,160,175,157,153,160,74,197,159,192,179,177,141,54,212,191,171,189,189,142,81,195,186,228,218,212,171,59,267,237,205,173,205,124,66,180,206,160,181,180,121,71,202,180,178,158,166,124,58,175,151,170,140,145,80,38,143,175,141,116,100,102,28,129,110,121,134,122,94,32,122,137,94,92,109,82,28,149,102,102,123,73,76,21,103,125,91,127,97,101,26,134,133,150,124,81,165,34,134,146,123,157,88,115,32,167,152,141,97,111,109,43,183,160,116,130,108,105,60,131,154,148,125,132,135,57,123,148,138,113,130,77,37,127,111,133,112,101,94,65,113,141,82,102,96,56,33,48,149,117,88,105,73,29,155,141,121,118,103,77,74,76,125,110,100,73,67,52,118,109,103,95,73,80,30,165,137,156,144,129,90,53,164,129,148,122,191,114,33,186,168,169,184,165,144,72,230,203,252,174,55,197,82,279,250,262,180,53,241,110,347,339,343,331,322,243,118,389,256,294,251,293,188,93,279,352,256,245,225,133,105,270,272,247,225,172,137,79,132,212,213,203,201,142,63,229,175,214,159,170,113,54,187,172,163,141,138,108,59,217,156,220,157,205,105,51,236,205,148,148,116,87,61,156,181,146,147,93,51,42,85,110,104,113,152,76,35,89,111,89,109,75,64,34,113,78,82,58,36,57,34,92,83,66,62,49,37,18,95,66,61,66,44,32,15,63,35,47,51,33,14,20,45,10,0
"21",6604451,"PUEBLA",0,0,0,0,0,0,0,0,0,0,0,0,0,0,0,0,0,0,0,0,0,0,0,0,0,0,0,0,0,0,0,0,0,0,0,0,0,0,0,0,0,0,0,0,0,0,0,0,0,0,0,0,0,0,0,0,0,0,0,0,0,0,0,0,0,0,0,1,2,4,3,3,4,5,6,7,5,4,2,8,16,6,16,11,14,6,19,27,20,23,15,11,10,26,14,26,17,8,15,5,25,17,29,22,31,24,20,32,24,27,32,45,44,25,36,46,51,49,44,43,39,48,37,51,65,56,52,38,79,75,93,109,107,81,69,133,131,121,150,174,150,84,173,162,187,166,159,121,64,196,177,200,216,213,130,98,311,247,253,302,325,189,148,443,416,421,516,428,221,172,503,417,373,475,375,202,143,370,364,350,291,283,193,139,343,360,355,358,334,192,175,442,439,430,411,411,205,180,492,377,388,373,350,247,124,447,348,349,358,257,152,109,317,296,305,330,268,176,103,297,293,267,249,233,135,85,258,227,210,193,195,139,81,268,223,213,200,205,89,99,207,192,178,176,167,111,71,178,156,178,171,126,72,52,179,121,75,174,136,81,58,181,172,124,119,146,82,65,158,98,107,128,146,48,54,147,126,136,107,127,71,45,170,127,138,157,144,80,56,189,157,141,147,174,96,69,166,151,144,168,148,67,45,112,178,144,141,160,90,50,186,157,202,196,162,107,72,81,240,184,220,165,110,71,214,229,216,211,231,160,70,241,266,284,262,248,174,84,285,241,318,265,290,189,105,314,326,382,307,321,220,164,429,391,347,338,114,234,195,485,460,484,346,177,338,236,562,590,656,569,670,467,338,687,726,604,623,578,436,258,685,640,530,574,566,377,268,570,567,514,443,421,328,213,243,449,423,368,352,247,163,453,324,299,348,312,174,154,371,297,257,278,268,184,148,326,341,256,299,292,202,145,352,256,278,278,228,160,119,295,253,216,230,257,169,102,138,261,210,234,205,141,123,243,206,182,172,182,119,88,211,188,145,127,94,98,95,200,159,165,168,160,101,77,183,146,143,143,113,83,65,133,121,129,102,92,52,46,94,59,0
"22",2279637,"QUERETARO",0,0,0,0,0,0,0,0,0,0,0,0,0,0,0,0,0,0,0,0,0,0,0,0,0,0,0,0,0,0,0,0,0,0,0,0,0,0,0,0,0,0,0,0,0,0,0,0,0,0,0,0,0,0,0,0,0,0,0,0,0,0,0,0,0,0,2,1,1,2,1,0,0,1,2,3,0,1,0,3,5,2,1,4,2,1,1,4,3,1,3,1,0,4,5,3,3,2,3,1,8,8,3,7,7,2,2,5,2,7,9,10,1,2,3,10,12,6,8,12,5,10,11,9,15,26,26,19,47,34,29,41,49,28,17,46,61,42,37,38,22,12,52,38,36,31,37,27,21,39,50,47,46,36,30,28,53,43,39,33,42,35,22,59,46,44,40,29,31,17,51,40,42,39,44,24,21,60,50,52,64,32,23,33,55,76,64,66,59,48,32,87,60,92,73,80,47,32,84,75,74,69,56,49,37,85,85,87,78,80,48,31,99,91,73,103,84,43,34,119,92,97,70,101,61,53,101,83,119,93,92,50,30,140,136,138,113,105,84,60,147,163,107,111,123,57,45,110,113,108,67,92,35,40,106,73,32,84,75,56,44,118,108,118,95,88,48,39,131,110,118,128,110,59,45,121,111,117,133,165,83,75,203,211,195,223,206,114,92,297,234,181,229,202,145,109,277,241,214,219,197,164,106,268,251,288,299,288,180,201,298,342,371,327,270,188,229,136,329,352,301,374,214,203,493,445,391,440,382,247,236,421,411,456,422,360,270,234,404,415,389,447,528,224,214,482,395,448,416,336,179,164,433,341,487,309,170,181,189,488,411,329,326,208,241,243,665,491,640,688,630,297,241,705,680,657,675,528,323,264,835,690,673,673,663,296,202,664,664,588,555,395,228,208,183,457,468,439,384,213,138,406,382,301,291,275,145,118,372,313,320,329,322,198,122,365,413,331,352,300,166,156,449,307,330,322,311,128,131,356,296,354,285,242,140,112,125,298,246,207,221,113,98,257,235,182,203,153,79,56,188,118,184,108,68,81,74,238,217,181,161,141,78,52,167,142,109,112,110,48,43,143,140,130,103,102,46,39,112,47,0
"23",1723259,"QUINTANA ROO",0,0,0,0,0,0,0,0,0,0,0,0,0,0,0,0,0,0,0,0,0,0,0,0,0,0,0,0,0,0,0,0,0,0,0,0,0,0,0,0,0,0,0,0,0,0,0,0,0,0,0,0,0,0,0,0,0,0,0,0,0,0,0,0,0,0,0,2,1,0,4,0,3,4,2,5,1,3,4,3,8,10,10,7,7,3,22,15,24,11,14,9,11,35,24,28,11,23,20,23,23,17,21,31,34,47,25,47,44,36,49,25,32,32,45,44,39,34,32,71,31,36,28,42,41,28,20,23,49,38,27,40,22,19,13,48,37,46,40,48,40,25,49,32,43,49,47,26,22,45,63,44,38,39,23,28,55,51,58,55,51,33,52,92,64,65,68,82,38,54,109,92,82,103,137,64,66,175,150,128,155,130,76,60,194,161,174,171,155,88,77,194,188,151,149,139,72,68,181,153,175,151,154,65,60,186,146,156,122,127,66,71,137,127,111,107,99,40,54,141,92,99,75,76,47,55,108,73,66,77,83,27,39,120,74,85,79,65,30,49,95,79,67,51,53,28,27,83,70,48,46,30,18,15,67,41,25,57,56,35,31,77,70,55,56,64,33,26,100,54,60,61,59,20,19,85,57,20,49,59,27,26,49,58,50,46,46,19,12,44,55,31,38,30,23,19,37,43,52,24,46,23,13,35,41,32,25,31,16,17,29,36,27,24,35,15,12,13,31,44,21,44,14,13,57,55,54,50,63,16,15,56,64,59,57,43,21,19,59,44,47,36,70,23,22,68,82,56,58,54,28,24,83,82,45,40,15,57,35,63,84,89,60,24,49,50,100,143,105,119,117,58,42,115,178,114,95,99,41,39,93,115,99,118,130,110,34,133,117,87,120,106,63,23,37,89,80,75,76,22,17,64,65,42,43,36,32,18,71,66,46,51,55,30,18,65,41,28,42,38,16,21,54,46,33,42,34,19,14,37,31,39,34,40,24,17,35,62,35,43,37,30,22,64,56,44,36,49,29,21,39,47,46,30,26,30,35,69,61,58,61,67,47,31,81,60,82,72,69,60,58,93,86,102,73,75,49,26,72,50,0
"24",2866142,"SAN LUIS POTOSI",0,0,0,0,0,0,0,0,0,0,0,0,0,0,0,0,0,0,0,0,0,0,0,0,0,0,0,0,0,0,0,0,0,0,0,0,0,0,0,2,0,0,0,0,0,0,0,0,0,0,0,0,0,0,0,0,0,0,0,0,0,0,0,0,0,0,0,0,0,2,0,0,1,6,1,3,3,4,1,2,0,0,1,7,1,6,3,2,0,0,0,3,2,3,5,2,4,1,3,0,1,1,2,2,8,1,0,1,4,3,5,6,8,3,14,18,9,11,14,14,9,27,16,34,13,26,12,19,31,23,26,35,27,26,15,34,28,40,37,55,21,21,49,39,59,38,50,24,18,51,54,77,79,76,57,49,116,94,84,78,60,31,23,113,102,114,93,97,50,41,125,131,119,123,107,95,43,138,142,149,154,172,78,58,209,196,207,232,272,176,105,354,356,419,362,407,219,244,418,409,387,398,400,246,144,400,406,375,300,351,206,124,366,332,352,341,290,183,112,305,258,279,256,272,147,155,322,293,281,265,289,160,100,316,264,277,198,211,113,115,291,244,275,219,201,85,60,235,198,187,184,202,66,69,247,136,68,190,208,95,65,227,219,202,142,167,80,57,179,129,163,129,171,79,67,209,215,209,190,233,154,92,239,303,228,219,205,103,103,278,324,243,216,238,136,95,214,254,206,231,161,113,79,157,196,226,236,189,135,58,312,280,247,306,229,134,94,109,283,270,276,251,111,73,252,330,264,236,228,136,76,254,253,213,204,197,104,67,179,261,180,184,216,94,69,249,266,208,217,192,97,85,279,232,250,148,41,110,105,218,265,243,177,79,157,127,311,375,391,382,443,245,169,499,433,428,429,422,262,221,513,557,559,504,485,255,169,561,553,478,408,403,202,105,184,395,333,292,225,140,81,325,205,168,187,162,119,79,157,135,150,164,148,65,56,160,158,141,142,118,77,33,207,165,144,117,107,97,45,146,99,123,88,115,86,36,67,121,114,88,94,37,30,110,83,89,72,78,46,35,110,79,90,54,49,46,24,111,114,116,97,84,83,31,103,100,73,89,76,31,22,81,62,74,61,58,28,9,43,28,0
"25",3156674,"SINALOA",0,0,0,0,0,0,0,0,0,0,0,0,0,0,0,0,0,0,0,0,0,0,0,0,0,0,0,0,0,0,0,0,0,0,0,0,0,0,0,0,0,0,0,0,0,0,0,0,0,0,0,0,0,0,0,0,0,0,0,0,0,0,0,0,0,0,0,0,0,1,0,0,2,1,0,2,1,0,1,4,7,8,9,10,7,7,12,16,14,28,10,14,15,32,24,29,12,34,25,23,51,47,52,42,44,34,33,65,47,56,68,71,53,39,87,50,57,59,59,48,34,81,60,85,67,67,53,44,72,89,83,105,99,69,66,151,108,126,121,144,63,85,177,191,199,166,192,131,75,230,184,217,202,227,158,105,217,251,230,236,298,98,90,198,212,202,167,175,141,88,219,204,212,141,191,95,86,177,177,195,153,166,99,87,158,189,178,166,167,97,99,194,183,170,135,149,77,57,147,143,130,137,130,72,79,203,156,151,141,104,78,54,169,131,120,127,114,72,61,135,117,123,127,117,59,43,138,134,141,124,114,52,57,117,131,141,111,108,66,62,135,144,165,88,124,41,48,117,113,96,97,113,53,38,136,57,33,118,120,65,27,130,123,110,87,82,35,42,134,110,96,91,95,42,23,109,128,91,100,98,53,46,130,124,112,95,107,61,34,116,119,104,120,127,44,45,129,124,108,71,76,33,30,81,85,107,117,71,39,34,117,100,107,83,72,44,24,33,117,99,96,104,45,20,89,105,62,78,90,36,30,96,103,76,79,95,26,13,96,78,63,80,95,38,30,118,100,94,70,91,44,32,120,90,78,68,7,35,41,107,127,107,81,32,81,53,157,153,170,178,181,100,62,212,214,190,163,202,99,72,221,187,184,188,206,76,83,212,181,185,152,139,70,59,49,137,139,114,115,57,54,174,118,98,110,127,43,42,134,121,90,96,80,32,37,109,90,77,86,88,39,28,91,76,70,67,79,46,33,96,74,80,70,55,39,21,41,95,84,80,73,34,29,104,75,77,68,70,28,25,105,63,77,31,22,28,31,95,82,86,73,65,40,29,85,65,49,39,39,22,23,71,56,54,63,38,28,16,57,24,0
"26",3074745,"SONORA",0,0,0,0,0,0,0,0,0,0,0,0,0,0,0,0,0,0,0,0,1,0,0,0,0,0,0,0,0,0,0,0,0,0,0,0,0,0,0,0,0,0,0,0,0,0,0,0,0,0,0,0,0,0,1,0,0,0,1,0,0,0,0,0,0,0,0,0,0,1,0,1,0,2,1,0,1,1,0,3,5,5,1,6,4,0,1,5,1,3,2,7,2,11,14,17,7,7,6,4,18,9,15,17,15,14,7,9,15,22,9,21,9,17,36,29,25,41,37,32,26,68,65,46,45,55,53,29,79,77,113,86,107,69,63,172,158,157,183,160,136,107,240,282,237,270,216,148,126,245,246,257,249,262,166,120,290,305,272,282,275,177,147,297,318,335,280,308,199,169,363,367,351,387,346,206,195,409,488,457,469,465,221,270,577,547,512,443,428,265,213,618,500,456,393,413,210,191,415,293,295,325,360,188,190,404,447,424,435,357,176,132,382,352,389,323,314,219,152,313,277,259,243,296,100,86,291,294,232,262,255,193,70,262,276,291,184,217,128,53,244,243,156,130,197,91,56,172,214,207,142,131,74,63,216,137,91,177,146,94,32,167,204,190,157,152,76,42,208,212,181,179,173,58,52,219,185,141,131,108,71,54,144,190,175,166,139,68,76,212,158,166,184,158,50,52,230,142,130,118,149,43,42,139,219,178,226,151,68,84,226,226,254,223,192,77,62,126,291,251,261,278,110,91,402,350,353,319,284,126,104,338,383,372,336,305,186,180,474,388,435,340,382,212,137,452,453,416,389,360,241,164,475,435,387,223,98,273,203,561,502,481,342,119,248,190,511,516,388,401,358,188,179,490,329,310,331,259,184,147,473,297,283,314,278,160,91,334,211,215,202,230,112,78,106,261,203,180,189,85,48,164,164,187,144,112,67,37,127,112,103,117,105,42,46,127,95,90,78,85,47,41,105,111,94,116,116,68,54,111,145,131,114,122,48,41,47,152,96,97,93,55,55,128,110,126,107,122,43,36,143,106,99,37,50,37,47,138,96,114,125,109,54,23,138,111,76,101,83,43,45,100,77,119,79,86,40,25,65,33,0
"27",2572287,"TABASCO",0,0,0,0,0,0,0,0,0,0,0,0,0,0,0,0,0,0,0,0,0,0,0,0,0,0,0,0,0,0,0,0,0,0,0,0,0,0,0,0,0,0,0,0,0,0,0,0,0,0,0,0,0,0,0,0,0,0,0,0,1,0,0,0,0,0,0,0,0,0,0,0,0,1,3,2,2,0,0,3,12,3,5,11,1,9,10,11,9,15,21,3,9,8,13,18,11,16,20,28,30,47,39,44,58,50,42,74,85,67,63,71,46,41,60,60,49,84,57,52,50,88,72,97,104,83,53,66,118,89,115,128,147,85,83,124,109,163,144,142,100,85,175,209,220,221,171,105,74,206,160,182,190,178,136,111,294,296,319,277,362,181,108,312,317,311,326,296,195,108,281,277,289,319,262,203,152,395,409,407,419,344,153,142,336,385,398,430,348,220,204,443,458,459,411,453,237,210,453,470,398,436,441,216,206,470,404,411,350,353,185,126,284,259,282,292,252,111,91,265,258,196,215,217,116,84,201,200,253,171,192,83,81,151,192,206,221,206,110,81,188,208,184,120,148,74,79,155,138,77,124,126,93,86,153,135,51,161,137,67,55,129,132,145,121,110,48,69,143,122,93,59,70,50,45,86,108,60,90,113,60,53,107,90,97,70,85,42,40,70,73,75,77,80,36,36,84,114,115,78,22,40,34,42,111,104,114,83,53,32,142,112,101,125,131,59,33,42,142,113,127,134,91,60,144,148,188,131,163,92,98,189,178,202,194,168,104,95,261,300,328,282,266,180,176,286,277,297,268,266,167,155,315,329,305,268,25,190,49,381,353,288,247,37,234,60,390,395,349,371,385,211,62,451,347,321,329,317,180,44,443,365,317,332,355,240,74,427,307,267,249,222,129,48,178,250,264,221,224,119,25,251,231,202,184,157,76,28,207,171,168,146,150,66,37,208,147,145,161,120,65,23,221,145,157,147,183,69,27,176,165,158,142,142,69,28,50,171,132,147,131,46,28,190,133,129,108,129,49,21,165,165,112,60,41,62,62,199,142,132,152,135,48,43,201,110,180,129,113,52,34,225,134,174,143,143,79,52,137,44,0
"28",3650602,"TAMAULIPAS",0,0,0,0,0,0,0,0,0,0,0,0,0,0,0,0,0,0,0,0,0,0,0,0,0,0,0,0,0,0,0,0,0,0,0,0,0,0,0,0,0,0,0,0,0,0,0,0,0,0,0,0,0,0,0,0,0,0,0,0,0,0,0,0,0,0,0,0,0,0,0,1,1,0,0,1,1,0,2,1,1,0,0,1,3,3,4,5,9,1,9,3,4,10,7,3,5,11,6,9,15,20,17,27,36,18,11,26,20,30,34,28,41,34,30,42,37,19,33,31,26,44,37,49,47,34,29,22,43,53,45,37,67,52,19,65,52,65,77,94,70,40,126,117,109,71,86,67,50,141,102,94,104,115,87,77,141,131,178,135,238,145,121,257,300,212,220,222,208,131,343,303,306,387,446,226,173,495,385,437,376,391,215,192,431,475,423,415,338,241,144,438,520,480,491,437,272,230,451,420,405,360,408,249,97,318,328,354,274,214,186,85,328,290,253,270,304,217,118,313,343,234,236,229,125,87,249,231,166,191,263,93,67,186,162,189,168,178,77,90,251,254,251,246,226,119,66,225,207,182,161,164,76,38,164,138,53,154,131,66,48,186,182,117,124,144,67,50,166,157,127,108,84,69,33,147,127,128,101,97,62,36,125,153,106,97,106,55,41,143,218,155,128,137,82,73,184,173,97,96,106,52,38,108,136,115,130,113,62,70,171,150,121,110,129,70,57,85,226,222,170,170,82,73,175,173,148,140,161,78,65,154,133,129,148,125,55,54,155,168,140,166,175,98,87,218,240,239,192,220,119,83,267,264,224,165,49,117,98,246,309,271,218,89,131,104,344,313,392,390,400,196,152,318,395,359,318,303,185,115,375,378,325,309,345,159,114,353,320,254,278,186,106,87,106,179,189,181,163,64,73,171,170,123,143,123,40,27,42,73,77,73,72,40,31,103,92,105,92,84,39,32,109,99,97,79,69,48,31,112,81,84,60,82,33,25,37,92,69,57,67,34,15,74,59,64,57,55,19,23,67,61,57,21,32,38,29,86,77,74,58,78,29,29,83,77,65,80,72,19,26,93,76,86,68,40,30,22,63,32,0
"29",1380011,"TLAXCALA",0,0,0,0,0,0,1,0,0,0,0,0,0,0,0,0,1,0,0,0,0,0,0,0,0,0,0,0,0,0,0,1,1,0,0,0,0,0,0,0,0,0,0,0,0,0,0,0,0,1,0,0,0,0,1,0,0,0,0,0,0,0,0,0,0,0,0,0,0,0,0,0,0,0,0,0,0,0,0,1,1,0,0,1,2,0,1,1,5,1,0,2,6,8,7,6,1,6,8,3,7,7,5,9,6,3,10,9,12,8,12,15,20,13,14,24,10,16,9,16,7,25,16,23,17,20,20,17,36,38,42,21,37,30,25,42,51,42,50,44,28,17,59,37,41,45,47,40,25,65,45,59,55,47,34,28,69,57,65,52,55,26,31,64,57,76,56,49,33,32,67,86,76,65,90,28,49,86,95,81,104,92,28,50,75,99,60,85,81,42,33,72,102,105,100,102,54,56,100,80,88,77,95,38,43,112,89,92,85,75,45,20,79,81,76,62,62,34,19,85,56,67,73,48,34,17,74,56,44,76,61,32,18,88,69,68,37,50,21,20,47,39,40,48,54,45,26,39,40,27,31,27,18,18,56,36,11,56,24,20,14,38,46,48,28,21,5,10,28,38,34,22,20,14,5,16,22,20,24,26,18,12,31,44,31,14,30,17,15,26,35,27,29,32,19,10,34,27,28,25,22,15,26,33,36,29,23,40,19,20,37,46,35,42,45,35,15,33,71,68,40,44,22,22,31,30,26,25,37,22,16,48,46,39,32,40,32,12,89,49,47,67,64,34,24,108,109,104,75,102,48,47,117,109,95,70,31,64,37,125,138,130,112,37,89,61,180,197,152,158,137,108,53,220,176,162,162,156,81,64,186,156,182,141,135,77,60,123,117,147,123,95,53,41,69,125,111,123,130,58,72,99,81,72,72,95,33,36,71,59,56,41,53,27,19,72,45,46,51,60,22,17,51,53,51,40,47,25,11,57,28,40,59,58,38,30,39,84,42,47,47,23,26,81,72,54,59,31,12,14,39,29,27,18,18,18,11,51,55,41,38,20,12,15,39,33,32,13,25,8,3,34,30,29,18,24,17,4,12,2,0
"30",8539862,"VERACRUZ",0,0,0,0,0,0,0,0,0,0,0,0,0,0,0,0,0,0,0,0,0,0,0,0,0,0,0,0,0,0,0,0,0,0,0,0,0,0,0,0,0,0,0,0,0,0,0,0,0,0,0,0,0,0,0,0,0,0,0,0,0,0,0,0,0,0,0,0,0,0,0,2,0,0,7,5,2,1,0,4,3,2,5,2,1,1,4,2,9,6,8,2,2,6,11,5,13,9,14,9,15,13,30,40,37,21,20,36,46,31,52,52,48,32,70,74,78,68,69,66,62,96,110,109,123,109,79,72,142,128,132,175,194,134,91,168,154,186,183,180,121,108,215,197,190,178,190,138,116,239,188,200,237,214,117,107,222,226,232,212,199,143,141,357,315,250,272,291,182,155,355,301,303,317,333,185,193,352,377,400,359,385,178,198,401,454,408,389,329,245,226,480,453,537,417,401,246,218,519,490,433,409,443,219,246,468,378,355,331,315,171,170,362,308,300,259,281,126,119,319,252,257,246,206,120,111,272,256,216,174,174,96,102,256,233,230,192,175,110,102,249,258,256,203,196,89,89,197,225,212,174,184,80,86,205,75,93,234,176,74,81,267,177,175,177,142,55,74,213,131,149,135,119,64,53,189,159,129,136,146,47,61,176,144,146,126,107,50,45,182,112,84,120,100,46,33,152,120,118,95,89,32,40,106,117,81,122,90,45,35,145,141,107,112,89,42,44,44,142,92,103,84,41,31,149,114,97,119,124,52,49,164,94,109,78,91,39,44,117,129,113,133,102,59,50,171,166,165,130,112,62,53,177,160,153,107,42,69,77,259,232,189,159,58,129,118,327,333,309,275,299,153,182,336,319,273,359,327,194,175,344,341,307,327,323,175,138,325,313,255,238,230,105,105,123,252,221,195,161,86,84,199,199,160,149,133,85,58,156,142,138,132,106,54,41,146,123,105,99,103,60,55,153,93,98,114,108,51,52,119,92,96,104,75,50,43,68,124,100,63,74,38,46,113,109,97,81,59,39,27,68,65,72,38,30,35,28,77,78,80,80,64,23,27,76,67,59,70,49,46,23,86,67,52,59,67,24,17,31,24,0
"31",2259098,"YUCATAN",0,0,0,0,0,0,0,0,0,0,0,0,0,0,0,0,0,0,0,0,0,0,0,0,0,0,0,0,0,0,0,0,0,0,0,0,0,0,0,0,0,0,0,0,0,0,0,0,0,0,0,0,0,0,0,0,0,0,0,0,0,0,0,0,0,0,0,0,1,0,0,4,2,6,0,2,6,0,8,5,8,3,0,3,4,2,10,4,9,3,10,2,5,13,12,9,11,4,6,7,18,18,28,13,15,6,8,26,20,22,34,35,24,21,39,45,32,60,26,30,31,53,45,33,36,39,20,26,45,52,62,59,41,32,49,55,54,58,71,63,34,31,56,56,61,60,47,30,25,57,48,52,44,34,45,36,89,68,75,84,66,41,59,104,97,119,105,113,95,90,144,153,175,190,143,99,71,193,160,171,165,198,72,73,178,188,186,191,183,94,93,214,195,203,210,193,94,86,260,238,259,242,252,99,92,272,331,295,374,236,124,81,210,192,183,171,161,118,96,155,178,134,147,180,101,94,176,223,138,175,150,63,110,187,168,139,254,223,49,48,174,141,169,166,148,66,73,187,184,152,146,135,68,58,99,117,37,159,118,68,47,142,142,140,161,107,31,55,127,110,115,107,96,27,44,132,102,25,76,100,46,52,139,177,109,112,134,76,34,132,198,163,142,110,53,43,105,35,86,101,71,43,30,66,87,73,69,82,39,44,70,119,80,151,72,47,38,34,87,116,104,120,79,61,160,104,132,114,66,53,35,96,103,114,113,79,41,42,90,101,87,86,101,49,52,178,140,121,97,91,45,32,100,118,71,82,31,47,44,110,111,98,112,36,74,44,138,184,150,148,152,70,59,119,141,105,118,150,45,56,101,153,177,130,130,67,58,142,154,152,153,116,38,38,45,167,121,97,76,37,55,131,117,122,100,96,51,44,112,90,112,113,101,45,35,125,143,104,98,149,54,42,141,131,113,130,102,37,41,106,99,112,101,92,44,29,34,116,108,95,90,43,38,100,82,83,88,75,24,25,93,79,77,74,28,41,28,109,104,65,100,59,30,23,90,93,72,77,66,27,38,85,78,72,66,77,23,19,57,36,0
"32",1666426,"ZACATECAS",0,0,0,0,0,0,0,0,0,0,0,0,0,0,0,0,0,0,0,0,0,0,0,0,0,0,0,0,0,0,0,0,0,0,0,0,0,0,0,0,0,0,0,0,0,0,0,0,0,0,0,0,0,0,0,0,0,0,0,1,0,1,0,0,0,0,2,2,2,0,0,0,1,0,0,2,3,1,1,1,1,0,0,4,1,0,2,0,0,1,0,1,1,1,0,2,2,0,2,1,0,1,6,4,2,7,1,9,2,2,8,5,4,3,4,10,9,4,7,7,2,8,5,11,9,9,4,3,11,3,13,19,8,3,4,6,0,16,8,9,11,6,12,12,4,8,17,7,5,16,13,16,18,17,14,12,20,30,38,20,25,19,9,37,34,20,23,26,11,9,35,30,24,32,31,16,24,43,54,45,48,50,22,20,58,46,52,36,48,55,32,46,60,76,98,55,45,25,88,86,95,81,85,60,27,79,128,73,103,78,50,41,95,90,85,99,87,93,59,110,171,135,69,74,65,48,81,101,88,95,93,49,45,95,111,86,98,96,40,32,67,91,124,76,106,52,39,76,76,78,103,88,38,36,71,88,44,109,68,33,17,75,94,69,90,79,33,25,81,114,81,88,93,39,58,84,103,96,103,103,93,94,130,179,141,139,155,98,51,161,179,188,172,164,120,67,183,229,175,187,157,93,59,165,235,211,249,204,121,99,191,269,248,254,274,106,99,125,225,262,296,257,96,85,235,271,274,231,226,107,84,191,315,205,179,186,76,58,187,192,153,189,161,60,67,142,194,135,192,92,83,61,141,201,89,83,13,34,39,148,159,126,102,17,57,30,190,240,185,215,172,79,53,197,160,150,167,126,57,44,157,200,158,177,144,74,33,155,191,171,155,108,50,28,62,139,151,141,115,40,32,110,128,110,100,83,43,15,116,126,78,90,61,32,17,62,83,78,63,61,24,14,95,80,55,81,58,19,49,81,56,74,41,29,15,13,23,75,47,59,31,19,31,60,63,48,50,46,35,20,73,36,39,31,16,12,17,35,36,46,59,42,22,22,57,41,29,47,41,18,17,56,38,25,28,40,19,16,39,17,0
"000",127792286,"Nacional",0,4,7,2,4,1,3,3,4,3,8,7,11,4,3,2,4,1,6,5,2,5,0,7,2,1,5,1,3,0,7,4,3,1,3,0,5,0,6,6,4,0,10,3,4,9,13,9,4,7,3,13,5,6,11,7,2,5,8,13,9,10,5,6,8,5,15,39,40,65,51,38,73,103,118,151,131,82,68,162,221,176,220,256,183,154,336,306,364,338,374,240,244,604,496,558,456,543,446,452,911,893,943,962,1111,779,740,1455,1412,1358,1440,1666,1090,1034,1848,1886,1849,1830,1462,1398,1297,2564,2148,2317,2444,2462,1564,1466,3029,3003,3165,3147,3597,2206,1666,4113,3645,3987,4051,4053,2353,1945,4719,4375,4500,4273,4396,2775,2139,5374,4786,5005,4962,5088,3089,2414,6203,5804,5779,5430,5685,3184,2637,6612,6443,6146,6101,6107,3629,2538,6925,6593,6310,6309,6577,3720,3011,7537,7200,7677,7072,7085,3702,3035,7879,7941,7471,7085,7188,3914,3256,8900,8463,8846,8262,8030,4422,3455,9124,8654,8310,8077,8028,4196,3043,8482,8201,7668,7593,6734,3822,2530,7508,7400,7170,6698,6610,3669,2415,7226,6901,6478,6454,6212,3240,2316,6914,6711,6284,6019,6313,3143,2336,7047,6675,7073,6489,6385,3147,2202,7031,7133,6958,6287,6068,2881,2075,6392,6616,6082,5713,5514,2792,1893,6252,4331,2208,6375,5672,2786,1810,6284,6175,5807,5374,5282,2643,1801,6232,6001,5527,5285,5025,2426,1727,5829,5966,5708,5498,5718,3011,2169,6781,7142,6497,6500,6640,3329,2341,8223,8380,7409,7277,7255,3483,2459,8381,7940,7187,6867,6275,2999,2156,5125,8089,7619,7528,7087,3532,2622,8925,8884,8364,8139,7572,3893,2623,3287,9580,8717,8219,8301,4174,2740,10297,10238,9520,9552,9509,4826,2945,10828,11469,11338,11141,10832,5917,3098,12969,12931,12358,12637,12451,6812,3376,14260,13894,13267,12749,12467,6546,3752,14336,13750,12600,10308,2686,5839,4295,15718,15756,14467,11885,3294,6788,5118,17846,18622,18299,18698,18385,9741,5515,20629,19384,18292,18138,17261,9353,5158,19210,18745,17333,16840,16374,8568,4608,17865,17043,14964,14103,12338,6660,3630,4515,13374,11918,10924,10220,5182,2696,11538,9202,8554,7837,7634,3952,2119,8221,7725,6999,6966,6640,3373,1997,8470,7375,6698,6638,6748,3436,2047,8415,6752,6419,6114,5895,2964,1941,6834,5839,5379,5249,4978,2609,1525,2066,6574,5162,4878,4637,2378,1517,5784,5016,4439,4397,3965,2168,1268,5078,4225,3851,2016,1572,1529,1373,5337,4464,4209,4046,3823,2077,1164,4795,3967,3603,3540,3163,1592,1063,4049,3323,3325,2877,2645,1404,808,2721,1550,7
