cve_ent,poblacion,nombre,31-12-2019,01-01-2020,02-01-2020,03-01-2020,04-01-2020,05-01-2020,06-01-2020,07-01-2020,08-01-2020,09-01-2020,10-01-2020,11-01-2020,12-01-2020,13-01-2020,14-01-2020,15-01-2020,16-01-2020,17-01-2020,18-01-2020,19-01-2020,20-01-2020,21-01-2020,22-01-2020,23-01-2020,24-01-2020,25-01-2020,26-01-2020,27-01-2020,28-01-2020,29-01-2020,30-01-2020,31-01-2020,01-02-2020,02-02-2020,03-02-2020,04-02-2020,05-02-2020,06-02-2020,07-02-2020,08-02-2020,09-02-2020,10-02-2020,11-02-2020,12-02-2020,13-02-2020,14-02-2020,15-02-2020,16-02-2020,17-02-2020,18-02-2020,19-02-2020,20-02-2020,21-02-2020,22-02-2020,23-02-2020,24-02-2020,25-02-2020,26-02-2020,27-02-2020,28-02-2020,29-02-2020,01-03-2020,02-03-2020,03-03-2020,04-03-2020,05-03-2020,06-03-2020,07-03-2020,08-03-2020,09-03-2020,10-03-2020,11-03-2020,12-03-2020,13-03-2020,14-03-2020,15-03-2020,16-03-2020,17-03-2020,18-03-2020,19-03-2020,20-03-2020,21-03-2020,22-03-2020,23-03-2020,24-03-2020,25-03-2020,26-03-2020,27-03-2020,28-03-2020,29-03-2020,30-03-2020,31-03-2020,01-04-2020,02-04-2020,03-04-2020,04-04-2020,05-04-2020,06-04-2020,07-04-2020,08-04-2020,09-04-2020,10-04-2020,11-04-2020,12-04-2020,13-04-2020,14-04-2020,15-04-2020,16-04-2020,17-04-2020,18-04-2020,19-04-2020,20-04-2020,21-04-2020,22-04-2020,23-04-2020,24-04-2020,25-04-2020,26-04-2020,27-04-2020,28-04-2020,29-04-2020,30-04-2020,01-05-2020,02-05-2020,03-05-2020,04-05-2020,05-05-2020,06-05-2020,07-05-2020,08-05-2020,09-05-2020,10-05-2020,11-05-2020,12-05-2020,13-05-2020,14-05-2020,15-05-2020,16-05-2020,17-05-2020,18-05-2020,19-05-2020,20-05-2020,21-05-2020,22-05-2020,23-05-2020,24-05-2020,25-05-2020,26-05-2020,27-05-2020,28-05-2020,29-05-2020,30-05-2020,31-05-2020,01-06-2020,02-06-2020,03-06-2020,04-06-2020,05-06-2020,06-06-2020,07-06-2020,08-06-2020,09-06-2020,10-06-2020,11-06-2020,12-06-2020,13-06-2020,14-06-2020,15-06-2020,16-06-2020,17-06-2020,18-06-2020,19-06-2020,20-06-2020,21-06-2020,22-06-2020,23-06-2020,24-06-2020,25-06-2020,26-06-2020,27-06-2020,28-06-2020,29-06-2020,30-06-2020,01-07-2020,02-07-2020,03-07-2020,04-07-2020,05-07-2020,06-07-2020,07-07-2020,08-07-2020,09-07-2020,10-07-2020,11-07-2020,12-07-2020,13-07-2020,14-07-2020,15-07-2020,16-07-2020,17-07-2020,18-07-2020,19-07-2020,20-07-2020,21-07-2020,22-07-2020,23-07-2020,24-07-2020,25-07-2020,26-07-2020,27-07-2020,28-07-2020,29-07-2020,30-07-2020,31-07-2020,01-08-2020,02-08-2020,03-08-2020,04-08-2020,05-08-2020,06-08-2020,07-08-2020,08-08-2020,09-08-2020,10-08-2020,11-08-2020,12-08-2020,13-08-2020,14-08-2020,15-08-2020,16-08-2020,17-08-2020,18-08-2020,19-08-2020,20-08-2020,21-08-2020,22-08-2020,23-08-2020,24-08-2020,25-08-2020,26-08-2020,27-08-2020,28-08-2020,29-08-2020,30-08-2020,31-08-2020,01-09-2020,02-09-2020,03-09-2020,04-09-2020,05-09-2020,06-09-2020,07-09-2020,08-09-2020,09-09-2020,10-09-2020,11-09-2020,12-09-2020,13-09-2020,14-09-2020,15-09-2020,16-09-2020,17-09-2020,18-09-2020,19-09-2020,20-09-2020,21-09-2020,22-09-2020,23-09-2020,24-09-2020,25-09-2020,26-09-2020,27-09-2020,28-09-2020,29-09-2020,30-09-2020,01-10-2020,02-10-2020,03-10-2020,04-10-2020,05-10-2020,06-10-2020,07-10-2020,08-10-2020,09-10-2020,10-10-2020,11-10-2020,12-10-2020,13-10-2020,14-10-2020,15-10-2020,16-10-2020,17-10-2020,18-10-2020,19-10-2020,20-10-2020,21-10-2020,22-10-2020,23-10-2020,24-10-2020,25-10-2020,26-10-2020,27-10-2020,28-10-2020,29-10-2020,30-10-2020,31-10-2020,01-11-2020,02-11-2020,03-11-2020,04-11-2020,05-11-2020,06-11-2020,07-11-2020,08-11-2020,09-11-2020,10-11-2020,11-11-2020,12-11-2020,13-11-2020,14-11-2020,15-11-2020,16-11-2020,17-11-2020,18-11-2020,19-11-2020,20-11-2020,21-11-2020,22-11-2020,23-11-2020,24-11-2020,25-11-2020,26-11-2020,27-11-2020,28-11-2020,29-11-2020,30-11-2020,01-12-2020,02-12-2020,03-12-2020,04-12-2020,05-12-2020,06-12-2020,07-12-2020,08-12-2020,09-12-2020,10-12-2020,11-12-2020,12-12-2020,13-12-2020,14-12-2020,15-12-2020,16-12-2020,17-12-2020,18-12-2020,19-12-2020,20-12-2020,21-12-2020,22-12-2020,23-12-2020,24-12-2020,25-12-2020,26-12-2020,27-12-2020,28-12-2020,29-12-2020,30-12-2020,31-12-2020,01-01-2021,02-01-2021,03-01-2021,04-01-2021,05-01-2021,06-01-2021,07-01-2021,08-01-2021,09-01-2021,10-01-2021,11-01-2021,12-01-2021,13-01-2021,14-01-2021,15-01-2021,16-01-2021,17-01-2021,18-01-2021,19-01-2021,20-01-2021,21-01-2021,22-01-2021,23-01-2021,24-01-2021,25-01-2021,26-01-2021,27-01-2021,28-01-2021,29-01-2021,30-01-2021,31-01-2021,01-02-2021,02-02-2021,03-02-2021,04-02-2021,05-02-2021,06-02-2021,07-02-2021,08-02-2021,09-02-2021,10-02-2021,11-02-2021,12-02-2021,13-02-2021,14-02-2021,15-02-2021,16-02-2021,17-02-2021,18-02-2021,19-02-2021,20-02-2021,21-02-2021,22-02-2021,23-02-2021,24-02-2021,25-02-2021,26-02-2021,27-02-2021,28-02-2021,01-03-2021,02-03-2021,03-03-2021,04-03-2021,05-03-2021,06-03-2021,07-03-2021,08-03-2021,09-03-2021,10-03-2021,11-03-2021,12-03-2021,13-03-2021,14-03-2021,15-03-2021,16-03-2021,17-03-2021,18-03-2021,19-03-2021,20-03-2021,21-03-2021,22-03-2021,23-03-2021,24-03-2021,25-03-2021,26-03-2021,27-03-2021,28-03-2021,29-03-2021,30-03-2021,31-03-2021,01-04-2021,02-04-2021,03-04-2021,04-04-2021,05-04-2021,06-04-2021,07-04-2021,08-04-2021,09-04-2021,10-04-2021,11-04-2021,12-04-2021,13-04-2021,14-04-2021,15-04-2021,16-04-2021,17-04-2021,18-04-2021,19-04-2021,20-04-2021,21-04-2021,22-04-2021,23-04-2021,24-04-2021,25-04-2021,26-04-2021,27-04-2021,28-04-2021,29-04-2021,30-04-2021,01-05-2021,02-05-2021,03-05-2021,04-05-2021,05-05-2021,06-05-2021,07-05-2021,08-05-2021,09-05-2021,10-05-2021,11-05-2021,12-05-2021,13-05-2021,14-05-2021,15-05-2021,16-05-2021,17-05-2021,18-05-2021,19-05-2021,20-05-2021,21-05-2021,22-05-2021,23-05-2021,24-05-2021,25-05-2021,26-05-2021,27-05-2021,28-05-2021,29-05-2021,30-05-2021,31-05-2021,01-06-2021,02-06-2021,03-06-2021,04-06-2021,05-06-2021,06-06-2021,07-06-2021,08-06-2021,09-06-2021,10-06-2021,11-06-2021,12-06-2021,13-06-2021,14-06-2021,15-06-2021,16-06-2021,17-06-2021,18-06-2021,19-06-2021,20-06-2021,21-06-2021,22-06-2021,23-06-2021,24-06-2021,25-06-2021,26-06-2021,27-06-2021,28-06-2021,29-06-2021,30-06-2021,01-07-2021,02-07-2021,03-07-2021,04-07-2021,05-07-2021,06-07-2021,07-07-2021,08-07-2021,09-07-2021,10-07-2021,11-07-2021,12-07-2021,13-07-2021,14-07-2021,15-07-2021,16-07-2021,17-07-2021,18-07-2021,19-07-2021,20-07-2021
"01",1434635,"AGUASCALIENTES",0,0,0,2,0,0,1,1,2,1,3,0,0,2,2,3,5,6,0,0,15,8,7,11,10,0,1,12,9,14,8,10,0,1,0,9,15,4,8,0,0,11,6,4,8,12,0,0,8,8,4,9,2,3,2,11,7,5,6,3,1,0,6,13,13,8,7,1,0,4,5,10,7,7,0,1,0,12,15,4,6,2,0,8,7,7,33,31,1,2,30,32,21,45,25,5,4,19,10,8,2,0,4,3,15,15,10,10,11,3,8,13,21,22,14,14,8,2,7,18,18,8,2,0,8,16,6,10,16,9,3,3,11,11,3,3,6,4,2,8,10,10,9,9,2,1,15,18,11,13,14,13,4,18,15,20,10,11,15,6,18,30,15,12,14,3,3,26,11,19,12,18,4,2,17,20,18,17,19,2,1,25,44,29,31,18,2,5,58,28,42,46,24,1,2,30,24,31,27,22,6,5,30,29,33,33,29,2,11,45,20,38,30,36,5,6,49,61,20,30,27,0,2,47,49,45,38,34,1,3,46,40,37,41,27,3,2,30,42,55,65,51,2,12,61,68,58,35,46,4,8,51,35,26,28,21,18,1,37,7,16,36,41,13,7,35,22,25,23,18,14,8,28,57,51,22,15,8,12,43,40,18,47,33,8,19,67,58,39,29,79,1,10,76,77,40,42,57,0,5,54,65,112,59,41,1,1,39,41,50,47,38,4,7,69,59,45,55,49,5,6,7,60,46,46,48,8,2,55,66,54,31,34,3,6,51,62,64,66,49,9,44,86,98,162,152,86,8,21,43,53,49,25,22,0,5,53,35,23,22,7,11,3,66,39,36,41,9,33,9,49,72,30,55,87,15,1,53,52,46,44,43,15,8,56,42,29,28,16,21,6,46,43,41,38,31,9,9,12,60,43,31,22,5,5,46,12,29,25,21,1,3,46,28,25,19,11,12,14,26,18,15,21,23,0,9,20,21,17,29,20,2,2,18,17,22,19,4,6,12,3,16,15,12,16,12,7,9,8,8,9,8,6,4,9,10,10,1,5,7,1,5,5,5,7,6,6,2,4,6,7,4,4,8,2,5,0,1,4,10,2,5,5,5,4,0,13,6,1,5,4,5,11,13,3,1,9,6,11,11,12,3,5,16,17,17,18,6,6,4,14,10,13,1,4,4,2,5,4,30,1,7,5,3,10,11,4,10,11,0,0,10,17,12,11,16,5,2,12,11,13,9,10,2,1,10,12,14,9,11,5,3,12,12,11,13,12,6,3,17,14,19,17,22,7,8,30,2
"02",3634868,"BAJA CALIFORNIA",0,0,0,1,1,0,7,5,3,3,4,2,0,4,13,19,15,11,4,4,7,3,14,20,9,1,3,10,7,10,10,9,0,1,0,4,16,21,18,0,2,13,21,5,14,12,0,1,5,7,2,7,22,0,0,4,14,5,7,8,0,1,1,5,1,7,4,0,0,0,2,1,4,7,1,1,3,7,8,16,17,7,5,16,44,74,99,181,52,76,288,284,261,245,215,73,101,337,256,265,129,198,131,88,433,312,317,328,309,152,125,348,286,277,202,277,119,94,199,207,125,102,49,70,32,105,90,101,104,85,63,24,107,134,108,85,87,61,23,120,94,84,119,117,62,38,132,175,137,123,117,71,44,130,141,107,126,114,58,37,130,112,129,100,72,54,28,121,125,117,125,115,63,25,135,142,110,109,119,38,21,129,142,114,114,122,39,31,114,110,124,94,89,49,21,74,93,100,95,85,57,26,84,83,95,93,102,52,17,74,82,78,91,68,47,12,68,80,84,85,64,33,14,63,71,91,62,69,54,25,51,70,73,40,42,32,10,65,91,78,67,58,53,9,81,93,83,85,94,59,16,66,82,112,111,99,41,21,63,19,15,114,105,38,17,68,90,77,65,90,43,4,59,71,50,46,59,47,10,52,100,101,83,66,30,10,84,66,60,75,64,25,22,74,107,115,96,82,54,27,71,116,103,129,136,56,14,97,135,95,99,132,70,19,87,177,107,129,148,49,14,23,154,184,157,94,33,30,166,301,268,241,158,69,32,156,231,268,139,181,71,35,163,266,265,285,289,58,41,239,289,286,301,267,96,29,271,268,164,85,12,54,17,172,196,214,55,10,61,13,94,93,104,93,98,35,17,102,88,81,48,34,34,15,42,34,48,33,34,20,13,22,40,40,27,17,8,8,13,30,29,11,17,7,6,22,22,18,11,22,3,9,13,16,11,9,13,5,6,24,9,9,6,11,1,3,6,10,11,4,5,4,1,12,3,4,6,8,3,3,6,10,4,7,6,3,7,9,7,6,7,8,4,4,7,8,9,6,3,1,8,9,9,11,10,10,4,3,3,7,3,14,5,1,3,12,7,4,7,11,8,5,5,3,2,6,4,4,3,9,4,10,2,7,6,5,3,8,6,9,8,7,8,6,8,4,9,4,3,6,7,3,1,8,5,6,5,5,7,12,10,3,4,7,12,6,12,5,10,8,5,13,9,6,10,4,7,2,7,10,9,4,5,6,10,14,8,9,9,4,11,5,23,14,24,27,31,9,2,20,15,47,50,61,12,21,55,0
"03",804708,"BAJA CALIFORNIA SUR",0,0,1,1,1,2,1,2,1,0,2,0,1,3,2,0,0,5,0,2,1,1,2,2,1,0,2,6,5,5,9,4,1,1,0,6,8,4,4,2,1,4,5,7,5,7,4,4,13,7,4,12,21,0,0,7,4,5,9,11,2,1,15,10,13,8,16,2,1,8,7,7,21,19,1,1,1,20,14,14,13,1,1,4,3,15,3,4,1,1,4,10,11,10,12,2,1,19,9,13,2,6,6,6,10,21,8,13,17,1,0,16,2,20,4,17,6,3,10,3,4,4,1,3,1,6,1,1,3,0,0,3,1,2,1,4,2,0,1,3,5,4,4,2,0,2,5,11,2,3,2,2,1,4,2,8,8,12,1,0,7,4,6,8,1,1,4,7,3,3,2,5,1,0,9,5,6,4,4,8,2,9,5,4,11,13,0,2,2,7,7,8,7,5,0,9,8,8,6,4,8,4,8,17,4,8,7,4,0,7,6,33,24,11,6,6,12,23,8,16,20,3,2,13,11,4,10,4,0,0,10,7,7,6,9,4,0,7,9,15,3,6,3,1,6,5,5,6,7,7,1,10,6,3,2,5,2,0,6,12,3,14,0,3,1,4,4,4,10,1,1,1,8,8,6,6,3,0,2,8,6,11,9,16,2,2,4,7,3,3,6,1,0,4,10,7,7,8,3,8,10,13,17,4,10,3,2,12,13,10,6,13,2,2,1,1,8,5,7,0,0,0,10,38,6,20,3,0,4,3,3,11,5,2,0,12,2,6,3,7,1,1,5,10,17,5,6,0,0,7,3,11,7,4,3,4,15,12,8,12,2,1,0,5,6,7,2,4,5,2,12,34,7,6,8,2,1,11,13,19,8,23,5,5,9,21,20,11,18,15,1,9,12,5,21,6,1,0,2,6,20,6,7,3,1,8,13,3,6,8,2,2,12,7,7,4,3,0,1,3,5,3,5,1,3,0,2,2,1,1,0,3,0,1,2,2,1,7,2,0,1,1,3,2,8,1,0,0,3,0,6,3,1,0,3,4,4,6,1,1,1,4,16,5,4,3,0,1,4,3,3,2,1,2,0,7,4,13,12,1,2,0,9,12,13,10,1,0,0,0,1,2,2,5,0,1,1,4,3,1,3,1,1,2,1,0,1,4,0,0,48,22,44,6,18,2,0,1,0,2,0,1,0,0,0,5,2,0,2,3,1,5,0,11,10,3,1,6,9,2,11,3,1,4,1,7,4,2,4,3,1,2,8,21,4,4,5,0,6,3,5,8,9,13,7,38,24,1
"04",1000617,"CAMPECHE",0,0,0,0,0,0,1,0,1,4,0,0,1,0,0,0,1,0,0,0,0,4,0,2,3,0,0,0,0,1,1,2,0,1,0,1,2,1,0,0,0,1,0,0,0,1,0,0,0,2,1,1,0,0,0,0,0,0,2,0,0,0,0,0,1,1,2,0,0,2,0,0,0,1,0,0,0,2,4,1,0,0,0,2,0,6,5,8,0,3,8,15,5,4,3,4,1,6,11,4,1,2,4,6,17,6,15,6,4,6,3,13,7,13,7,15,12,15,21,14,12,17,7,9,13,12,11,9,12,13,6,6,14,23,19,19,15,7,5,17,17,15,11,11,8,6,19,19,17,15,9,6,8,15,12,7,10,23,9,9,28,23,19,25,20,9,0,30,33,44,24,31,28,10,57,43,64,55,53,21,18,55,52,59,87,42,42,16,46,73,40,75,42,17,22,53,49,41,46,40,39,15,48,31,25,49,28,26,9,15,28,27,25,25,7,3,27,20,13,14,9,5,1,19,31,19,7,17,7,6,7,8,8,8,5,3,0,18,6,5,11,25,6,1,12,11,15,8,19,0,2,11,12,12,5,14,11,2,7,7,1,8,8,3,2,20,8,16,20,16,1,1,11,4,6,6,6,3,2,7,5,7,11,3,1,1,6,5,9,2,4,1,1,8,3,3,9,2,11,4,6,5,13,8,6,4,2,2,0,7,8,14,2,0,3,3,7,2,9,0,1,4,3,8,5,10,1,1,17,6,6,7,44,2,0,2,5,6,4,8,3,0,6,5,2,4,6,0,4,9,5,8,13,10,2,0,16,6,10,6,0,1,3,9,9,21,7,0,1,5,10,4,9,8,20,4,1,14,5,1,7,14,0,0,9,6,9,4,11,1,1,1,7,15,6,7,0,0,1,6,11,5,13,3,4,11,7,9,6,6,1,0,6,5,2,3,4,0,2,3,1,12,6,10,1,3,6,2,8,12,8,1,4,3,6,8,4,11,0,0,3,3,6,3,4,4,1,14,8,10,7,1,1,1,4,3,2,2,2,2,5,5,4,8,5,0,0,0,2,1,1,2,7,0,0,3,3,2,5,0,2,1,3,4,1,11,4,0,2,3,1,0,6,0,0,0,4,8,4,4,7,0,0,7,1,7,9,2,1,1,6,3,2,4,2,2,1,8,4,11,3,6,1,3,11,2,1,8,4,1,2,18,22,17,14,10,3,8,18,13,15,11,14,7,4,23,9,14,9,9,15,7,14,19,13,10,13,6,4,9,9,14,21,29,7,26,59,0
"07",5730367,"CHIAPAS",0,0,0,4,0,0,3,2,2,4,0,0,1,2,1,1,5,2,0,1,4,4,1,3,2,0,0,2,2,3,6,4,0,0,0,4,2,3,0,1,3,0,4,7,1,0,0,0,0,4,0,6,0,0,0,1,1,5,2,0,0,4,7,15,17,18,7,2,2,6,20,20,4,7,1,3,4,8,16,19,7,0,11,12,9,19,15,7,3,10,12,33,27,22,19,15,10,32,42,65,44,19,17,16,18,31,37,25,28,17,24,39,41,31,62,40,23,23,29,24,30,26,16,22,24,31,51,59,35,40,38,51,53,56,46,64,78,70,55,86,94,78,77,66,53,50,103,89,78,117,75,71,66,129,121,153,140,153,101,114,257,242,202,253,222,107,157,334,313,264,277,223,192,140,371,348,728,1141,805,818,558,1066,817,486,416,334,179,212,299,296,286,233,231,155,173,155,159,184,178,148,69,99,127,98,132,122,332,84,252,121,213,216,125,279,62,49,112,100,242,235,146,82,43,175,64,145,135,115,34,24,157,175,105,105,63,21,35,86,116,89,40,43,25,42,111,98,83,96,65,44,23,85,71,74,60,67,13,35,36,50,53,20,46,36,16,77,73,82,73,44,19,19,40,57,30,53,31,13,15,94,120,110,53,48,24,24,135,103,105,50,57,23,47,92,128,98,52,56,20,53,135,109,79,84,21,22,10,55,91,69,54,44,17,18,63,39,39,61,25,5,20,24,29,62,75,65,17,33,105,73,57,26,44,20,24,106,56,82,39,74,44,39,66,58,61,31,42,22,21,121,53,53,54,30,30,43,86,38,67,17,31,42,43,98,79,84,42,28,29,40,105,65,117,118,72,52,60,92,131,115,104,83,54,97,206,124,106,82,54,66,47,144,101,97,103,85,61,78,84,83,71,80,150,95,72,149,121,111,112,89,40,51,119,85,96,116,64,54,37,100,69,50,49,31,28,40,55,86,69,66,23,20,15,40,21,32,38,15,17,28,42,56,57,22,19,18,7,18,27,31,32,19,20,16,48,24,27,31,9,19,12,38,28,28,21,20,20,41,64,63,23,25,25,33,25,46,43,39,30,29,24,32,56,52,63,50,25,36,39,69,32,44,44,29,15,17,67,49,53,47,39,28,16,57,64,43,61,44,47,30,55,47,58,73,97,28,28,40,48,30,41,57,56,42,84,89,40,48,25,31,25,53,48,41,26,49,42,92,84,92,70,68,93,54,36,93,69,96,80,57,44,24,121,69,78,99,111,86,62,197,222,204,319,189,102,73,98,0
"08",3801487,"CHIHUAHUA",0,0,3,1,1,0,4,2,1,6,0,0,6,3,0,4,1,5,3,2,5,4,6,2,7,4,1,3,3,2,3,2,5,2,4,0,3,5,4,0,2,3,3,4,1,4,0,1,7,2,5,3,0,0,2,2,2,6,3,2,0,2,5,10,2,2,3,3,1,1,2,1,2,1,0,1,0,5,8,4,7,2,2,9,9,11,11,9,3,13,29,35,49,29,32,31,14,29,33,30,17,12,36,15,38,45,42,52,46,25,18,67,52,49,29,25,10,16,20,26,29,12,16,10,8,14,14,10,11,12,6,7,13,20,20,13,10,13,3,5,7,19,7,14,4,4,14,6,5,4,3,6,3,8,5,4,3,4,0,6,11,3,3,2,3,4,4,2,1,1,3,2,4,7,2,3,4,8,8,3,5,7,5,9,7,2,2,3,2,3,7,6,3,3,2,6,0,2,1,3,6,1,10,5,3,9,3,2,1,4,6,4,4,3,0,3,2,6,9,4,3,2,3,6,5,9,15,5,4,4,9,4,6,9,2,5,1,8,5,12,9,6,4,4,4,9,10,4,3,2,4,6,15,19,6,5,4,4,8,15,2,19,5,6,7,12,10,8,10,13,5,4,13,18,18,15,18,13,7,13,35,30,23,25,14,8,31,43,30,24,37,21,12,24,37,31,18,27,10,12,40,24,30,29,11,12,8,23,17,25,28,18,11,9,10,25,11,18,15,14,8,10,8,19,26,18,8,6,12,17,18,25,19,9,5,34,18,18,22,20,14,4,16,41,13,25,34,13,9,45,20,15,13,20,14,10,28,23,23,22,3,15,8,15,12,13,6,4,7,7,11,13,8,16,9,3,7,3,7,7,6,14,6,4,7,9,10,4,5,10,3,5,11,8,6,5,0,2,1,6,8,13,9,2,1,9,9,11,11,6,0,3,4,10,5,4,5,5,3,4,2,6,5,8,2,2,7,10,12,8,6,0,8,12,2,4,5,3,2,1,2,3,14,4,1,3,6,6,4,8,4,8,0,3,5,3,4,10,1,1,4,3,6,6,7,8,1,4,13,13,16,11,13,4,4,6,6,6,5,4,5,6,5,3,3,6,4,4,5,8,2,3,9,7,3,1,5,0,13,5,7,3,2,3,1,4,4,0,0,4,3,3,0,1,2,0,1,2,5,0,3,3,0,1,2,13,2,0,1,4,0,3,3,8,2,3,1,2,1,2,1,4,3,1,2,6,5,2,6,2,1,3,1,5,8,3,5,7,5,7,15,10,21,13,10,10,34,0
"09",9018645,"DISTRITO FEDERAL",0,4,8,15,6,11,20,31,31,35,19,11,9,30,36,36,27,34,19,10,37,15,16,23,14,13,14,26,18,18,28,15,1,8,12,33,17,30,11,8,16,22,12,7,14,11,5,10,23,21,21,16,19,1,13,22,33,25,18,19,3,9,41,28,34,28,22,5,3,18,35,34,32,34,14,22,32,63,71,35,40,31,40,90,71,108,138,151,103,78,149,170,163,153,163,97,79,134,178,168,116,124,89,72,187,158,172,164,220,168,133,258,203,259,239,267,185,180,291,274,240,197,226,130,98,209,163,223,266,235,146,96,258,222,183,194,247,156,109,230,151,200,180,155,107,91,219,192,199,157,190,87,100,207,162,201,218,166,121,75,177,177,175,165,156,114,88,173,173,169,187,141,104,57,125,127,123,175,167,70,80,183,157,179,134,182,110,46,140,194,135,106,155,54,33,142,156,164,173,178,71,42,192,175,129,158,130,57,47,140,148,143,161,147,63,21,121,118,97,103,162,41,27,116,144,148,137,100,68,24,127,108,129,77,135,60,42,108,120,150,152,135,64,42,131,153,128,136,100,114,38,146,127,150,159,142,83,31,117,70,32,132,158,53,33,136,149,140,131,128,84,37,130,177,154,138,140,107,49,145,163,161,236,160,103,67,193,226,196,130,170,83,60,202,210,188,210,244,129,54,273,304,284,297,288,151,46,113,266,284,349,262,103,57,254,370,258,590,291,199,110,84,685,385,328,436,238,104,221,249,267,182,172,200,69,320,247,312,311,242,140,82,253,215,246,241,226,174,74,331,383,393,311,394,210,129,342,379,380,212,86,141,79,259,242,258,157,106,125,80,254,232,167,471,404,277,102,237,602,278,208,223,132,89,312,321,311,325,265,385,78,165,751,316,191,291,176,88,77,499,161,194,286,214,75,233,433,165,167,244,81,77,205,202,409,180,225,76,60,168,183,224,167,154,75,39,214,302,169,459,259,202,53,110,131,99,167,488,107,65,60,149,365,201,142,148,84,286,207,130,258,104,85,41,120,115,401,68,60,52,47,104,95,151,110,116,67,35,168,71,283,71,150,102,21,108,104,74,73,123,68,29,89,82,148,66,80,42,36,66,111,124,93,52,38,21,73,64,69,118,63,44,28,71,115,82,66,98,32,30,79,73,50,39,82,29,12,62,207,53,27,62,26,15,91,71,58,34,60,42,36,47,65,80,51,40,35,26,78,125,71,98,95,41,43,91,124,129,104,111,80,44,128,136,173,156,103,68,44,175,136,274,906,1295,650,397,2000,14
"05",3218720,"COAHUILA",0,0,0,0,0,0,3,2,1,3,3,1,1,4,6,5,1,9,0,0,14,10,9,16,7,0,2,23,17,19,21,11,1,0,0,25,21,20,19,1,1,24,22,18,16,13,0,0,32,18,13,16,14,4,4,10,10,9,7,10,0,0,10,10,7,9,4,1,3,11,10,7,1,8,1,0,0,13,10,10,15,4,3,6,17,24,48,66,16,26,44,43,49,58,48,19,25,74,55,55,29,25,14,10,60,32,40,63,54,19,15,51,38,29,39,28,15,10,16,12,13,7,4,2,5,4,9,5,6,13,7,2,12,11,8,4,14,7,9,19,5,13,7,20,8,7,9,16,12,10,63,10,9,21,38,19,12,14,8,10,36,43,28,23,23,10,6,48,19,31,39,34,9,8,40,57,35,47,61,25,11,46,50,71,63,35,29,8,70,65,37,30,26,15,16,38,36,27,35,19,14,8,74,43,48,31,51,37,23,37,35,41,27,26,14,14,30,44,79,35,40,31,8,47,46,40,36,59,29,16,33,45,30,37,80,27,24,35,25,35,27,20,14,14,30,46,36,35,34,13,14,37,30,35,22,33,7,6,21,23,7,29,22,10,4,27,27,26,15,18,29,7,33,26,14,40,52,23,11,36,47,24,36,50,38,3,46,48,53,40,43,14,5,46,45,58,48,76,33,16,80,80,123,71,144,54,15,68,49,66,75,81,33,10,80,77,90,97,58,48,13,21,52,75,91,65,65,61,31,43,81,67,156,122,12,48,82,64,100,91,6,17,59,57,91,153,83,32,6,57,54,59,51,95,13,12,68,116,119,26,8,10,16,62,75,66,54,9,43,18,76,111,91,78,83,24,17,55,97,70,87,76,49,15,43,114,20,50,44,30,17,173,31,30,26,20,8,4,11,30,25,23,20,13,8,26,56,17,25,31,6,13,25,45,30,12,24,16,2,25,17,13,11,7,1,3,19,7,7,17,19,4,1,21,13,28,7,18,0,0,9,5,7,4,14,1,0,11,18,16,14,13,2,0,15,11,4,0,1,3,0,5,13,10,10,5,3,1,3,7,6,6,13,6,0,11,8,14,11,10,3,0,8,16,6,5,7,0,0,14,7,5,4,5,2,0,0,5,3,5,3,1,0,3,4,1,4,5,2,1,6,1,4,3,0,2,0,13,4,5,10,8,2,2,5,2,2,0,7,0,1,6,5,6,3,0,0,1,5,9,4,4,12,9,1,5,0,2,1,7,3,2,4,8,10,12,5,7,6,9,9,7,22,72,31,31,106,0
"06",785153,"COLIMA",0,0,1,1,1,0,2,4,4,0,0,0,1,2,1,1,1,4,0,3,1,5,7,3,1,0,0,2,6,1,1,1,0,2,1,1,4,3,0,0,3,2,4,3,3,6,0,3,9,2,6,12,5,0,4,7,7,6,3,2,0,2,7,8,1,6,3,0,5,3,2,7,3,3,0,0,3,10,3,5,3,4,3,7,7,11,19,12,10,5,24,27,20,29,23,17,14,25,25,17,13,8,14,8,26,16,15,16,19,13,8,30,21,8,11,4,1,4,2,6,4,0,1,2,1,1,2,7,4,4,2,2,2,3,2,0,4,0,5,2,2,9,3,3,1,0,5,2,3,3,2,0,0,4,0,5,0,0,1,3,3,2,3,1,4,2,7,6,6,2,1,3,3,1,4,3,4,4,1,4,7,4,3,6,8,7,1,1,7,5,8,10,7,0,11,4,16,3,3,4,10,13,4,4,6,2,9,5,3,3,14,2,4,5,4,3,9,4,1,1,8,17,4,7,6,3,2,3,2,9,4,3,1,3,2,1,4,4,7,2,5,3,2,5,9,13,11,18,9,7,10,23,15,6,5,12,1,4,6,7,3,5,12,6,3,8,10,8,5,6,6,4,4,8,11,9,5,2,9,5,8,5,2,4,4,1,6,8,7,4,3,5,4,2,5,3,5,4,0,6,4,3,6,2,4,1,1,3,17,5,5,2,0,8,7,1,3,3,0,0,0,5,5,4,3,5,1,2,2,2,3,2,2,0,1,3,2,2,3,1,0,0,3,1,1,1,3,3,0,1,6,4,1,2,0,1,2,4,2,7,0,2,2,5,2,0,1,0,0,1,3,6,3,3,3,2,2,3,7,5,17,16,2,2,24,9,14,5,13,0,23,9,6,6,2,4,4,0,4,6,2,3,0,0,3,0,3,1,2,0,0,2,0,3,1,0,1,1,0,0,1,2,0,1,1,0,0,1,2,0,0,0,1,2,3,0,2,2,0,0,3,0,3,1,1,0,2,2,1,0,1,0,0,0,1,0,0,0,0,1,0,0,1,3,0,0,0,0,2,0,0,0,0,0,0,0,0,1,0,0,0,0,1,0,4,0,0,0,0,0,0,2,2,4,0,1,0,1,0,1,1,0,1,0,0,0,2,0,0,0,0,2,0,1,0,1,3,0,0,2,0,0,0,0,1,1,0,0,0,0,0,0,1,1,1,1,0,0,0,0,0,1,0,0,0,0,0,1,0,1,0,1,0,0,1,1,0,0,2,0,3,2,2,4,5,5,40,1
"10",1868996,"DURANGO",0,0,0,0,0,0,2,1,1,1,5,1,0,1,5,0,6,5,0,0,5,6,4,10,5,0,0,4,4,3,6,5,0,1,0,6,12,4,7,0,0,9,8,7,7,3,0,0,8,9,3,9,5,1,1,5,5,5,2,5,0,0,6,12,1,2,3,0,0,6,5,0,4,5,0,0,1,1,5,7,4,0,0,3,2,1,7,11,2,3,27,8,19,8,4,2,0,10,6,5,2,1,0,0,9,5,7,2,10,1,0,4,11,11,7,8,2,5,4,11,3,5,1,0,0,2,4,1,4,4,0,0,2,6,7,6,2,2,0,9,5,2,5,3,3,3,2,4,8,5,12,2,5,4,5,13,12,3,1,3,13,5,10,11,4,3,3,16,11,7,6,1,2,0,8,4,34,85,93,23,76,4,10,5,5,6,2,2,5,6,11,13,7,2,3,13,9,14,6,5,4,3,10,17,14,8,5,3,3,21,25,25,6,15,4,1,3,9,6,11,15,2,0,6,15,6,7,14,3,17,11,6,9,12,13,1,2,8,8,6,2,12,1,2,14,17,11,22,16,2,3,14,9,15,12,15,1,1,11,2,0,16,9,3,2,13,18,8,9,10,2,2,16,13,4,5,8,3,2,14,15,12,12,12,3,1,18,17,18,13,8,3,2,22,24,28,24,42,41,4,23,17,40,21,26,1,4,18,18,35,26,30,6,5,63,32,37,32,37,10,3,5,16,22,17,49,2,0,35,31,70,15,15,3,6,35,17,15,37,40,0,0,29,31,11,16,5,5,1,12,9,12,21,41,0,0,18,24,8,2,0,2,2,9,10,10,10,0,2,3,9,23,17,18,19,3,2,7,16,18,14,5,2,6,61,42,32,22,16,2,2,12,15,86,10,4,0,3,1,14,8,8,4,0,5,5,8,5,10,2,1,5,10,12,4,2,3,1,7,7,15,2,2,4,0,3,3,8,2,3,5,2,1,4,2,6,5,5,4,1,5,5,5,12,4,2,2,6,6,0,2,2,1,1,4,4,2,3,5,0,0,4,3,5,4,4,1,1,9,3,9,8,3,2,1,3,7,2,7,1,0,4,10,5,27,7,3,1,0,7,9,1,12,6,4,5,5,1,2,5,4,1,1,2,2,5,2,3,0,1,3,0,1,1,2,1,1,2,1,1,0,2,0,1,0,1,1,0,6,0,0,2,1,1,2,3,0,1,1,0,2,1,0,0,0,0,1,3,1,1,1,1,4,4,2,4,6,3,1,7,5,7,29,69,20,24,143,0
"11",6228175,"GUANAJUATO",0,1,4,6,1,6,3,8,2,7,5,6,3,11,6,4,14,17,5,6,17,22,12,10,14,8,9,19,26,19,22,19,8,5,29,34,13,19,24,4,14,24,31,33,29,10,18,19,36,40,41,28,52,14,17,58,52,46,29,34,8,12,41,33,33,34,37,1,12,26,32,34,36,27,4,5,16,38,25,28,23,4,9,17,27,25,35,49,7,17,44,60,92,38,24,15,16,36,15,32,17,9,8,14,29,28,25,27,24,8,5,21,24,24,18,10,5,6,17,28,12,12,7,5,9,8,8,4,8,13,3,2,25,12,26,15,20,5,5,29,18,31,13,38,10,5,9,19,8,19,17,9,4,21,23,19,25,26,7,8,21,28,36,23,51,12,11,39,31,23,44,53,14,7,34,44,49,56,98,32,32,71,60,60,81,82,33,19,49,49,56,54,54,15,9,62,61,45,65,57,8,13,52,48,43,45,113,33,16,56,33,63,121,100,9,7,53,74,44,53,38,11,9,29,52,41,28,47,23,7,26,26,31,22,38,13,1,26,28,39,31,32,32,6,32,37,48,42,30,13,12,30,54,39,23,39,9,3,32,13,5,38,41,2,6,20,6,4,18,13,10,7,10,18,13,19,15,31,28,44,62,43,19,26,23,18,35,24,27,29,20,8,18,24,22,31,36,22,38,15,48,65,26,32,38,20,16,35,54,20,26,21,15,21,57,42,63,63,35,29,30,16,67,41,19,56,34,25,26,59,40,55,64,30,31,47,47,47,74,80,43,21,55,43,69,60,55,29,17,67,85,110,143,126,32,17,145,127,124,68,12,46,41,102,187,66,45,34,38,22,115,134,91,121,110,46,31,133,70,93,88,76,57,48,165,189,225,143,155,49,23,192,292,197,156,147,22,28,26,88,97,45,52,34,20,50,32,36,29,57,20,18,45,37,35,37,23,3,16,42,24,17,18,29,8,17,39,18,9,19,18,7,6,24,21,21,21,14,5,2,7,18,20,10,10,3,6,15,15,12,14,38,6,7,14,17,9,5,2,2,3,17,6,21,26,8,5,1,8,7,16,11,8,2,2,17,13,13,10,8,3,4,7,15,20,5,4,0,1,2,1,10,10,4,2,2,1,10,3,3,4,0,1,6,7,5,4,2,0,0,7,8,2,6,2,0,1,6,6,3,8,6,0,4,23,5,2,9,2,2,2,9,10,6,3,4,0,0,8,5,6,29,6,4,3,9,3,3,18,8,3,3,9,16,7,6,9,3,9,13,22,18,19,56,17,18,348,4
"12",3657048,"GUERRERO",0,0,0,1,0,1,2,1,1,3,0,0,0,0,0,6,1,1,0,1,2,1,1,4,2,1,0,1,3,1,0,1,0,0,1,2,3,1,2,0,1,2,0,1,1,0,0,0,1,1,0,0,3,0,0,2,1,9,2,6,0,0,4,1,6,3,2,0,2,2,6,0,1,0,1,0,0,4,2,1,5,0,0,5,4,5,17,25,0,5,25,26,17,26,34,4,1,14,21,17,4,7,7,1,8,11,9,12,9,3,8,18,13,12,4,3,3,4,2,11,3,9,1,1,5,12,12,6,4,5,5,1,8,3,8,4,8,1,2,6,8,6,16,12,3,5,11,14,17,10,14,12,4,8,33,28,22,16,15,5,25,22,18,20,22,14,13,20,15,15,12,16,4,6,7,12,12,11,9,4,6,17,20,55,41,20,4,4,11,22,18,8,8,2,2,9,14,5,5,15,0,6,2,4,5,6,8,3,1,10,13,6,5,2,1,2,8,6,14,5,8,3,0,7,4,6,4,2,0,0,2,3,5,5,2,0,0,3,8,7,7,1,1,2,3,1,2,6,4,0,2,7,3,7,8,2,2,0,15,10,2,11,9,7,2,3,2,3,2,4,2,4,7,6,3,0,1,1,1,11,8,6,6,6,6,3,9,11,8,10,5,0,3,9,4,6,4,0,0,1,13,12,3,9,1,2,2,1,3,5,7,2,2,1,6,7,1,6,4,3,1,0,5,2,3,4,0,4,6,11,6,3,3,0,1,5,3,4,18,17,1,2,7,9,8,3,5,4,5,3,8,11,5,2,4,1,16,16,11,15,1,4,1,9,25,9,14,1,4,0,5,4,10,6,7,8,1,8,7,11,2,3,5,5,10,6,6,5,4,4,5,8,3,4,8,7,5,3,5,9,6,1,4,5,3,7,14,4,4,4,2,4,1,2,1,2,3,3,2,5,1,1,3,8,4,5,5,3,8,6,1,2,1,2,2,5,2,4,3,1,3,6,6,4,2,1,2,3,1,1,5,2,0,2,3,2,3,2,2,4,1,4,0,2,3,0,1,1,2,4,2,3,2,1,0,0,0,2,1,2,0,0,3,3,2,4,2,2,0,2,2,1,2,1,1,1,1,3,2,1,2,0,0,3,3,1,0,2,1,1,6,1,0,2,2,0,1,0,0,1,1,1,0,0,0,1,1,2,1,2,0,1,0,4,0,1,1,0,0,1,2,1,0,2,0,1,2,1,0,1,4,0,2,4,5,2,3,2,2,3,8,27,112,118,56,47,91,0
"13",3086414,"HIDALGO",0,0,3,8,2,3,3,8,8,0,10,2,11,9,7,6,12,13,4,0,12,11,13,9,18,1,2,7,19,10,9,4,1,0,1,8,9,6,6,0,0,4,2,7,3,5,4,1,7,6,5,12,10,4,7,9,8,13,6,10,11,0,4,10,12,8,5,2,1,8,4,15,8,7,0,2,3,16,11,10,6,0,1,6,7,14,3,5,0,1,13,10,16,7,12,1,1,6,19,8,4,2,0,1,14,10,8,10,12,7,11,6,6,15,12,20,4,3,16,11,14,6,6,8,2,6,5,5,9,7,5,2,4,7,12,11,11,3,5,17,8,10,14,19,3,4,10,12,9,13,11,3,6,14,14,12,14,8,6,11,19,10,10,8,11,12,8,13,12,17,19,9,9,5,15,14,11,12,13,19,5,20,18,12,21,9,3,7,13,10,17,11,17,5,2,16,10,17,14,10,13,9,14,13,22,10,4,16,11,14,8,21,15,8,6,12,21,12,11,12,9,12,7,17,6,16,27,16,12,11,19,14,18,17,15,2,7,19,19,27,22,9,4,11,11,15,20,18,7,9,10,16,26,21,11,18,4,10,12,15,8,15,17,6,10,24,11,17,23,13,10,8,16,17,6,9,18,2,12,11,19,12,21,28,9,9,25,28,39,32,25,11,13,24,42,30,31,15,23,13,48,26,39,20,48,7,10,24,19,22,26,29,10,7,24,31,29,21,17,6,13,9,21,34,31,22,13,14,32,25,33,23,28,3,23,18,34,45,37,34,18,5,47,36,49,36,33,7,8,31,44,49,43,37,26,30,21,31,56,27,19,28,25,34,29,35,25,11,30,29,42,28,30,34,19,20,20,30,62,39,37,31,24,26,43,28,35,26,35,11,28,38,45,35,26,25,9,11,11,28,17,13,14,16,6,13,33,12,18,10,4,8,8,16,14,20,4,8,8,21,21,14,15,12,10,3,11,8,12,10,8,6,2,8,9,12,10,9,4,0,9,12,7,12,5,5,6,18,13,16,8,4,5,3,9,3,15,4,3,5,6,2,13,7,7,5,6,10,8,7,12,13,12,5,6,5,1,12,9,6,6,5,5,5,7,5,6,7,4,8,5,13,10,12,2,4,2,18,5,10,6,2,5,8,4,5,5,5,1,2,9,2,2,6,5,2,6,3,9,3,8,5,4,4,6,7,2,8,2,1,1,6,2,5,4,3,0,4,3,6,4,3,2,4,7,4,6,6,3,7,3,1,9,6,6,10,6,3,8,14,14,21,18,34,11,23,79,1
"14",8409693,"JALISCO",0,0,3,9,2,3,14,15,18,20,19,4,0,25,33,41,67,55,4,13,53,61,67,54,67,7,8,70,77,54,59,35,3,4,2,74,49,51,31,3,3,53,44,27,43,29,4,7,26,28,30,24,20,0,0,20,19,15,19,19,8,4,15,19,14,18,9,0,1,20,17,12,17,19,4,8,10,27,26,21,19,5,10,26,37,47,82,157,42,16,190,210,230,152,184,61,42,104,96,85,32,29,40,37,85,76,65,71,59,33,33,75,65,58,30,32,14,21,37,40,17,33,13,16,6,25,22,18,12,10,15,12,20,41,36,22,27,12,12,28,28,43,28,25,15,14,33,27,45,30,38,22,21,49,62,57,48,42,22,18,71,67,81,54,53,21,24,52,61,68,64,56,29,34,65,78,69,53,70,29,30,84,66,65,63,45,31,32,90,69,53,87,80,27,28,90,76,66,70,60,48,28,94,124,85,90,87,29,24,107,72,51,62,36,22,17,60,92,71,48,62,24,16,108,73,83,68,60,28,19,70,51,52,60,60,17,12,77,63,59,64,69,25,12,74,76,69,56,56,16,8,63,51,46,73,67,26,16,48,39,17,44,51,21,17,91,56,50,71,62,16,9,64,112,62,53,37,17,18,81,78,73,81,71,24,17,59,67,64,45,61,19,15,62,55,55,58,68,21,13,68,38,42,59,61,18,13,45,49,69,49,50,16,11,66,55,41,57,54,11,18,14,85,51,56,60,14,13,94,50,58,67,73,27,15,49,84,65,58,77,16,17,65,95,61,105,97,27,12,77,75,66,96,63,19,14,56,53,54,25,17,14,18,73,62,72,50,18,30,15,81,106,117,116,96,79,29,148,149,84,84,88,14,34,113,104,74,73,48,48,40,107,95,127,131,91,19,40,72,116,104,81,43,26,47,96,49,54,37,25,15,13,30,23,31,19,26,12,8,35,21,20,22,6,7,13,19,15,14,17,24,7,15,23,9,10,11,5,0,4,6,13,13,7,17,5,4,8,9,8,4,11,7,18,22,4,10,6,12,2,2,8,10,8,14,7,6,5,14,8,10,8,11,9,5,8,20,4,7,7,13,1,23,3,8,9,4,0,5,6,8,9,13,1,6,2,5,6,8,5,4,1,4,9,2,6,5,4,0,2,7,6,6,8,7,0,11,7,6,6,6,5,4,5,21,7,8,3,6,3,2,9,7,9,4,5,2,3,7,8,6,5,10,4,2,8,12,12,7,6,4,6,10,16,21,15,15,17,11,28,28,41,32,56,64,99,207,1
"15",17427790,"MEXICO",0,2,12,11,4,3,13,13,11,8,9,9,7,12,16,28,14,8,0,4,11,17,9,9,6,4,5,15,4,9,5,8,0,0,1,18,10,10,10,2,2,9,6,10,5,5,2,0,5,3,4,5,5,0,5,9,10,18,8,10,6,16,52,28,48,31,30,18,14,39,35,35,33,33,24,22,56,88,73,81,48,42,24,57,47,106,101,145,62,85,167,174,162,161,170,90,67,155,157,140,93,104,94,90,208,157,145,193,196,134,141,217,186,168,199,240,151,138,237,255,225,197,177,151,140,300,299,458,491,421,217,203,316,254,184,209,235,167,149,232,220,244,220,221,123,138,228,247,213,196,185,143,132,267,213,267,245,219,123,112,248,220,255,240,242,131,131,232,303,236,235,244,146,85,192,165,259,214,229,88,87,281,325,330,362,469,111,143,427,434,440,438,565,80,97,396,383,441,253,226,93,72,353,247,351,320,250,79,64,287,179,222,248,267,91,64,246,221,235,289,279,130,62,201,280,307,282,305,138,104,282,293,247,290,228,62,120,232,253,223,318,278,119,48,262,244,290,232,344,122,50,305,212,243,304,215,58,41,277,202,39,312,342,124,31,315,299,307,346,288,116,59,372,339,321,253,236,126,40,153,195,189,177,189,108,24,241,204,193,203,179,140,29,151,189,236,165,158,70,35,249,216,222,189,137,91,52,81,158,209,177,159,126,34,202,185,182,203,160,158,47,58,202,241,180,154,107,45,183,159,162,166,131,108,50,217,181,196,183,186,118,58,219,208,182,168,201,137,72,243,237,248,256,208,123,83,231,227,218,154,55,146,80,143,183,188,133,65,113,73,189,183,157,257,212,105,95,179,260,170,129,151,89,72,190,209,202,159,194,140,63,139,278,156,141,119,95,72,48,189,133,105,160,89,47,134,199,86,77,74,37,34,71,84,168,66,78,35,38,80,81,84,58,65,38,26,46,45,59,138,66,75,23,55,68,42,48,136,49,30,42,78,131,64,59,57,23,103,59,43,79,64,54,29,46,70,138,70,35,34,26,66,49,72,34,52,51,43,57,48,109,65,76,75,32,43,36,46,31,42,66,51,39,53,54,61,97,24,28,28,102,47,36,35,33,26,48,38,49,47,46,46,29,62,39,39,42,52,38,26,73,44,40,23,52,45,37,61,27,34,18,40,23,34,27,16,17,18,24,22,12,24,25,22,24,20,13,21,46,31,26,38,36,17,16,33,31,42,35,36,68,23,40,61,42,54,44,40,43,61,56,102,194,272,125,129,384,9
"16",4825401,"MICHOACAN",0,0,0,2,0,1,0,0,1,3,2,0,0,2,3,1,1,1,0,1,3,1,3,4,5,0,0,1,4,1,0,1,0,1,2,2,0,2,1,0,1,1,1,5,4,1,0,1,3,4,1,6,0,0,0,5,2,5,3,6,0,0,0,2,5,2,0,0,0,3,4,0,4,4,2,0,1,4,4,4,2,1,0,7,4,6,19,22,1,5,29,33,21,17,23,6,1,24,23,10,5,2,6,9,15,23,18,10,15,5,4,14,9,18,13,1,2,4,6,2,9,0,2,2,2,1,2,9,3,2,3,6,5,17,9,5,4,1,2,7,3,0,5,4,1,2,6,2,2,5,3,0,0,5,7,8,5,3,3,0,7,6,7,6,17,17,4,4,6,7,1,10,4,2,6,6,6,7,12,2,1,4,10,2,3,6,4,2,1,6,11,6,9,3,6,5,12,12,6,9,5,4,12,16,8,4,6,4,4,7,7,14,6,8,1,1,10,4,9,8,13,4,3,7,5,5,3,19,0,2,10,3,9,11,4,3,3,5,6,13,11,4,3,3,3,10,10,3,13,5,4,5,5,3,6,6,2,0,7,4,3,14,9,3,3,12,12,7,12,11,2,8,8,11,10,10,6,8,4,6,5,12,13,5,4,2,7,14,13,8,9,5,2,13,7,8,16,5,4,7,2,8,6,9,10,5,4,4,9,14,11,17,8,4,10,17,8,9,9,5,6,8,22,12,14,9,2,6,13,5,9,17,7,3,6,13,8,5,3,10,0,3,22,13,18,5,7,2,4,17,12,20,11,6,1,4,16,10,8,9,2,3,1,21,15,12,17,3,4,3,7,14,5,22,21,4,6,19,37,33,20,10,6,8,19,18,10,16,29,6,7,13,12,11,18,8,7,2,8,1,6,6,5,7,0,9,4,2,6,1,1,5,5,1,8,9,11,4,4,3,6,4,2,2,0,0,4,2,6,3,5,1,3,3,4,1,3,2,2,1,2,3,1,3,1,1,6,3,2,3,3,1,6,1,4,4,1,0,2,3,2,0,2,1,2,1,3,1,4,2,13,2,3,2,2,5,3,10,5,0,2,0,4,1,0,1,1,3,3,3,6,3,6,2,0,2,1,3,5,3,4,2,0,1,2,0,2,1,0,3,3,2,2,1,4,0,2,0,1,2,0,0,2,0,2,2,2,3,1,1,2,1,0,0,2,0,1,1,1,0,2,3,2,0,0,1,2,0,2,6,0,0,3,4,5,6,6,0,6,3,47,7,69,40,20,26,52,1
"17",2044058,"MORELOS",0,0,1,5,1,1,0,0,4,2,3,0,0,6,8,11,6,7,1,0,2,10,7,2,10,1,2,5,9,9,11,3,0,0,0,12,6,11,6,0,0,11,9,2,4,5,1,3,6,8,13,3,5,2,0,8,8,4,5,3,0,0,3,3,2,6,8,1,0,11,8,4,8,5,0,0,1,9,9,5,9,2,0,0,6,12,19,20,4,3,30,19,20,16,15,7,5,14,12,16,5,8,6,5,8,19,23,13,14,4,21,16,18,20,17,27,7,14,34,24,30,17,21,5,12,17,44,20,18,24,6,7,28,21,18,17,15,13,11,24,36,19,13,29,12,13,36,18,24,17,19,8,20,36,26,19,20,20,11,3,28,9,12,19,42,10,9,26,48,12,16,25,16,8,25,24,9,13,14,16,12,20,29,16,14,8,5,3,22,14,29,25,9,6,2,27,19,23,24,21,6,5,13,19,8,24,14,3,4,13,26,13,15,19,4,5,8,11,5,28,46,3,2,17,22,22,26,10,4,3,19,16,25,20,30,1,3,22,25,30,23,28,1,0,20,24,17,20,15,2,4,26,25,17,29,23,2,2,22,5,4,17,21,0,0,13,17,9,8,6,0,0,17,14,5,6,5,1,3,6,7,3,13,9,4,2,14,7,7,9,3,3,1,3,8,35,26,9,1,3,12,11,10,12,4,1,3,11,10,10,8,5,6,2,24,24,5,6,8,5,6,10,12,10,18,7,1,3,21,8,32,18,14,1,5,21,13,15,5,12,1,3,14,15,11,20,10,5,2,35,34,25,10,4,4,3,29,26,10,14,2,2,6,12,6,12,9,3,3,11,11,25,20,23,10,14,7,19,26,18,18,15,8,7,27,22,21,13,13,31,7,47,74,56,60,31,15,5,5,252,275,58,32,7,5,108,33,64,37,16,5,1,14,12,24,23,17,11,14,34,7,18,17,11,2,2,11,10,14,13,20,2,5,17,19,17,16,11,9,13,23,25,19,16,16,17,26,36,22,16,17,13,9,13,5,22,12,5,1,1,7,8,5,1,3,0,2,2,1,4,6,8,6,2,3,8,5,5,4,4,1,5,4,5,3,6,3,3,3,7,4,11,9,3,2,2,5,4,4,3,5,1,1,4,5,3,4,3,1,1,5,4,0,4,3,1,0,5,7,3,7,0,1,1,0,9,6,4,2,0,1,4,5,3,2,3,0,2,1,1,1,1,4,1,1,4,2,6,1,1,0,0,5,19,6,6,16,0,0,4,4,5,10,4,2,8,20,0
"18",1288571,"NAYARIT",0,1,2,3,0,0,2,9,8,11,7,0,0,7,7,0,8,10,0,2,11,6,3,8,9,0,1,9,15,7,6,4,0,0,0,6,6,9,4,0,3,5,5,7,8,4,0,0,9,8,2,17,6,1,0,6,12,8,6,9,0,0,9,12,9,14,11,3,1,7,11,7,17,6,1,2,1,10,12,14,1,0,0,19,4,9,9,6,3,5,12,27,20,18,26,7,2,18,20,7,2,1,0,3,22,7,10,5,7,1,0,18,12,14,9,15,4,2,4,14,8,10,3,7,4,4,10,8,1,14,1,3,10,6,2,8,7,3,0,4,7,10,8,6,7,1,10,15,7,8,11,2,1,8,3,14,5,12,3,0,11,17,12,11,12,11,5,8,6,11,10,12,11,2,23,14,14,9,12,13,4,6,22,28,11,26,10,8,27,11,12,20,23,13,4,26,28,26,34,35,15,9,40,35,35,38,30,25,13,20,48,31,32,39,2,11,55,40,53,55,55,6,3,12,74,50,34,42,11,8,8,42,55,36,42,7,4,32,53,72,19,40,1,7,33,75,27,32,55,11,23,42,35,50,37,44,9,15,44,5,2,65,50,6,15,29,43,21,38,26,16,15,27,32,22,16,8,12,5,38,51,48,40,18,26,4,15,21,43,34,5,53,1,9,26,30,37,27,40,12,14,35,30,37,30,14,3,9,41,32,17,17,9,11,10,30,34,15,20,6,4,1,28,23,17,25,31,1,7,54,23,31,15,16,1,22,28,31,26,25,20,4,29,21,26,30,18,13,6,21,39,12,19,23,11,10,16,40,22,18,0,7,10,20,44,39,14,1,4,2,25,42,48,42,42,41,5,28,29,30,33,47,40,7,41,39,33,35,22,26,5,27,39,59,50,47,35,6,3,41,28,35,43,20,3,32,27,20,35,2,2,0,8,6,3,4,1,0,0,0,3,1,2,5,2,1,1,1,7,6,3,2,0,5,4,5,3,5,1,0,1,6,5,1,3,2,2,3,2,2,7,0,2,0,2,1,0,4,1,1,0,4,1,3,6,2,0,0,6,3,1,4,1,6,1,2,5,4,4,1,1,0,2,8,3,4,0,1,0,1,2,2,2,0,2,2,4,1,3,0,3,0,1,1,3,1,1,0,0,1,2,1,1,3,3,2,4,1,1,0,5,1,0,2,2,1,2,0,2,0,3,0,3,3,2,4,0,1,1,1,2,0,1,0,0,5,3,1,7,1,2,2,4,3,3,7,3,2,2,15,12,9,7,13,10,21,16,0
"19",5610153,"NUEVO LEON",0,2,9,33,6,11,39,38,66,31,53,2,18,59,61,102,67,54,2,13,51,40,41,32,27,2,6,49,41,44,47,31,2,5,13,54,56,32,35,0,8,55,54,35,28,19,0,4,46,40,73,50,20,0,7,31,38,43,44,17,2,5,55,52,48,46,37,0,2,31,45,42,29,35,1,2,11,35,42,56,41,11,12,44,49,73,108,93,10,18,220,208,147,120,80,29,58,72,52,60,45,145,34,40,89,74,46,41,44,44,44,68,52,21,27,26,11,17,24,17,14,16,8,2,6,10,27,8,5,7,2,4,6,6,10,11,11,10,4,13,7,5,7,5,3,2,15,15,7,7,19,6,5,8,14,9,13,9,12,6,11,12,11,10,19,14,14,42,25,24,16,19,11,12,27,23,15,10,17,11,14,30,39,50,38,31,17,20,54,46,37,43,33,22,16,64,67,65,46,51,13,7,75,64,59,61,59,16,8,36,70,74,56,54,8,9,119,125,103,107,77,13,20,152,97,121,109,109,23,18,115,138,81,94,62,29,20,61,91,101,97,67,26,24,64,116,87,117,90,14,6,87,89,78,75,67,9,15,72,42,19,84,48,19,16,79,81,71,81,71,6,9,105,95,73,46,51,6,8,58,52,65,66,62,6,4,76,75,92,53,67,12,14,115,80,61,62,36,7,9,83,65,63,52,48,6,6,65,67,49,71,50,8,9,58,51,66,42,32,2,9,6,72,90,54,40,5,4,50,41,45,46,42,2,6,47,26,41,30,28,7,11,40,39,33,31,33,8,4,31,43,31,20,28,7,7,41,31,22,18,4,9,10,30,30,30,19,1,8,4,68,52,44,34,57,7,14,56,39,43,33,39,16,6,54,38,33,41,56,5,8,25,39,43,40,45,6,3,4,58,27,46,24,4,5,35,48,39,31,26,6,1,15,20,23,31,20,1,6,20,25,23,18,17,0,4,23,24,26,13,11,3,1,18,16,11,15,17,10,5,7,13,15,19,11,1,4,19,17,15,13,21,7,16,15,17,15,8,1,3,2,12,8,6,10,8,4,4,7,15,2,9,16,5,5,9,5,8,8,8,2,4,10,5,5,3,11,2,11,13,7,8,13,5,4,2,4,5,4,10,7,2,15,7,6,7,11,11,4,11,7,15,11,6,13,2,6,16,15,7,10,12,4,2,6,1,8,5,6,3,4,7,3,4,4,2,2,2,3,5,4,5,25,5,10,15,15,14,8,9,9,7,13,14,5,23,12,10,1,19,14,16,20,38,15,59,384,13
"20",4143593,"OAXACA",0,0,0,1,0,1,2,0,1,1,2,1,1,3,4,5,2,0,0,1,1,4,6,1,3,2,0,2,1,3,6,3,0,1,0,4,2,1,1,0,1,2,2,1,2,2,2,2,4,5,3,1,3,0,1,3,2,5,4,4,0,0,2,1,3,2,1,0,0,1,4,4,4,2,2,3,3,2,8,13,7,2,3,2,2,7,15,9,2,1,11,7,13,11,11,2,2,7,6,5,7,9,3,5,6,14,14,20,18,0,11,13,18,37,15,15,4,4,19,15,11,10,7,2,5,14,9,6,4,12,4,6,14,16,10,10,15,8,8,12,20,20,17,7,14,7,26,13,14,17,19,9,6,12,12,10,19,13,5,10,15,8,17,10,9,12,16,16,17,20,22,13,16,12,16,16,12,12,11,17,6,25,58,13,19,16,18,7,27,28,20,20,35,18,19,28,30,23,31,19,19,11,37,36,38,13,13,9,6,20,15,9,21,12,5,0,32,26,9,23,19,3,2,17,17,17,10,14,15,1,12,15,11,12,10,3,7,7,7,15,12,4,5,9,8,10,9,17,7,2,4,9,10,5,7,1,3,2,6,6,4,15,5,6,5,13,7,9,17,8,6,0,12,7,7,12,13,5,3,12,10,17,11,18,5,8,8,10,8,16,10,8,3,9,8,30,15,7,3,9,13,7,10,7,5,5,7,5,10,6,8,7,8,3,5,9,11,11,5,3,3,4,11,8,7,10,2,2,17,4,4,5,8,1,3,10,6,6,5,9,4,0,13,5,8,11,9,4,4,8,12,11,12,4,6,5,16,14,12,2,5,4,4,10,22,9,3,4,5,10,28,17,14,13,17,51,4,84,80,65,71,4,6,12,13,8,18,21,16,6,7,15,16,14,18,9,2,12,7,8,12,1,4,1,4,12,5,7,11,12,1,4,6,4,2,9,4,8,4,19,6,6,2,3,1,2,5,3,8,3,4,8,2,0,8,1,5,7,1,3,7,0,2,8,4,1,0,0,5,3,1,5,2,1,8,6,5,2,1,3,0,4,5,4,4,1,2,1,2,0,2,7,2,2,0,2,0,1,4,4,4,3,4,4,5,3,4,1,0,6,3,3,4,8,2,4,13,7,9,14,10,12,18,23,14,23,18,17,6,3,4,4,8,10,19,2,0,4,7,3,5,5,2,2,5,12,0,5,0,0,1,3,4,2,1,2,3,3,5,10,18,28,6,3,12,51,24,18,26,24,6,5,16,11,17,17,15,6,8,14,23,18,22,28,28,29,37,0
"21",6604451,"PUEBLA",0,0,1,2,1,0,8,2,7,3,3,0,0,7,10,5,3,5,2,2,14,5,8,7,5,1,3,8,5,8,5,5,0,2,7,5,1,7,6,0,2,2,2,3,4,3,3,2,3,13,2,8,3,4,1,14,4,5,4,4,0,1,5,4,6,7,2,0,2,4,4,8,6,9,2,1,3,6,17,21,15,1,1,13,15,17,20,21,2,1,38,23,24,25,28,8,4,18,22,18,16,12,24,7,29,47,32,20,22,15,15,35,20,22,30,22,9,12,41,29,21,29,15,17,5,21,12,23,34,17,8,8,11,16,15,17,28,8,8,15,27,25,22,35,9,7,35,20,42,21,30,24,14,26,17,30,37,34,15,12,39,42,40,50,43,14,15,46,37,45,33,61,28,19,56,59,66,59,61,16,19,75,48,59,66,27,25,17,71,57,58,57,68,14,18,64,49,66,58,59,18,20,69,74,61,65,66,19,19,70,57,60,75,70,26,21,60,58,55,49,51,16,13,75,39,53,44,33,9,8,38,32,34,35,37,20,9,36,50,45,37,38,29,13,57,51,49,38,35,16,7,53,32,45,40,36,7,4,39,25,9,54,22,12,3,41,28,28,28,24,25,11,42,36,45,25,33,10,16,15,28,31,27,31,15,7,25,21,19,33,36,21,8,30,21,44,37,25,12,5,32,25,24,30,32,17,10,25,52,56,24,15,4,8,34,30,28,19,32,4,5,6,20,23,12,18,10,2,26,16,26,23,46,12,6,15,15,18,28,21,16,4,35,16,27,14,21,14,7,36,26,40,35,32,6,11,52,53,37,21,6,12,10,61,57,40,19,10,9,9,42,38,63,48,43,16,19,37,32,37,37,42,27,26,77,46,42,56,56,40,16,51,48,49,47,35,17,12,26,36,30,31,35,15,8,63,27,23,26,23,5,14,44,30,32,53,37,13,9,33,28,31,17,24,6,9,51,23,14,20,30,15,6,22,29,30,14,14,5,6,12,16,17,37,28,15,17,41,27,38,22,22,8,4,31,19,15,15,7,7,3,41,29,23,21,15,13,5,28,15,17,14,16,8,8,27,18,15,24,16,9,10,17,16,15,19,9,6,4,7,13,14,10,13,9,6,14,16,15,27,12,7,1,28,18,19,14,25,8,5,21,27,29,25,12,6,4,23,25,21,16,19,7,4,23,22,13,18,10,2,5,14,8,16,17,6,7,4,20,18,22,14,18,3,6,15,19,16,19,8,6,5,40,32,37,23,26,12,9,31,43,60,40,64,31,41,222,3
"22",2279637,"QUERETARO",0,0,1,0,0,3,5,3,6,6,7,4,2,11,9,9,15,16,5,1,17,13,18,7,23,0,2,17,20,7,16,16,0,0,1,26,12,5,17,5,5,10,12,21,11,9,5,5,12,14,10,10,9,2,1,18,11,12,10,16,4,6,20,13,23,18,10,2,3,6,19,16,13,16,1,1,1,16,11,15,18,8,5,29,17,18,33,59,8,14,37,46,33,47,61,11,13,38,24,13,9,15,5,10,35,26,19,24,19,10,7,22,8,7,13,14,7,5,9,7,8,12,5,2,13,11,2,5,7,9,8,3,8,7,10,3,7,10,4,11,9,7,2,10,6,0,6,7,9,12,7,5,5,7,8,4,11,7,4,1,13,12,9,6,10,2,1,13,9,10,10,10,5,3,4,5,8,11,6,3,0,7,7,6,9,4,4,0,5,5,4,14,18,1,1,11,5,10,7,1,1,0,10,7,21,6,6,0,3,12,10,13,6,10,2,0,11,15,14,8,6,0,1,15,11,4,4,7,7,0,5,8,8,5,5,13,7,9,16,24,8,6,13,8,6,10,5,7,12,1,1,19,18,17,7,5,1,0,11,0,0,10,8,0,0,5,11,9,1,3,0,2,12,5,8,8,1,2,1,7,8,5,6,2,2,1,12,5,5,2,5,2,1,9,7,5,6,4,2,0,17,5,6,5,5,3,7,6,8,11,8,12,5,7,7,14,23,13,10,2,4,2,8,13,17,8,3,4,12,19,15,14,9,2,2,10,17,13,11,28,8,0,35,15,9,17,31,6,11,35,16,12,18,15,11,5,11,7,14,11,0,2,5,7,21,24,21,6,2,4,22,11,14,14,7,4,8,19,12,6,31,18,7,13,16,17,21,22,15,6,1,20,72,33,45,18,19,3,36,53,21,14,32,5,2,9,9,21,24,4,15,3,16,17,27,30,12,15,4,23,13,9,15,20,8,7,6,17,9,8,9,7,2,4,3,5,11,8,3,6,3,9,4,8,10,4,2,8,6,3,6,6,2,2,3,2,4,3,0,3,4,2,3,2,1,4,4,3,1,0,1,5,3,0,0,4,1,0,4,1,2,1,1,4,0,3,5,0,1,9,5,1,1,2,0,0,1,1,1,2,1,2,0,1,1,0,3,0,0,0,1,3,3,1,2,1,0,2,0,0,1,1,0,0,2,1,2,0,0,0,2,0,0,1,0,0,0,0,0,1,1,0,0,0,0,1,1,0,2,0,0,6,4,4,7,4,5,3,0,24,4,11,13,16,8,13,193,2
"23",1723259,"QUINTANA ROO",0,0,1,2,0,0,1,4,4,3,2,1,2,5,3,5,2,2,1,3,2,0,2,2,2,0,1,2,0,6,2,2,0,1,2,2,2,1,0,0,1,2,2,1,2,2,1,2,2,4,5,1,2,2,0,2,3,2,2,0,0,0,3,1,1,3,4,0,1,3,1,3,3,2,1,1,4,10,6,3,6,2,3,9,6,17,20,33,22,11,38,53,61,45,35,28,28,83,49,45,31,37,33,27,50,38,44,35,52,35,20,89,74,29,57,81,41,37,49,34,22,14,13,10,8,20,14,11,9,11,5,6,9,10,4,2,9,3,3,9,8,11,6,7,3,1,6,4,2,3,9,1,0,11,1,5,2,4,5,1,10,4,11,9,8,6,4,10,13,6,11,8,10,4,8,18,16,17,20,5,6,21,29,43,18,26,16,23,34,31,25,21,22,14,33,24,33,32,29,31,15,9,22,18,25,15,27,10,11,34,23,13,29,22,12,4,51,19,21,9,14,10,10,25,22,19,18,14,13,6,14,18,9,7,8,5,8,14,16,15,9,11,7,9,14,14,13,11,5,2,8,11,10,18,9,18,9,19,6,8,7,17,8,6,5,17,9,28,10,5,4,7,15,9,7,3,4,2,4,16,10,11,7,4,1,1,14,5,10,9,9,4,5,10,5,4,12,7,4,2,7,5,9,11,3,1,3,4,7,16,8,3,2,3,16,8,11,7,7,3,6,1,7,5,6,11,7,4,5,7,7,11,5,1,5,7,2,15,6,8,3,2,11,5,5,9,7,2,0,11,9,9,12,10,4,3,5,9,15,5,5,13,3,11,16,10,9,2,8,4,24,18,18,13,15,2,3,12,3,10,9,17,3,2,10,12,17,14,2,4,4,17,10,6,16,6,3,6,4,12,12,11,12,5,1,11,16,3,11,4,2,4,3,3,7,9,5,3,3,7,6,7,6,2,4,1,12,5,2,3,3,0,4,5,4,3,2,8,0,1,5,7,6,9,3,3,3,4,4,4,4,2,1,2,9,3,3,2,2,1,2,8,6,10,4,4,0,4,3,10,4,2,5,0,5,3,4,14,13,3,2,4,6,2,12,3,5,4,7,3,4,7,4,4,1,4,10,9,5,5,5,5,2,8,13,8,11,6,5,9,9,8,5,15,6,7,4,6,11,10,18,10,5,9,17,20,14,16,9,8,4,25,8,12,14,11,1,2,23,29,16,9,16,6,5,26,15,19,10,28,1,6,9,21,15,11,14,10,3,17,16,20,35,55,46,26,76,0
"24",2866142,"SAN LUIS POTOSI",0,0,0,1,1,2,1,4,2,6,6,0,0,6,20,16,2,6,0,0,10,8,16,13,16,5,2,15,23,17,13,12,0,1,7,24,19,12,29,0,4,22,17,28,11,13,4,5,21,17,14,19,14,4,7,24,24,16,12,18,1,5,11,15,3,13,9,3,1,7,14,9,8,6,2,1,2,14,17,2,9,2,3,6,2,4,13,17,1,1,24,25,15,28,18,4,10,9,14,11,8,9,11,7,11,1,5,12,5,2,4,9,5,6,4,3,0,0,4,6,3,7,0,1,3,4,2,3,2,2,1,2,5,2,1,3,3,1,0,1,3,4,1,5,0,1,3,7,7,3,1,1,0,2,5,4,2,7,1,1,3,9,2,7,5,1,4,6,6,5,15,20,8,7,10,3,6,7,9,6,3,8,17,19,17,13,5,6,14,29,10,8,12,10,1,14,9,24,17,15,13,12,29,43,23,17,27,10,4,17,23,43,33,34,10,15,21,53,23,17,19,5,2,17,22,12,15,12,14,3,24,19,12,15,13,4,0,6,30,16,18,20,5,8,38,27,12,20,20,4,0,20,15,11,14,13,2,2,19,7,3,28,28,3,1,15,15,18,20,37,28,3,14,23,21,29,21,6,2,25,18,16,8,23,6,1,20,11,10,14,17,0,2,6,12,9,9,17,7,5,8,17,10,11,11,5,2,13,15,7,8,7,6,3,14,20,17,11,28,11,9,3,29,9,11,8,2,4,17,28,14,33,9,4,4,7,6,9,11,7,1,14,6,14,11,13,6,3,1,8,11,7,3,12,4,3,4,15,7,6,1,2,1,10,17,13,23,3,5,2,9,10,31,23,11,6,3,15,19,13,21,16,6,6,13,5,9,13,11,2,6,19,16,13,10,9,4,3,12,12,6,4,4,2,1,2,4,3,4,4,1,2,1,3,4,3,2,2,1,2,1,4,6,3,4,3,3,2,6,3,1,4,0,2,6,1,2,1,5,0,4,4,0,0,6,3,0,1,3,6,2,5,2,2,3,1,3,2,5,1,2,6,1,4,4,5,1,0,1,2,3,5,8,2,0,6,3,1,2,1,2,0,3,5,3,5,8,0,1,5,4,3,7,4,0,0,2,0,1,11,4,0,0,0,4,2,0,3,0,0,0,1,2,3,2,1,0,1,1,1,3,0,3,0,0,1,2,6,0,1,2,2,0,0,1,0,0,1,0,0,1,2,0,0,0,3,0,3,5,1,1,0,1,5,3,8,4,1,1,4,17,23,29,39,29,16,61,0
"25",3156674,"SINALOA",0,0,0,1,1,0,3,4,2,4,4,0,1,3,2,3,6,1,0,0,3,8,6,4,7,0,3,15,10,9,19,6,0,2,3,18,9,12,7,1,0,13,8,4,9,2,1,0,7,13,10,4,8,0,0,11,6,3,10,10,0,0,13,6,4,3,9,0,0,4,7,4,5,2,0,0,1,7,7,6,9,2,3,6,15,29,53,81,9,6,62,71,63,43,57,23,10,80,70,78,37,36,21,14,75,49,80,69,62,35,39,83,35,34,32,41,44,27,55,48,46,23,15,20,4,27,21,25,11,10,7,1,18,16,19,19,13,11,7,16,12,17,18,16,14,11,26,25,17,32,25,14,17,41,17,25,35,36,30,25,41,38,37,27,35,9,32,37,20,31,44,38,19,9,44,22,24,33,36,32,18,31,17,28,46,41,29,15,29,46,44,57,46,33,15,54,47,54,42,38,15,17,32,29,32,57,38,11,9,34,21,44,39,26,11,11,21,25,19,33,26,14,14,17,26,15,16,27,8,14,27,38,33,21,14,24,32,17,23,34,28,20,34,13,10,15,11,21,22,18,22,26,22,19,21,14,23,1,23,16,4,14,20,14,21,16,8,16,14,9,14,8,18,21,20,13,12,21,7,11,15,15,15,15,20,8,16,23,9,17,18,9,8,14,16,19,17,17,7,9,13,10,11,17,19,23,12,17,13,22,15,11,16,6,10,17,10,10,10,9,4,2,16,11,14,11,11,11,10,8,16,11,7,2,8,6,18,15,12,8,6,6,6,7,12,12,15,5,3,8,9,9,11,12,7,5,8,12,18,8,0,6,7,12,9,6,7,3,9,8,7,14,12,13,35,21,9,15,19,9,13,9,12,17,18,13,12,14,18,10,8,16,16,8,10,13,11,7,13,13,8,17,10,7,3,17,16,10,13,8,3,1,8,13,9,5,3,2,2,4,8,8,4,10,5,6,2,3,6,9,2,3,2,5,5,4,8,6,6,1,3,3,1,0,5,1,2,6,2,4,7,3,6,5,8,2,6,0,6,8,4,0,3,3,1,5,1,1,5,3,7,3,5,2,3,4,3,3,4,3,0,2,1,4,5,2,3,0,3,2,1,1,1,2,1,3,1,3,0,2,1,0,2,2,3,2,1,3,6,0,3,4,5,4,2,17,2,4,3,2,1,2,3,2,4,5,4,3,2,1,3,5,3,7,6,7,5,3,9,3,2,7,10,6,6,10,6,10,9,5,19,8,24,16,11,18,15,31,23,23,32,39,41,84,59,68,88,0
"26",3074745,"SONORA",0,1,1,1,0,4,3,2,0,1,3,1,1,1,3,1,1,1,1,3,5,3,6,3,5,9,3,10,9,6,1,3,5,2,7,9,5,7,2,4,9,6,4,3,4,4,16,6,9,7,8,10,8,14,8,18,11,9,11,9,11,8,9,12,12,8,5,5,10,3,4,8,5,5,3,6,9,12,3,7,5,0,3,18,10,27,31,23,4,3,26,33,25,31,36,9,5,35,23,35,12,22,13,9,42,29,25,26,32,10,15,23,27,22,19,15,6,4,19,14,12,11,6,13,8,12,8,15,15,14,3,5,18,16,16,17,11,3,13,29,26,46,66,63,22,13,61,64,43,28,52,12,17,39,23,15,30,21,17,12,28,29,20,27,39,19,18,27,31,33,24,19,17,15,72,21,29,20,27,18,7,18,33,33,31,45,21,21,51,47,62,71,80,17,9,32,48,49,43,73,39,27,114,72,70,62,42,11,8,41,34,31,8,18,7,6,18,15,18,20,28,7,4,28,10,20,8,13,9,5,24,16,19,13,33,16,4,20,13,9,11,15,12,6,9,11,6,12,14,6,11,12,10,9,7,8,4,2,8,13,5,9,1,1,2,13,4,16,11,3,2,2,8,7,15,4,10,2,3,7,6,5,4,1,5,2,17,6,8,10,12,0,1,11,7,16,7,20,12,3,12,13,16,19,17,7,4,54,18,62,60,69,5,3,56,54,16,9,18,4,2,13,37,32,36,29,5,2,47,23,15,24,10,5,0,19,20,6,14,18,10,7,40,38,18,15,29,10,3,22,12,13,13,24,5,8,21,27,20,13,7,26,14,25,17,26,20,5,9,6,21,15,13,15,16,7,9,24,20,6,7,4,7,3,6,8,8,6,8,4,6,12,6,5,7,13,1,4,2,6,4,2,3,0,6,6,2,5,4,4,2,1,0,0,2,2,1,1,0,5,2,5,4,1,0,1,4,2,2,0,0,1,2,6,5,3,3,5,1,2,3,1,3,3,3,2,1,17,6,2,3,2,0,1,4,3,2,2,2,2,5,3,2,2,2,1,3,0,2,3,1,3,1,1,0,2,3,7,1,2,1,0,4,1,0,3,2,2,0,4,5,1,0,0,0,0,3,6,0,3,3,1,0,6,1,0,2,1,0,2,2,3,1,2,1,0,0,0,3,2,0,2,0,0,4,4,6,5,3,1,0,7,2,2,2,3,1,4,2,2,6,5,4,3,0,5,9,5,5,9,3,3,1,7,4,10,8,4,3,4,10,10,107,128,41,35,274,0
"27",2572287,"TABASCO",0,0,0,0,0,1,3,0,2,1,0,0,0,1,2,2,5,3,0,0,2,3,2,0,3,0,0,2,1,1,2,0,0,1,1,1,2,0,0,0,0,1,2,1,0,1,0,0,0,0,0,0,0,0,0,2,1,2,0,2,0,1,1,0,2,3,1,0,0,0,1,0,1,0,0,0,0,1,0,2,9,3,1,3,3,19,30,52,17,21,51,49,51,34,43,21,20,28,44,39,15,21,8,12,41,36,46,38,44,22,32,62,44,47,41,27,27,23,55,43,53,25,26,14,21,30,25,27,14,11,18,24,27,28,27,41,30,24,8,21,31,34,34,28,25,24,29,51,34,27,44,18,24,21,34,27,34,24,35,13,43,30,40,25,31,20,14,34,57,32,34,41,45,15,49,38,52,41,56,50,13,49,53,43,60,51,34,42,69,68,71,54,44,29,33,62,44,63,34,47,26,15,55,46,43,31,43,25,10,45,38,52,23,32,15,13,51,21,43,22,19,19,8,38,20,20,14,21,6,8,36,20,20,20,15,6,7,35,14,19,15,27,9,14,14,16,19,21,19,15,12,16,16,11,9,8,14,15,15,10,5,10,8,4,15,10,15,18,8,10,7,10,20,10,13,15,14,3,10,11,17,11,8,24,11,13,21,10,14,5,17,6,9,12,19,16,9,8,1,6,9,11,6,27,5,11,1,3,16,9,4,8,5,3,3,5,6,7,9,3,6,5,11,6,8,7,6,12,11,11,6,5,7,4,8,17,11,11,13,30,10,2,6,23,16,21,26,13,11,24,23,24,21,14,10,17,25,28,29,22,3,11,10,13,29,19,18,1,15,11,16,14,23,10,9,6,4,15,18,7,9,21,8,6,15,16,18,15,21,12,5,13,21,7,14,7,11,30,9,18,15,16,6,4,3,16,7,18,8,8,5,5,6,14,9,11,3,5,4,8,7,6,6,4,3,4,9,10,2,2,6,3,3,10,2,7,6,6,4,2,0,2,2,11,8,4,4,6,7,5,5,9,4,3,11,5,6,1,1,5,5,10,6,4,8,8,3,5,11,10,12,6,3,4,5,16,6,8,5,6,5,1,7,5,10,13,6,1,0,10,6,3,3,2,4,1,3,5,4,5,1,1,1,13,14,11,6,7,2,6,6,1,5,5,10,6,1,4,7,4,8,3,4,2,7,13,10,8,15,8,6,12,10,16,15,13,14,5,18,22,26,14,11,10,6,13,12,5,12,7,6,3,14,11,15,11,17,8,6,13,6,7,12,64,19,29,953,5
"28",3650602,"TAMAULIPAS",0,0,2,1,1,0,3,3,2,3,3,1,2,3,0,4,0,4,2,1,3,6,3,1,0,0,1,2,3,0,3,1,0,2,0,0,5,1,1,0,1,0,2,2,3,0,0,0,1,1,0,1,3,0,1,2,4,1,1,2,0,0,1,1,2,1,3,0,0,2,0,1,0,3,1,0,1,4,5,4,4,0,0,8,6,12,37,15,5,10,23,18,28,14,30,11,10,22,15,16,10,7,5,8,26,15,19,15,15,9,9,20,8,13,10,5,2,2,12,10,15,4,3,6,8,9,6,11,5,3,2,0,5,9,4,8,10,3,1,9,6,9,11,11,4,8,7,6,8,4,8,3,1,9,12,11,6,7,6,4,23,15,23,4,22,12,5,56,21,20,31,25,22,7,20,14,16,21,14,6,14,16,22,12,19,15,16,6,23,18,26,10,21,8,9,27,26,34,26,32,17,33,66,105,119,114,89,98,22,138,66,108,74,108,52,18,53,44,42,48,45,15,9,38,33,36,29,54,66,33,52,106,88,73,122,55,31,67,100,61,39,78,47,4,23,19,11,11,6,11,6,19,14,16,17,15,7,5,14,13,10,12,16,9,5,19,22,22,20,7,6,5,22,17,21,14,11,5,6,20,10,15,9,20,4,3,20,13,24,18,19,2,4,15,13,14,15,9,5,5,24,13,16,14,11,6,3,11,8,16,10,10,4,5,18,16,12,14,7,6,4,8,20,9,17,12,8,3,19,22,8,10,13,3,4,13,15,9,9,7,7,5,18,17,16,11,16,4,7,17,15,14,10,21,12,8,29,21,20,9,5,11,16,9,11,20,8,8,16,2,10,12,13,5,23,1,2,21,19,12,14,7,3,3,9,7,10,17,15,14,4,20,13,25,13,15,5,13,10,15,27,14,13,3,4,6,13,16,11,8,3,1,4,5,6,4,5,3,4,6,4,7,8,5,6,5,8,6,5,6,3,5,2,2,7,10,3,6,5,2,2,8,3,4,5,1,1,10,7,6,9,12,3,3,12,9,12,2,4,1,2,8,6,10,9,3,3,3,5,6,9,5,7,4,0,9,6,6,5,8,4,3,11,8,6,2,8,1,4,9,8,3,4,7,4,2,6,5,9,4,13,5,4,8,7,5,7,6,1,3,5,8,6,8,7,5,3,8,8,6,4,10,3,5,6,9,7,12,13,6,4,7,20,9,6,20,12,2,11,17,7,14,18,4,15,22,22,10,9,17,6,8,15,15,16,13,18,8,8,25,25,17,25,58,30,55,178,1
"29",1380011,"TLAXCALA",0,1,3,0,4,3,5,6,6,4,6,1,8,5,6,2,8,9,1,1,12,5,9,11,5,1,5,5,3,5,4,3,0,0,10,5,6,5,4,0,1,2,2,11,4,2,2,0,6,1,2,2,1,1,6,6,3,1,3,3,0,5,7,5,2,1,0,1,3,6,0,1,2,3,1,3,1,2,3,7,3,1,0,2,0,4,4,3,5,4,12,14,18,4,4,1,2,9,1,5,5,1,3,3,2,3,3,3,3,4,0,5,8,4,4,2,1,3,7,4,6,1,0,1,2,5,0,2,0,0,1,0,1,2,4,2,4,2,0,2,2,2,9,2,1,1,7,5,2,1,11,2,1,2,2,7,9,1,3,2,6,3,4,5,9,4,6,15,12,8,11,9,3,1,9,14,4,9,9,2,4,3,4,4,5,14,2,1,15,9,8,12,16,2,1,4,5,5,11,17,4,1,21,3,14,4,9,5,0,8,4,7,6,8,4,2,7,5,6,5,6,1,4,8,9,6,7,18,0,3,14,5,2,5,5,1,2,5,4,10,6,5,2,0,2,4,3,4,4,1,0,9,5,3,4,4,2,2,5,2,0,5,8,0,1,4,3,7,2,8,0,0,2,2,5,2,1,0,2,4,4,8,4,4,2,0,3,5,1,3,2,1,2,3,3,4,5,3,4,0,4,7,1,7,2,5,0,3,4,7,3,0,1,0,1,6,3,1,0,1,2,0,4,4,2,7,11,2,4,3,4,14,6,4,1,9,6,16,6,6,5,0,4,5,4,6,18,1,3,1,1,13,8,7,1,2,8,15,5,7,5,8,9,12,25,10,20,5,2,6,15,14,21,8,15,5,4,9,6,13,15,9,11,3,13,15,11,15,7,10,5,23,10,4,8,16,7,3,4,18,7,4,4,2,5,6,6,10,6,5,2,2,7,3,3,8,5,2,3,3,6,4,2,1,0,0,2,2,4,4,1,3,2,0,5,11,6,8,2,1,9,2,6,2,4,4,1,12,10,11,11,12,9,9,1,7,8,10,1,2,1,11,1,3,9,8,14,3,7,14,29,16,20,7,2,2,1,3,0,4,3,0,1,3,0,1,0,3,0,11,6,4,1,4,1,3,1,2,1,3,0,5,0,2,0,5,2,7,2,7,6,8,3,2,1,1,1,1,1,1,2,3,0,0,1,2,1,2,10,19,1,2,1,0,0,1,0,0,2,0,0,0,1,1,1,0,1,1,1,0,1,0,0,0,0,1,2,2,1,2,0,2,3,10,3,4,52,1
"30",8539862,"VERACRUZ",0,0,1,4,1,1,1,2,10,4,5,1,1,6,6,11,9,6,0,1,12,10,11,5,7,1,2,11,7,12,8,7,0,1,0,8,18,10,9,2,2,14,13,10,11,13,1,1,17,13,17,9,15,1,0,9,12,13,15,6,2,5,17,19,29,16,8,4,1,13,9,16,8,10,0,1,7,19,25,25,18,1,4,32,21,41,68,61,23,13,79,55,68,52,55,13,6,37,34,33,35,22,15,10,38,42,38,43,48,23,12,44,37,45,25,32,24,13,20,20,40,21,24,28,25,32,37,28,47,26,33,8,35,28,51,42,55,30,21,52,25,41,29,41,27,17,50,29,53,36,27,24,13,28,36,32,32,38,23,17,49,47,52,30,41,14,13,34,42,43,37,42,33,27,48,44,46,54,70,28,22,48,52,32,67,58,18,23,90,75,45,62,46,23,16,84,65,91,55,58,29,22,53,65,50,66,70,30,17,50,60,30,64,66,25,14,40,53,68,27,38,18,18,39,37,44,24,38,4,13,40,47,28,41,29,11,5,31,33,27,19,35,14,10,28,34,29,33,23,11,7,31,39,30,30,26,12,7,25,7,8,28,29,5,8,51,18,14,41,26,1,5,22,14,8,28,12,4,11,31,22,30,29,31,5,7,28,21,16,11,17,2,3,27,29,21,24,8,3,7,12,9,9,11,5,4,5,12,6,12,10,13,6,2,9,28,20,22,26,4,7,6,32,14,11,14,4,8,19,14,5,12,20,5,1,22,12,13,19,13,2,5,33,20,33,30,11,5,5,20,13,20,26,13,9,3,43,24,30,22,7,5,4,40,18,31,31,9,11,4,38,28,34,24,21,14,17,40,16,30,27,19,16,9,30,34,41,34,28,19,12,39,53,36,20,18,16,9,10,29,26,26,14,10,8,29,20,19,26,21,7,11,19,14,20,14,6,2,6,9,15,11,16,6,6,6,17,13,8,14,13,4,4,12,17,14,10,7,1,1,9,11,5,4,4,3,4,10,7,13,7,2,3,4,5,2,14,1,2,5,4,9,8,5,5,1,3,2,7,4,10,4,3,5,4,5,8,6,4,2,5,3,4,3,4,3,5,3,2,1,7,2,4,7,6,4,6,3,3,3,3,3,4,7,2,10,10,6,4,0,8,6,11,3,5,3,1,4,3,2,7,6,2,4,14,8,5,5,4,3,7,5,3,13,4,6,5,5,5,8,14,14,12,9,7,13,11,17,15,16,7,6,19,36,15,25,16,17,4,29,51,56,126,173,99,111,158,3
"31",2259098,"YUCATAN",0,0,0,6,0,0,0,3,2,3,2,0,1,4,3,2,6,6,0,2,2,3,4,4,3,1,0,3,3,4,4,2,1,0,0,4,7,2,4,0,0,7,3,3,4,3,1,5,2,5,4,4,1,1,1,2,1,0,4,4,4,1,3,6,5,6,3,4,2,1,1,5,6,2,4,3,3,10,9,8,9,0,5,12,5,18,14,25,1,1,27,34,24,25,25,2,3,26,24,24,8,4,11,5,35,21,27,13,12,10,6,27,19,16,19,17,12,9,12,16,14,6,2,9,11,15,16,8,13,14,6,11,11,19,14,18,20,11,10,17,19,7,35,12,10,9,16,24,23,13,9,17,11,17,9,16,7,12,5,6,15,12,10,20,16,21,11,41,23,21,20,26,27,13,24,18,27,21,25,25,35,44,25,36,59,64,47,18,67,20,61,55,36,43,33,35,57,54,82,43,30,39,35,41,57,65,54,26,19,27,44,34,64,46,33,20,24,31,44,61,51,9,45,28,24,39,70,66,14,18,28,30,54,44,30,2,11,24,24,42,29,34,10,13,29,19,33,33,11,10,9,11,19,30,29,35,10,17,22,14,7,21,22,11,3,20,12,31,24,9,4,5,6,11,21,13,13,8,14,13,8,2,14,8,2,3,6,16,23,10,5,1,4,10,26,33,42,38,12,9,17,29,35,15,31,13,16,43,43,30,18,23,16,6,23,49,36,25,25,19,7,5,41,46,18,39,16,14,23,20,21,17,29,7,13,11,27,13,21,25,8,10,25,21,19,9,21,3,10,21,27,20,25,26,13,10,27,19,26,23,4,13,20,24,25,21,21,12,4,3,11,46,41,28,14,10,9,18,20,19,22,17,3,22,9,14,23,21,12,9,14,20,18,20,19,24,13,14,5,34,25,20,28,7,9,25,22,17,11,26,15,10,24,17,5,21,11,10,6,16,12,12,9,9,9,9,9,12,10,15,14,8,9,2,7,4,5,13,18,9,6,10,9,11,5,8,6,6,6,7,1,9,14,5,7,4,4,16,11,10,8,6,7,10,3,5,6,5,5,4,6,7,11,12,4,4,3,15,7,6,16,10,5,11,2,3,5,5,4,4,16,5,14,6,11,6,7,10,5,12,3,12,9,6,8,24,24,13,9,19,35,43,36,12,12,8,10,13,8,13,14,15,10,10,18,21,18,12,23,22,7,25,23,16,14,15,12,10,25,29,20,14,16,5,13,30,29,23,27,22,10,10,48,33,35,25,17,12,11,26,30,19,16,21,19,32,123,3
"32",1666426,"ZACATECAS",0,0,0,1,0,0,5,2,1,3,7,0,0,4,3,4,2,1,1,1,5,3,2,2,5,0,1,5,7,3,4,3,0,0,2,2,6,5,4,1,1,6,4,6,1,1,0,1,5,4,6,3,3,1,5,3,10,15,8,3,2,0,10,5,5,7,0,0,0,2,6,8,8,3,0,0,1,8,5,6,11,1,3,9,8,7,2,1,0,0,4,3,2,3,6,0,0,10,9,11,5,0,0,2,4,9,13,8,21,12,1,1,1,0,3,4,0,3,1,5,0,10,5,0,0,7,4,0,26,11,0,13,17,42,23,37,14,2,1,23,8,5,5,14,1,1,9,3,5,12,14,1,0,2,6,5,11,4,8,0,5,20,3,8,3,1,0,3,5,2,4,5,0,0,3,3,5,4,3,1,0,3,2,3,0,1,0,1,0,5,10,10,3,2,1,3,2,5,5,9,0,1,2,3,7,15,4,0,1,6,11,9,6,7,2,0,9,13,18,10,10,3,0,9,13,9,7,7,3,1,3,7,10,9,35,0,0,11,12,6,8,8,1,0,7,11,14,2,11,3,1,5,17,5,5,18,0,1,9,1,0,2,11,0,1,8,8,4,4,13,0,0,1,14,7,6,1,0,0,28,9,8,10,8,3,1,3,4,14,12,33,1,1,6,19,11,19,37,1,2,20,24,21,46,51,0,0,14,21,27,28,36,3,0,27,22,28,42,23,0,3,2,40,46,37,65,1,1,47,47,38,41,26,0,0,38,35,25,45,28,3,0,22,30,23,24,18,0,3,33,26,28,44,39,0,1,18,41,27,34,0,0,0,17,34,33,38,0,0,1,21,52,21,51,42,2,4,6,26,25,76,7,2,1,3,18,18,12,23,1,2,9,3,8,7,6,1,3,2,3,2,3,5,2,0,12,9,10,5,7,0,0,7,8,4,7,12,1,0,5,1,4,4,3,2,2,4,8,11,7,3,0,0,5,6,7,7,0,2,0,2,6,5,3,6,1,1,3,4,2,4,4,1,0,1,7,7,3,2,1,3,4,1,6,3,3,1,2,2,3,4,2,6,0,0,6,5,4,4,2,1,0,7,3,3,5,4,3,0,2,4,9,2,7,1,0,3,4,6,6,4,1,7,7,3,3,12,3,1,0,3,9,4,0,0,1,1,2,1,7,1,0,1,0,5,1,2,5,2,0,0,5,8,8,1,14,0,0,2,4,7,5,5,1,1,5,1,1,6,3,0,0,4,6,0,5,1,0,0,6,1,8,3,4,3,35,103,0
"000",127792286,"Nacional",0,12,57,123,35,57,160,177,211,184,194,48,78,241,278,337,313,307,55,78,339,300,315,284,301,62,79,361,361,311,339,232,28,45,106,407,346,304,274,34,87,340,310,283,260,202,74,83,333,315,309,308,279,60,93,331,325,316,265,255,65,88,383,359,364,339,265,58,71,258,320,319,300,291,72,90,179,483,474,454,389,139,155,487,464,793,1111,1402,419,458,1777,1855,1775,1520,1521,618,555,1530,1375,1338,760,897,662,543,1685,1376,1377,1387,1451,831,772,1725,1371,1351,1215,1347,759,703,1279,1248,1061,851,682,568,489,990,936,1126,1199,1058,624,521,1074,1066,900,913,1022,651,486,1076,921,1030,1001,1010,561,486,1162,1159,1063,964,1060,604,542,1173,1078,1161,1171,1063,674,530,1411,1301,1300,1219,1259,684,658,1537,1495,1346,1389,1334,887,543,1525,1407,1881,2339,2151,1435,1117,2409,2241,1911,1926,1832,859,744,1932,1886,1814,1764,1836,688,638,1661,1640,1784,1527,1434,711,576,1787,1614,1665,1641,1755,734,640,1519,1439,1555,1505,1607,560,370,1411,1428,1484,1471,1413,542,356,1403,1338,1455,1296,1354,609,413,1323,1413,1256,1193,1215,451,413,1128,1317,1341,1212,1188,574,352,1206,1352,1224,1201,1196,544,326,1271,1129,1175,1175,1095,396,284,1043,669,293,1218,1180,430,262,1218,1098,1103,1160,1000,479,264,1162,1259,1057,924,860,491,317,1025,1181,1104,1100,1020,518,274,1264,1182,1167,953,1045,485,310,1122,1264,1289,1163,1138,578,359,1421,1387,1422,1343,1261,569,282,915,1278,1357,1293,1198,529,284,1317,1504,1255,1605,1178,624,371,362,1812,1573,1342,1426,669,423,1337,1425,1414,1253,1221,670,348,1390,1336,1455,1358,1390,595,401,1438,1477,1527,1563,1467,617,375,1634,1652,1682,1638,1611,683,483,1737,1751,1589,942,309,651,468,1395,1552,1434,939,375,635,407,1430,1530,1393,1786,1645,886,513,1512,1987,1413,1339,1181,669,577,1663,1588,1486,1335,1264,1007,467,1456,2196,1560,1294,1179,590,481,528,1779,1266,927,1075,613,370,1207,1279,848,809,778,288,307,782,745,1027,736,642,314,274,740,618,632,526,496,237,228,623,681,540,918,590,404,180,453,456,429,465,853,277,200,299,501,759,504,430,334,237,693,523,429,572,413,271,200,439,392,755,290,190,191,170,410,352,439,357,318,234,189,458,346,627,345,446,312,143,388,331,343,310,325,262,189,359,349,438,324,333,164,167,324,390,356,341,257,163,128,308,305,306,385,288,196,166,379,372,342,360,343,180,178,443,372,355,286,382,185,148,309,430,277,238,295,172,164,409,369,254,254,263,194,139,330,316,341,256,269,173,213,407,465,389,414,436,212,209,523,458,485,450,421,320,194,605,628,599,629,563,383,294,822,896,1128,2349,3142,1586,1557,6688,65
